257.0
1122.5
1048.0
1269.5
1980.0
2646.5
1582.0
1506.5
1208.0
2015.5
138.0
2326.0
2012.0
2465.5
707.0
424.0
3086.5
2628.5
126.5
817.0
3752.0
2867.5
535.0
1022.5
3225.0
710.5
2213.5
1386.0
2396.5
2530.0
721.5
1638.0
804.5
640.5
2220.0
2045.5
776.5
4917.5
1420.5
138.0
2587.0
419.5
1471.5
679.0
5046.5
68.0
581.0
1948.5
2169.0
418.5
1420.0
1762.0
1583.5
2849.5
1985.5
1029.0
6698.5
1904.0
974.5
3057.5
1412.0
974.5
2865.0
2656.5
0
1528.0
3212.0
0
736.0
68.0
3322.5
68.0
3959.5
2901.5
438.5
771.0
825.0
837.0
1683.0
2017.0
3086.5
1878.0
896.5
2609.0
0
1554.5
2813.5
2629.5
183.5
3771.5
302.0
2894.0
419.5
3616.0
5089.0
5825.0
1615.0
1268.0
2630.0
1944.0
2728.0
4313.5
1490.5
1492.5
3454.0
1857.5
2366.0
5140.0
68.0
3326.5
4114.0
4653.0
3364.5
926.5
3515.0
4213.0
3067.5
3184.5
6296.0
5792.5
5137.0
3574.0
1961.5
68.0
2854.0
6452.0
6318.0
3003.5
3995.0
2506.5
3787.0
3455.5
5522.0
5633.0
6137.0
3938.0
2931.0
2827.0
2258.5
4831.0
6872.0
3793.5
0
3634.5
2966.5
4397.0
5433.0
6185.0
2069.0
6290.0
2322.0
1436.0
1738.5
2286.5
5826.0
1073.5
0
6645.0
3073.0
3948.0
289.0
6676.5
126.5
8481.0
737.5
3287.5
2444.5
5659.0
299.0
3896.0
1875.0
5213.5
7400.5
4722.5
1497.5
2080.0
6703.0
2244.5
1141.5
4530.0
719.0
5704.5
1219.5
3094.0
7026.5
3417.5
243.5
4941.0
853.0
6960.5
3556.0
2612.5
126.5
6159.5
8891.5
5545.5
5255.5
2915.5
4900.0
5238.0
7218.0
3534.5
1741.0
5253.5
6713.0
7452.0
3063.5
956.0
5227.0
2754.0
2268.0
9104.5
1150.5
5076.5
4352.5
10373.0
4425.0
2533.0
2892.5
5117.0
5788.0
9053.0
4977.0
5475.0
2076.0
1335.5
2912.0
2953.5
4013.0
3164.0
2694.5
6163.5
2166.0
1781.5
4699.0
3382.0
1387.5
3204.5
5221.5
2484.5
4686.5
719.0
2578.0
1084.5
3034.0
874.0
9945.0
0
2753.5
7015.0
1784.0
1529.0
7935.5
1705.0
7438.0
6264.5
1571.0
6393.5
3048.0
5588.5
6513.5
790.0
3492.5
1564.5
3964.5
7310.5
601.0
3869.0
3588.5
2123.5
3081.0
316.0
3399.0
126.5
2402.5
0
8180.5
5606.0
2236.5
5277.5
4671.5
8442.5
7171.5
6914.0
1538.5
7733.5
3356.0
6740.5
2962.5
6845.0
2578.0
7270.0
3641.0
7667.0
8288.5
1389.5
7715.5
2525.5
8323.0
2852.5
6142.0
7731.5
2397.0
9063.5
5687.0
3801.5
745.0
8786.5
3227.0
3079.5
5683.0
3128.5
6162.0
2953.0
3133.0
10073.5
3899.0
5708.0
5949.0
4526.5
1309.0
3412.5
9473.5
6807.0
6637.5
13239.5
5543.5
2863.5
424.0
1711.5
3030.5
2869.5
3690.5
5959.0
3461.5
5270.5
8371.0
6489.0
0
3145.5
2960.5
1942.0
1523.0
4112.0
3480.0
0
8565.0
7332.0
5726.5
1852.5
700.0
2170.5
7583.0
5392.5
5220.0
6572.5
8870.0
1081.0
558.0
7922.5
2316.5
7939.5
8267.5
254.5
7167.5
10727.5
1817.0
9097.0
4784.5
11006.5
4350.0
5740.5
68.0
3278.0
1621.5
7288.5
10656.0
9608.5
5696.5
3704.5
6034.5
6859.0
1507.0
1948.0
2848.5
126.5
1840.5
4145.0
6512.0
4866.5
6042.0
6509.5
8851.0
1018.5
2132.5
7709.0
9504.0
4203.5
3864.5
8564.5
6351.0
7236.0
7891.5
9791.5
8407.0
2984.0
1509.5
6557.5
365.5
2796.0
4933.5
5396.0
6881.0
4517.0
3685.0
7221.5
4236.5
3138.5
2590.5
4481.0
5773.5
8383.5
419.5
5126.5
6461.0
3500.0
7121.0
10557.5
6849.0
7201.5
2908.5
2635.5
2647.0
7697.0
3108.5
5314.0
4597.0
7194.5
5812.5
1265.5
9088.5
7522.5
6317.5
2630.5
901.5
3028.0
6253.0
6560.5
5331.0
2155.0
3080.5
7659.5
494.0
3352.5
4282.0
3188.5
7004.5
6444.0
2134.0
4417.0
6993.5
5307.0
3148.0
8259.0
5004.0
6756.0
5242.5
5838.0
3115.0
3623.0
3205.5
6124.0
6077.5
5596.0
5460.0
8075.5
8567.0
7753.0
359.0
8101.0
10486.0
4255.5
1136.0
2730.0
4819.0
10051.5
3557.0
4872.5
2067.5
68.0
5571.0
4057.0
6564.0
8989.0
6896.0
4573.5
9436.5
4340.0
5152.5
2881.0
6984.5
7348.5
775.5
6358.5
3593.0
3638.0
9762.0
3202.5
6631.0
7711.5
3514.5
5141.5
4223.0
10960.0
4755.0
3125.5
11943.0
4822.5
1019.5
2261.5
5173.5
1585.5
5861.5
1005.0
1513.0
2347.0
3325.0
10244.0
126.5
2862.5
1493.5
1148.5
0
243.5
1252.0
9032.5
5889.0
6730.5
3084.5
5483.5
285.5
3172.0
9152.5
2605.5
6695.0
428.5
3165.0
68.0
4099.5
598.0
5448.5
7501.5
4024.0
7512.0
5656.0
419.5
1329.5
5598.0
489.5
1815.0
6698.5
2414.5
2056.5
6399.5
7598.5
5616.5
10216.0
10129.0
2625.5
1793.5
4386.5
7658.5
1811.5
7846.5
243.5
3870.5
8598.0
4004.0
3590.5
0
316.0
11597.0
7346.5
6649.0
9560.0
4265.5
0
2809.0
7744.5
6181.0
1883.5
6560.0
12543.0
1833.5
7181.5
652.0
7206.5
7736.0
3198.0
2443.5
4233.0
8743.5
5163.5
3224.0
3196.0
6520.5
3923.0
5036.0
1725.0
1411.5
1885.0
8214.5
8718.5
0
10408.0
6099.5
5252.5
6166.5
1685.5
7075.5
4946.0
6372.0
8433.0
9814.5
8540.0
3668.0
2820.5
9730.5
3612.5
6500.5
471.0
6520.5
8113.5
5396.0
8972.0
10667.5
2307.0
7725.5
3849.5
9783.0
9482.0
932.5
4559.5
7251.0
3915.5
3763.0
8648.5
5579.5
7323.5
7943.5
7786.5
2656.0
2927.0
6899.0
10500.0
2014.0
6645.0
10396.0
4142.0
68.0
10434.5
4510.0
6937.0
4615.5
6156.5
2050.0
5798.0
4712.5
2108.0
4538.0
8783.0
4203.0
6258.0
3359.0
8913.0
6697.0
2091.5
4468.0
4596.5
6172.5
2837.0
1870.5
6710.5
6031.5
68.0
809.0
359.0
7089.0
3457.0
1018.5
6030.0
3734.0
7498.0
7009.5
5701.5
3437.0
5583.0
5870.0
5409.0
5016.5
6669.5
3502.5
2709.5
2187.5
3826.0
5988.5
1953.0
4704.0
2653.5
10047.0
1809.5
2740.0
8406.0
2590.0
3534.5
11449.0
7766.0
2279.5
3413.0
756.0
11508.0
6920.0
7233.0
1490.0
2191.5
6160.0
6239.5
3494.5
0
3409.5
3749.0
4716.0
8043.5
2250.0
5394.0
6241.0
7403.0
1729.0
6774.5
10103.0
9311.5
3623.5
478.0
68.0
9683.0
2850.0
3754.5
6697.5
7305.0
3199.5
7759.0
6873.5
5048.0
7067.5
8886.5
7493.0
2638.0
4580.5
3899.5
8272.0
965.0
7848.5
5549.0
4169.5
3462.0
8356.5
68.0
10566.0
7698.0
5226.5
8429.0
9625.5
7458.0
8828.5
68.0
3076.5
6901.0
2340.5
5195.5
3632.5
6100.5
8410.5
2905.5
7635.5
1126.5
3806.0
2200.5
5541.0
0
6444.5
4846.0
419.5
3700.0
3464.0
1407.0
2276.0
2852.5
1084.5
7531.0
4793.0
5574.5
4925.0
1949.5
6403.5
6691.5
1851.0
5439.0
10196.0
2820.0
5620.5
782.5
11167.0
5725.5
1617.5
6622.0
4733.0
7711.5
1534.5
5165.5
5926.0
3903.0
7098.5
6407.5
4917.0
7582.5
7935.0
3558.5
5979.5
1597.0
6420.0
8062.0
9612.0
5291.0
8263.0
2304.0
6466.0
9224.0
7542.5
4116.5
3378.0
10001.5
463.0
5972.5
0
6216.5
7775.5
5600.5
126.5
4327.5
1849.5
3332.0
4009.5
2219.0
3368.5
9342.5
11612.5
8012.5
2626.0
3945.0
3096.5
3354.0
6148.0
5318.5
7875.0
7115.0
2241.5
4241.0
1021.5
1334.5
6180.0
4055.5
5222.5
5263.5
7813.5
715.5
656.5
1755.5
6601.5
2853.5
2290.5
7328.0
1843.5
4862.5
5837.0
3069.0
4153.0
4365.5
9199.5
9742.0
7530.0
1278.5
12389.5
242.0
6606.0
2796.0
3819.0
6496.5
2792.5
9594.5
8733.5
3463.5
10351.0
4100.0
6997.5
535.0
5560.0
7572.0
7530.5
3659.0
3543.5
8617.5
10602.0
808.5
8306.0
11639.5
10073.0
2406.5
7815.0
6660.5
7676.0
6469.0
8026.5
3761.5
5776.0
10401.5
7361.0
7869.5
8218.0
6799.0
6249.0
8740.5
4486.0
7529.0
2045.5
2612.5
2117.0
1967.5
2885.0
1331.5
4011.5
3774.5
3088.5
10992.0
6257.0
3364.5
3259.5
7359.5
1791.5
775.5
7418.0
3928.0
6463.5
7164.5
1767.5
3013.0
11903.5
5318.0
10090.0
3566.0
6527.5
3834.0
5005.0
4580.0
9229.0
1596.0
6537.0
1842.5
253.0
5234.0
5665.0
6569.5
7835.5
4763.0
11479.0
6892.5
10065.5
7279.5
3882.5
5092.5
8271.0
6017.0
6379.5
7586.5
9853.0
419.5
4459.0
6532.5
6913.0
10042.0
9106.0
10269.5
10447.0
6484.5
10530.0
7768.5
8384.0
4504.0
1196.0
1194.0
9960.5
9123.5
3419.5
10808.0
6021.5
10814.5
7996.0
5400.0
10335.5
6289.5
11523.5
5280.0
7595.0
10079.0
4301.5
3890.5
3912.0
6390.5
8983.0
7836.5
4219.5
3528.0
7761.0
5788.5
4140.0
4580.0
12134.5
2076.5
3427.5
5485.0
4643.0
10054.5
9353.5
1861.0
2827.0
10626.5
5359.0
3180.5
4843.5
6611.5
10968.0
8791.5
4885.5
5272.5
10577.0
6108.0
4364.0
68.0
498.5
1306.0
7035.0
8360.0
8167.0
10301.0
6630.5
10125.5
6086.0
2483.0
3748.5
8402.0
4109.0
11967.0
3797.0
8715.0
10133.5
2159.0
2948.0
7322.5
7017.5
10640.5
7744.0
8046.5
10912.5
10099.5
11911.5
8170.0
438.5
11524.5
9442.0
7141.0
12908.0
419.5
7934.0
8569.0
4432.0
8823.0
3884.5
12647.0
9080.0
5643.0
7779.0
2653.5
7208.0
8382.0
11085.5
11279.5
2956.0
5375.0
8115.5
6020.0
8382.0
7176.0
8138.5
8985.5
8635.0
9263.5
4108.5
4266.0
10648.5
9616.5
5443.0
7983.0
2464.0
3890.0
8592.5
10538.0
4031.0
8907.0
8125.0
2047.0
1828.5
7771.5
1726.5
2447.0
3524.0
9466.5
7055.5
7039.0
2861.0
6840.0
3906.0
6576.5
9088.0
8033.0
8966.0
3184.0
3216.5
9993.5
6544.0
1234.0
2410.5
11418.0
6661.5
0
1913.5
10592.5
2417.0
14720.0
7254.5
5121.5
7452.0
7114.5
5323.5
752.5
3523.0
8452.0
10521.5
2360.5
7725.5
8965.5
1992.0
12026.5
9295.5
4957.5
3978.5
10314.5
3675.5
9135.0
7056.0
9762.0
614.0
10049.5
2009.5
1307.0
6222.5
8477.0
1108.0
8953.0
3876.5
9625.5
3565.0
4342.0
6163.0
10003.0
4984.0
10851.5
4360.0
8644.0
3715.0
3922.5
1706.0
3639.0
7688.0
5424.5
2252.0
4101.0
9571.5
8522.5
8160.0
9182.0
5133.0
10066.5
8480.5
4330.0
2689.0
1480.0
4562.0
5811.5
7189.0
9219.0
9779.0
2039.0
7689.0
4870.0
1078.0
3896.5
11182.0
5177.0
6010.5
0
3340.5
10871.5
9978.0
12414.0
6506.0
1717.0
12088.0
8203.0
6969.0
14266.0
11020.5
2625.0
128.0
11826.5
10540.5
10407.5
4976.0
5692.0
9678.0
8119.0
9981.0
10604.0
10956.0
8348.0
12079.0
6609.5
2251.5

11569.5
0
7621.5
10725.5
10165.5
5613.0
6096.5
10314.0
11952.5
9991.0
9054.0
7668.0
8098.5
11246.0
7105.0
8694.5
1540.5
2353.5
3841.0
6631.0
11629.0
10512.5
8648.0
8415.5
8872.5
10584.0
10334.5
5258.5
5606.0
10591.5
2165.0
4913.0
3716.0
554.0
8692.5
918.5
8870.0
2993.5
9630.5
7183.5
10133.0
10236.0
11539.0
7801.5
8620.5
10872.0
5002.5
8514.0
7720.0
10121.5
7925.0
13308.0
9949.0
4979.5
126.5
10747.0
8967.0
6043.0
6225.5
2185.0
1236.0
8863.5
8814.0
5583.0
9096.5
374.5
10977.0
4024.0
8706.5
6242.0
8118.0
10561.0
6978.5
2419.0
4439.0
6541.0
6058.0
1711.5
6802.5
8834.5
5103.0
4443.5
5397.5
3514.5
10054.0
7981.0
11481.5
9190.5
3318.0
12435.5
3213.0
10159.0
8495.0
7067.0
6902.5
10966.5
11185.0
7555.0
8980.5
3673.0
3821.0
9353.0
9455.5
7324.5
9931.0
11284.0
11914.5
7853.0
9616.5
10085.5
138.0
374.5
9292.0
11649.0
3646.0
3902.0
11463.5
9511.0
7336.0
10549.0
11370.5
10710.5
10352.5
13892.5
11155.0
2112.0
7919.5
7051.5
10733.5
8337.5
9488.0
4393.0
4594.0
7023.5
4723.0
7072.5
10270.5
2480.5
9794.0
4333.0
11263.0
6404.5
4567.5
10974.5
7902.5
932.5
2165.5
9513.0
8936.0
11180.5
12519.5
8429.5
6138.0
12130.0
10118.5
12658.5
4662.5
6525.5
8277.5
10826.0
11693.0
12037.5
10894.5
11301.5
8421.5
7083.0
1688.5
4640.5
7335.5
9085.0
12846.0
10579.5
10719.0
5585.0
11710.5
8206.0
5944.0
8129.0
11541.0
10578.5
8089.0
7218.0
7478.0
5875.0
2616.0
7726.0
3749.0
4500.5
10528.5
4685.0
6880.5
6951.5
4731.5
5346.5
3051.5
9204.5
8793.5
7773.0
10344.5
8476.5
8263.0
8131.5
9358.0
3610.0
9549.5
11850.0
4132.0
6647.0
4456.5
13247.0
7993.5
10430.5
10617.5
8195.0
5477.5
10947.0
10760.0
575.0
3534.0
4370.5
6923.0

10906.5
8928.0
11972.5
10759.0
1707.0
4985.0
9787.5
10497.5
12454.5
8126.0
7388.0
4555.5
10665.5
6733.5
8460.5
8674.5
9316.0
9258.5
13432.0
5771.0
9704.0
7812.5
11878.0
2386.0
7098.0
9573.0
6651.0
5750.5
5677.0
5067.5
126.5
10255.5
10172.5
8023.0
10421.5
11265.0
10252.0
8771.0
2545.0
12197.0
4898.0
10953.0
7081.5
10079.0
11919.5
9376.5
5453.5
9821.0
9998.5
8671.5
13616.0
6516.5
7341.5
6700.5
10465.0
7428.5
6316.5
9018.5
5811.5
7986.5
2461.5
9660.5
5261.5
12707.5
8160.0
9485.5
8029.5
7452.5
2356.0
2335.5
5138.5
7181.5
6739.0
4665.0
7596.0
7726.5
8034.0
11673.5
13514.0
10166.0
9520.0
12720.5
4779.5
4878.5
2983.0
12591.5
8004.5
10559.5
5118.0
8782.5
12305.5
7075.5
11399.5
4032.0
9713.5
11541.5
8151.5
11538.5
10832.5
10811.5
1890.5
9357.5
68.0
11010.5
10719.5
9144.0
7235.0
10577.5
4373.0
11982.5
9183.0
13126.0
5838.0
3047.0
10593.5
7806.0
10696.5
7937.5
8744.0
9629.5
7311.5
9852.0
10457.5
9827.5
10619.0
8058.0
5411.5
11649.0
8808.0
12860.0
8909.5
12061.0
11101.0
10996.0
8697.0
10441.5
9136.0
11025.0
1953.5
11388.5
5296.5
14173.5
10340.5
14087.0
5916.0
13005.5
4891.0
10112.0
10328.5
6741.0
13337.0
10203.0
1036.0
7198.0
8982.0
6743.5
10163.0
9682.0
1392.5
5126.5
9472.0
419.5
6097.5
5311.0
8939.0
7142.0
13626.5
11721.5
13207.0
8328.5
5894.0
6793.5
8017.0
13219.0
10899.0
2303.0
13158.0
11846.5
12299.5
9526.5
10087.5
12003.5
6940.0
10792.5
12457.0
8282.0
10447.5
11127.0
8690.5
8975.0
9256.0
11863.0
6954.5
3306.5
7553.0
10234.0
7591.5
12396.0
3490.0
8137.5
11669.5
10173.5
8376.0
4204.0
7267.0
9147.5
12598.0
9032.5
126.5
2256.5
7395.0
12653.0
5582.0
10000.0
8842.5
9211.5
9793.5
14068.0
13140.5
7174.5
10041.5
10481.0
12730.5
12713.0
10842.5
14733.5
7920.0
802.5
9364.0
8367.0
11042.0
14229.5
10099.5
9354.0
10083.0
7018.5
12467.5
10270.5
12665.0
11839.5
11291.5
9048.5
8091.5
11129.0
11032.5
11723.5
10177.5
10430.5
14318.0
2156.0
5813.5
9254.0
14077.5
13767.5
8939.5
9220.0
2793.0
8615.0
13554.5
6648.0
5095.0
10061.5
11299.0
11430.5
8564.5
7514.0
8297.5
7374.0
5346.0
12023.5
12626.5
12979.5
13254.5
11939.5
12615.0
7095.5
10944.0
6494.5
11690.0
4190.5
10676.5
10531.5
11871.0
11179.5
12297.0
6857.5
13631.5
9140.5
10134.0
10501.5
9040.0
10171.5
5633.0
7362.5
12528.0
7467.5
7378.5
2108.5
7909.5
8124.5
9580.0
11536.0
2022.0
11979.0
10050.0
7034.0
10029.0
13546.5
8532.5
9731.0
7412.0
11472.0
12269.0
11720.0
10825.5
4900.0
5825.0
1601.5
13385.0
8704.5
12051.0
7768.5
8493.0
3322.0
11007.5
7787.0
10639.5
12440.0
5859.0
4888.0
9096.5
10341.0
12282.5
8301.0
6633.0
7752.0
680.5
11004.0
12752.5
7657.0
9665.0
5413.0
13160.5
2761.0
12029.0
6158.5
683.5
12415.0
11067.0
13522.0
13866.0
3715.5
2065.0
10369.5
11126.5
11605.5
11226.5
10062.0
10452.0
7463.5
12995.0
9304.0
2396.5
9260.0
1510.0
11871.5
4848.0
13443.5
5687.0
3506.5
8642.5
11219.5
10575.0
6088.5
9598.0
12294.0
14833.0
3664.0
8759.5
7435.5
15634.0
8050.5
11645.0
12943.0
8603.0
10608.5
5065.0
641.5
8512.0
13689.5
1329.5
13381.0
2844.0
1474.0
10285.0
8406.5
4053.5
12653.0
7602.0
68.0
1542.5
2441.0
12768.0
1439.0
3067.5
419.5
9994.5
14481.0
10735.5
6875.5
10119.5
6893.0
10201.0
12242.0
7337.0
10982.5
10616.0
9280.5
5904.0
1104.0
6592.5
13621.5
365.5
7958.0
10101.5
10135.0
8540.5
10096.5
1159.5
3616.0
11948.5
8553.5
880.0
5764.0
10065.0
12460.5
11534.5
12844.0
10647.5
8400.5
6966.0
12868.5
9608.0
7515.5
9046.5
7867.5
7862.0
12324.0
10630.5
458.0
10213.0
11086.0
8772.0
10584.5
419.5
12258.5
11688.0
10012.5
612.5
11496.5
11492.5
10477.5
1303.0
10584.5
13148.5
2799.5
10125.5
1456.0
12283.5
9937.5
9564.0
7817.0
12258.5
6854.5
12540.0
13814.5
11464.0
2774.5
9391.0
11901.0
2198.5
5945.0
10402.0
10123.5
10139.0
3590.0
790.0
12289.5
13333.0
9000.0
68.0
6296.0
11613.0
9334.5
1377.5
10077.5
10381.5
11529.5
7995.0
9490.0
3258.0
9808.5
2158.5
13169.0
1387.0
7141.0
8059.0
10511.0
10935.5
10933.5
1509.0
12514.0
4238.5
7557.5
12628.0
13877.0
8403.5
7458.5
8771.0
10566.5
15029.5
8633.0
7588.5
68.0
12270.0
6564.5
4235.0
4635.0
11283.5
5933.5
10273.0
10453.5
5450.0
12443.5
4212.5
11029.5
6696.0
12136.0
1141.5
9221.0
997.5
14606.0
12508.0
13004.5
11105.0
10130.5
10472.0
1945.0
5631.0
12099.5
1142.0
11195.5
2092.5
8736.5
9462.0
5589.5
10289.0
6424.5
11476.5
6631.5
11055.5
6035.5
7664.0
9197.5
5211.0
9294.5
9143.5
12550.0
7823.0
12054.0
11729.0
6296.5
6994.5
886.5
11309.0
8907.0
879.5
7658.0
8833.5
1571.5
68.0
8602.5
10106.0
10594.5
3446.5
0
11234.5
7230.0
5088.0
7566.0
7090.5
8888.5
5732.5
5378.0
9137.5
6914.0
11583.0
4722.5
4600.5
8144.0
14567.0
7578.5
9812.5
4070.5
4168.0
9165.5
6184.0
7691.0
10739.0
9136.5
11272.5
6437.0
7111.0
10206.5
13535.5
10503.5
2976.5
6352.5
10323.5
12626.5
9269.5
10626.0
9022.5
5786.0
10840.5
9820.0
11869.0
7282.0
6666.5
4651.5
7551.5
10354.5
10064.5
12191.5
5634.0
11387.0
5898.0
10125.5
8931.0
1314.5
13017.0
12886.5
11572.5
11014.5
9184.0
6469.0
13493.5
12461.0
8942.5
13894.5
1824.0
3499.5
9571.0
10305.0
11109.0
13410.5
10726.5
7488.0
905.5
10382.0
1087.5
11471.5
5960.5
5884.5
11575.5
7402.5
12214.5
5110.0
8441.0
12859.5
13208.5
6433.0
12691.0
1960.5
8347.0
5158.5
13008.5
4592.0
8330.5
9219.0
6981.5
6893.0
11030.0
7475.0
8058.0
4664.5
7149.5
10144.0
11387.5
10309.0
1157.5
12748.0
10954.0
10289.0
7810.0
9654.5
8200.5
10883.0
10060.0
10918.0
13283.5
11050.5
4446.5
7125.5
7885.5
10851.5
8048.0
5273.5
7242.5
13676.5
1470.5
15458.0
10246.5
12934.5
3541.0
8676.5
3905.0
8752.0
10325.5
9137.5
12261.5
12743.0
8293.0
4213.5
6509.5
13060.5
5045.5
9119.0
8124.5
10175.5
4800.5
5171.5
11537.5
0
8224.0
8157.5
11800.0
3565.0
5407.5
11169.5
469.5
9086.5
10315.0
5508.5
10866.5
7925.5
10412.5
4721.0
13205.0
9021.0
9021.0
8302.5
11442.0
11027.0
10447.5
8151.0
128.0
11139.0
10085.5
16172.0
14346.0
8695.5
7653.0
11134.5
10177.0
14438.5
13433.0
11997.5
12914.0
11082.5
11235.0
13276.5
10575.0
6343.5
438.5
3993.0
10723.0
0
12299.0
14065.5
424.0
12363.5
6114.5
8924.5
12092.5
8872.5
12594.5
9476.0
11226.0
11912.5
4340.5
13011.0
12006.5
11686.0
3015.5
5045.0
8630.5
5957.5
12040.0
13063.5
11161.0
11520.5
11530.5
2838.0
1551.5
5036.0
393.5
8636.0
9515.0
13000.5
3908.5
7193.0
9696.0
11370.5
10941.0
7876.0
7349.5
12102.0
3376.5
5730.0
1078.0
11831.5
6303.0
10262.0
12753.0
10417.0
11843.0
6733.5
6304.5
9232.0
11101.0
12450.5
6335.5
13924.5
736.0
10533.0
7485.0
6966.5
10873.0
12097.5
4399.5
10271.5
12198.0
12059.5
7343.5
9246.0
9572.5
2596.0
10323.0
7038.0
9131.0
9318.0
12410.0
13738.5
10617.0
11012.0
9291.0
7312.0
11189.0
6332.5
10677.5
5378.5
5476.5
11093.0
10511.5
7840.0
9194.5
6883.5
4800.0
9434.5
8286.0
11862.5
1963.0
10845.0
12379.0
6275.5
8655.0
11746.5
8072.5
6979.5
11607.5
7114.5
6874.0
3507.0
4014.0
13011.0
7605.5
9667.0

1044.5
13206.0
5254.0
13181.5
6818.0
2254.5
5713.0
10345.0
10106.5
9528.5
13720.5
12267.0
12722.5
10743.0
3853.5
13601.5
10143.5
9811.5
8935.0
3751.0
10065.5
3623.0
3088.5
3615.5
9797.5
7396.0
4068.0
6033.5
10284.0
3979.0
3393.0
11016.5
7406.5
12961.5
5872.0
7932.5
7937.5
12038.5
9539.5
10498.5
13624.5
13280.5
5181.0
2359.0
8229.5
11927.5
9759.0
7092.0
3463.0
68.0
8149.0
825.5
6209.0
1842.0
8616.5
8285.5
8604.0
10119.0
10999.0
10545.5
11061.0
11084.5
12121.0
5896.0
11292.5
7791.5
6095.0
6024.5
11081.5
11622.5
11213.0
3993.0
4073.0
3110.5
4865.5
8456.5
10631.5
3747.0
11867.0
6826.0
2735.0
5273.5
4058.5
5142.5
14538.5
9457.0
2962.5
12003.0
12077.0
3133.0
9673.0
1403.5
8138.5
5246.5
5656.0
1010.0
8206.0
11461.5
10520.5
14452.5
13732.5
11807.0
8690.0
7061.0
10969.0
8020.0
6220.5
7114.5
5521.5
6730.0
2180.5
8120.5
10222.5
11373.5
13355.5
6395.0
8293.0
6900.5
12534.0
11449.0
12006.0
12117.5
10082.0
10514.0
10233.0
11032.5
3197.5
11411.5
8620.5
11067.0
4494.0
10369.0
13677.0
13073.0
9524.0
10311.0
11512.0
5693.0
9682.0
6939.0
4649.5
7841.0
11479.0
10786.0
8878.0
4450.5
12795.5
7398.5
6233.0
7608.5
592.0
8825.0
5817.0
10742.0
10901.0
8684.5
8703.5
8626.0
9402.5
9722.0
12536.0
9205.5
11399.0
1683.0
10056.5
9751.5
10946.5
6884.0
9748.5
2033.5
828.5
7273.5
966.0
13077.5
10219.0
8557.5
13134.5
11540.5
478.0
1349.5
11441.5
10802.5
5698.5
10873.0
11098.0
13055.0
11425.0
12305.0
10677.0
2453.0
6669.5
10054.0
13989.5
9551.0
6169.5
4912.5
8861.5
9219.5
419.5
10253.5
5947.5
9340.0
8836.0
2421.5
9770.5
2715.5
14068.0
10416.5
68.0
9820.5
12061.0
12065.0
7417.0
6276.5
9300.0
8591.0
10601.5
11167.0
5473.5
11618.0
3976.0
6696.5
4018.0
11268.0
13396.5
14435.5
13070.5
8297.5
8650.0
3657.5
5953.5
7809.0
5766.0
14722.0
12941.0
5155.0
11106.5
6217.0
10615.0
9021.0
10323.5
10844.5
8412.0
138.0
8697.0
6089.5
12388.0
5799.0
12052.0
68.0
7161.0
8415.5
13240.5
13260.5
7650.0
5463.5
12969.5
138.0
9105.0
7840.5
9781.5
10440.0
1134.5
11453.5
11185.0
4249.5
8979.0
3594.5
7200.5
2099.5
9094.0
10955.5
1545.5
9284.5
4194.5
12584.0
9179.5
10527.0
11069.0
11689.0
9734.0
6053.0
10383.0
13729.0
8287.5
3768.0
4512.0
6714.0
13765.0
6339.0
6549.0
8283.5
4011.0
8589.0
8981.0
8681.0
10969.0
10789.0
4223.0
3841.0
10088.0
10091.0
13289.5
4385.5
1686.0
7091.0
2616.5
10324.5
6709.5
12329.5
13367.0
15005.5
10410.0
3864.5
7991.0
6607.5
7469.5
3829.5
11535.0
68.0
11103.5
8774.5
3336.5
6623.0
6008.0
8798.0
10715.5
7668.0
11305.5
7667.0
2026.0
8245.5
8484.0
12978.5
10098.5
10080.5
11964.0
12708.5
13551.0
10339.0
10063.5
5663.0
12464.5
348.5
3321.0
8491.5
7120.0
9824.5
10157.5
11251.0
9785.0
6060.0
15338.0
11974.5
1888.5
5725.0
10674.0
10357.0
5288.0
2625.0
7747.5
7646.0
6237.5
8484.5
10305.0
12755.5
14097.0
2863.5
8113.5
2476.0
3784.5
9471.0
13772.0
8772.0
5994.0
2606.5
6348.5
2761.0
12823.0
4693.5
10283.0
7340.5
10893.5
9167.0
8918.5
10579.5
2705.5
13310.5
11903.5
7621.5
12291.0
15018.5
4433.0
5668.5
8305.5
9400.0
9983.5
8755.0
5597.5
8205.0
11034.5
3823.0
2186.0
9273.0
14979.0
4082.0
10703.5
8842.5
2319.0
2112.5
9390.5
8315.5
10244.0
7622.5
10457.0
2612.0
11857.0
1402.5
8969.5
10636.5
6446.5
10712.0
9650.5
12643.5
6611.0
10578.0
10995.0
7217.0
10090.5
11047.5
9824.0
10429.0
10345.0
10580.5
4203.0
6852.5
10060.0
12295.0
9335.5
1839.5
9654.0
3674.0
12756.0
1797.5
4025.5
2025.5
4887.0
5647.0
10291.0
8302.5
4128.5
10436.0
10971.5
9181.5
10962.0
12163.5
7100.5
11073.0
13022.0
7421.0
8677.0
12012.5
4618.0
7656.0
13376.5
3493.0
10212.0
10341.5
12552.5
11018.0
2648.0
6573.0
7806.0
9188.0
10935.5
68.0
11020.5
478.5
10536.0
3189.0
6413.5
348.5
7305.0
6487.0
10163.5
13749.5
11085.0
10979.5
10290.5
4520.5
7745.5
10201.0
8368.5
3545.5
5437.5
8244.0
12349.0
9386.5
6628.5
12025.5
6933.5
14207.5
3457.0
6648.5
11673.5
10637.5
8325.0
11402.5
1105.0
6219.0
10262.0
7635.0
2736.5
10243.0
8010.5
10388.0
8626.5
68.0
4140.0
8994.0
11742.5
10190.0
8644.0
3256.5
1509.0
4350.5
11688.5
8125.0
6085.5
5754.0
12770.5
4283.5
10423.0
6581.5
10961.5
8358.0
0
11000.5
13869.5
13142.0
8371.5
6776.0
12797.5
5145.0
3901.0
5420.5
10600.0
5379.0
2456.0
3144.0
11310.5
9191.0
12215.0
10553.0
10143.0
6946.5
11842.5
10932.5
7721.0
10285.5
524.0
12699.0
10540.0
3788.0
10434.0
2854.0
10497.0
8971.0
10417.5
365.5
5642.0
4932.0
8804.5
10404.0
13228.5
13249.0
6039.0
11434.0
138.0
13749.5
3834.5
7262.5
9934.0
10696.5
10253.5
9327.0
438.5
12738.5
12306.5
126.5
663.5
8771.0
717.0
4968.5
11340.5
10530.0
6996.0
14029.5
2735.0
6345.5
10754.5
5359.0
3456.0
7809.0
2611.5
9151.5
13593.0
1745.0
8463.0
10061.0
9337.0
138.0
6091.0
6852.5
5326.0
6673.0
3690.0
6717.5
11493.0
1846.5
882.5
7385.5
11591.5
68.0
5080.0
5482.5
10489.5
15733.0
3811.5
6881.5
14174.0
4189.0
12409.5
5255.5
5943.0
6919.5
2339.5
10140.0
9662.5
9896.0
12158.5
951.5
6930.0
10265.0
13148.5
9774.5
1970.5
3388.0
9148.0
4487.0
6608.5
4938.5
10978.5
7278.0
1553.0
1721.5
9758.0
5794.5
10197.0
13100.5
8672.5
771.0
8515.0
9034.5
3251.5
9684.0
7217.5
5655.5
5809.0
1960.0
8727.5
10538.0
8600.5
9669.5
3062.0
11542.0
11040.0
10613.5
3079.5
12321.5
10307.0
12354.0
10065.0
4408.5
7444.0
8711.5
10537.5
300.5
7454.0
13129.5
3906.5
471.0
9624.5
12132.0
12232.0
12589.0
4099.5
6094.5
12732.5
7684.5
13005.5
4008.0
9330.5
7446.5
10507.0
10510.5
6064.0
1492.5
1356.5
10734.0
3734.5
4163.0
9641.5
7913.0
10178.0
13747.5
13003.5
9409.0
11865.0
13384.0
8457.5
12580.5
15052.5
10118.5
11463.5
13024.0
7642.5
7839.5
2986.5
10734.0
2441.5
0
6334.0
6137.5
0
12508.5
1644.5
0
8066.5
10773.0
10979.0
10494.0
1336.5
9672.5
10807.5
1887.5
1685.0
10126.0
10588.5
11930.5
10324.0
10702.5
11124.0
7766.0
10076.0
13207.5
4344.5
10162.0
4113.5
10484.0
4720.0
11455.5
5195.0
10058.5
9927.0
2063.0
10595.0
4516.5
4594.0
6523.0
8908.0
8651.0
7155.0
6035.5
8529.0
13810.5
10008.5
11917.5
790.0
12778.0
14295.5
344.0
2672.5
7931.5
7507.0
3670.0
13341.0
10978.5
10131.0
11012.5
7128.5
10744.0
4636.5
771.0
8992.0
12180.0
13887.5
8166.0
1709.0
0
7969.0
1854.5
13311.5
790.0
11517.5
9797.5
3277.0
14510.5
11012.0
10166.5
8505.5
68.0
10803.0
7634.0
7652.0
6738.0
11622.0
14269.0
5840.0
931.0
6563.0
5365.0
0
3323.5
0
1812.0
7666.0
6258.5
10802.0
11871.0
10170.5
10822.0
11712.5
12029.0
2693.5
9153.5
8770.5
4066.0
9268.5
8308.0
5061.5
10635.5
14120.5
4730.5
11354.0
535.0
5254.0
4446.5
11854.5
3434.0
7542.0
10758.0
2154.0
8843.5
6849.0
126.5
10990.5
8695.0
10853.5
10123.0
1790.0
8322.0
285.5
9831.5
3293.0
2937.0
4128.0
8401.0
6592.5
10664.0
10546.0
4804.0
5416.5
5584.0
7718.5
7715.0
10788.5
11893.5
13198.0
13436.0
8613.0
2369.5
10573.0
3942.0
9899.0
11516.0
10950.0
9577.0
10593.5
10741.5
8171.0
6339.5
4324.5
6266.0
6566.5
5753.5
13176.0
10762.5
9629.5
2986.0
7304.0
3874.5
12251.5
2110.5
9051.5
2771.0
8735.0
1147.5
508.5
2722.5
7227.0
10207.5
3725.5
10406.0
5395.5
10827.0
13211.0
3843.5
12884.0
5715.0
2080.0
2354.0
3134.0
10411.0
3319.0
10535.5
8867.0
10268.5
4090.0
10115.0
7751.0
4363.0
5366.0
6734.5
10315.5
10707.0
10907.5
9219.5
9248.5
11446.5
7341.0
2755.0
11898.0
10907.5
6353.0
11458.0
8727.5
9314.5
7118.5
10280.0
10711.5
8118.0
11981.5
15032.5
925.0
1138.5
6078.0
11571.5
7756.0
4765.0
12169.0
9227.5
3348.0
11134.0
10766.0
419.5
7091.5
10512.5
3738.5
7402.5
7977.0
10085.5
6269.0
5012.5
10798.5
0
11142.0
68.0
10898.0
7641.5
7095.0
10167.5
10178.5
10697.0
9821.0
10141.0
11189.0
7422.5
7369.0
12280.5
10627.0
2836.5
10385.5
2678.0
9305.5
3083.5
10594.5
9706.0
11545.5
8145.0
8586.5
6408.0
10743.5
441.5
14915.5
11661.0
7873.5
9978.0
0
10163.5
5214.5
9120.5
10885.5
1087.5
5280.5
1925.0
10515.5
8057.5
7038.5
10812.5
12624.0
11207.5
10350.0
4047.0
11696.5
7664.5
8431.5
10616.5
7193.5
11514.0
12271.5
10455.5
8833.5
10981.0
11708.0
10805.0
11455.0
13757.5
12068.0
10291.5
12722.5
8481.5
8441.5
13738.5
8767.5
14710.5
2777.0
7305.0
8470.0
11577.0
11789.0
8627.5
10655.0
10927.5
8833.5
13452.0
6982.5
12810.5
5773.0
5927.0
5546.0
6983.5
12033.0
10067.0
5734.0
8731.5
9554.5
10266.0
3654.0
3750.0
8872.5
9040.5
12018.0
9825.0
11236.5
2483.5
126.5
10134.5
11906.5
12042.5
3193.0
6700.0
14643.5
4438.5
12461.5
11511.0
10239.0
3740.0
13059.0
6746.5
2771.0
474.5
126.5
11450.0
10504.5
11490.0
8172.0
7885.5
9933.5
0
12451.0
8060.0
5982.5
6871.5
2397.5
12303.0
9213.0
5238.5
12376.5
12045.0
365.5
13710.5
6225.0
8666.5
12263.5
8688.0
10150.5
10565.5
10675.0
7309.5
1461.0
9365.0
10810.0
6972.0
10442.5
7216.5
11895.0
3977.5
11855.5
10104.5
0
9418.0
138.0
14665.5
10023.5
7521.0
3538.0
4037.0
7118.5
138.0
10233.5
10140.5
710.5
7637.5
10570.5
13206.0
12439.5
9768.5
10278.5
6154.5
4353.5
9919.5
8507.5
0
3848.5
9853.5
8060.0
10500.0
4183.0
5812.5
13916.0
7026.5
7729.5
11577.5
10274.0
8424.0
126.5
11338.0
9071.5
6846.5
4823.5
7809.5
2296.5
10151.0
9406.5
14935.5
11876.0
9542.5
6637.0
2725.5
9958.5
7962.5
3169.5
6692.0
9962.5
10146.0
10445.0
11188.5
10595.5
348.5
8168.0
10501.5
9074.0
6112.0
4797.5
7259.5
10756.5
14803.5
7571.5
12708.0
11815.5
9089.5
9405.5
7634.0
12144.0
6408.0
11219.0
10664.0
11083.5
7770.0
9202.0
10223.0
12365.5
6199.0
11211.5
8489.0
10287.5
1779.0
3694.5
12914.0
6785.0
11147.5
2547.0
6698.0
13015.5
11450.5
6885.0
7739.0
11858.0
4744.5
7960.0
3217.5

12122.5
10264.5
5711.0
6097.5
8112.5
7700.0
6785.5
951.5
11817.0
6789.5
7866.5
6715.5
11615.0
10118.5
10249.0
12139.5
9964.5
11727.5
10356.5
8303.5
12453.0
1249.5
10240.5
9440.0
8727.0
2163.5
7984.5
11398.0
12104.5
5594.5
10579.0
11968.5
11003.0
5169.5
12031.0
10496.0
5178.0
6415.5
11342.5
5041.0
10826.0
13715.5
4113.5
3859.0
8007.0
10635.0
5834.0
10699.0
7664.0
13756.5
8169.0
10195.0
11367.0
6555.5
5161.0
10952.0
10018.0
11087.0
0
10071.5
5877.5
10644.0
10154.5
10783.5
10656.0
11013.0
10666.0
11049.0
10583.0
10108.0
11908.5
6991.0
10760.5
13741.0
11854.5
8836.5
14444.0
2867.0
9695.5
11184.0
6071.5
9615.5
9125.0
12290.0
9543.0
10048.5
5953.5
12278.0
7282.0
9745.0
12086.5
8635.5
11298.0
11587.0
10828.5
4486.5
7553.0
10722.0
11081.5
10354.0
9833.5
12268.5
10764.5
12394.0
6050.5
5506.5
8865.0
10329.0
11565.5
10527.0
13169.5
10586.0
13234.0
11990.0
15013.0
7385.5
14625.0
11513.5
7123.5
11333.0
15510.0
695.5
11433.5
3724.5
10451.0
10207.5
12506.0
68.0
9518.0
11707.5
5472.0
12356.5
10796.5
10973.0
5059.0
2593.0
11828.5
10606.0
10079.0
11962.5
10581.0
700.0
10443.0
1407.5
5631.0
6696.5
15614.0
10317.0
5041.5
3817.5
9401.5
9963.5
7004.0
10131.5
12967.0
11783.5
5756.0
1550.5
12276.0
10354.0
7061.5
4815.0
10880.5
8726.0
10095.5
6676.5
10590.0
10983.0
7844.0
2784.0
3072.0
9092.5
5392.5
10057.5
4087.0
10221.5
11264.5
10153.5
12592.5
10107.0
11386.0
11592.5
7596.5
9291.5
10690.5
2882.5
4991.5
6498.5
6518.5
10577.5
10501.0
11769.0
8541.0
4848.0
7083.5
453.0
10500.5
10713.5
651.0
12040.5
10293.5
8606.5
10127.5
5148.0
8796.0
6730.0
14713.5
11139.5
9934.0
10641.5
13538.5
11074.5
10351.0
359.0
11341.5
10881.0
3305.0
10073.5
9249.5
6010.5
300.5
11179.0
8707.0
6863.5
11977.0
11545.5
458.0
9018.0
13742.5
12027.0
7270.0
13099.5
11315.5
11252.5
5825.5
10614.0
12088.0
4146.5
7617.5
6209.5
508.5
10259.0
1968.0
8732.0
8732.0
8172.0
14191.5
10302.0
10930.5
11186.0
3583.5
10315.5
0
10674.0
10819.0
15229.5
10451.5
7918.0
8594.0
1354.5
10328.0
126.5
10995.0
3287.5
887.0
11525.0
0
3193.5
9076.0
8996.5
663.0
11010.0
8532.5
4043.5
0
5827.0
8859.0
7548.5
8477.5
9495.0
8724.5
8457.5
12012.5
2055.5
3102.5
8858.5
8395.5
3418.0
0
7864.0
10838.0
11418.0
438.5
3155.5
13934.0
7530.0
7752.0
12777.0
6093.5
10182.5
9273.5
2759.5
5097.0
10131.5
9466.0
12650.5
9717.5
6923.5
14705.0
7145.0
10680.5
4531.5
8635.5
13916.0
8416.5
10308.0
10467.5
4869.5
12219.0
10776.0
6836.5
10146.5
12703.0
15878.5
15962.0
10293.5
9970.0
8816.5
7841.5
8635.0
10182.5
11013.0
12664.5
4504.0
7203.5
14673.0
8702.0
12607.0
6069.0
11065.5
7212.0
12322.5
15784.5
12906.0
9535.0
11380.5
10491.5
10735.5
12879.0
11393.5
10236.5
12521.0
6734.5
0
13878.5
12864.5
4358.5
5676.5
13732.0
12713.0
14487.5
2854.5
7531.0
11411.0
7276.0
11887.0
68.0
6077.5
6381.0
8861.5
10177.0
11314.0
7251.0
11396.0
11152.5
2612.5
9282.0
771.0
6986.5
9035.0
6686.5
68.0
11176.0
4827.0
11282.5
6263.0
1271.0
3063.0
8574.5
738.5
11353.0
12640.0
10044.5
9255.5
9121.5
11862.0
6580.0
12833.0
11822.0
11279.0
11353.5
10507.0
5658.0
10068.0
14256.5
5501.5
13857.0
5342.0
9495.0
10510.0
10638.5
5688.0
2622.0
8912.5
10170.0
8624.5
12013.5
5351.5
10987.0
9557.0
13906.5
4866.0
14914.0
11658.5
8655.5
12083.5
14710.5
11857.0
0
11749.5
11036.0
12347.5
8859.0
8879.0
11231.5
11380.0
4807.5
14296.5
6484.0
12171.0
12121.0
9896.0
11713.5
9387.5
11811.0
10103.5
11946.5
13662.5
9226.5
11225.5
7601.0
8620.5
12729.5
12894.0
10315.0
10942.0
15555.5
0
12386.5
8526.5
1358.0
0
8609.0
6931.5
7989.5
12745.5
13739.5
7352.5
11731.5
8059.0
10554.0
12054.0
10044.5
11261.0
7383.5
8746.0
11833.0
10119.5
9852.0
12834.0
8662.0
6935.5
8309.5
11353.5
13606.0
8804.0
7835.5
0
10294.5
10806.0
10973.5
10104.5
8185.0
10864.0
10047.0
11952.5
10305.5
9545.5
11038.0
7294.5
9691.5
7491.5
8969.5
13728.0
3348.0
9443.5
9716.0
9171.0
1755.0
8240.0
5886.5
2754.5
10141.0
10710.5
7604.0
13221.0
10173.5
5214.5
0
7268.0
6076.0
7115.0
5823.0
13466.5
12243.0
6858.0
7353.5
13804.5
10083.5
11677.5
8823.5
11685.5
11005.5
11954.5
257.0
6083.0
8033.0
12050.5
13915.0
12110.5
13376.5
12054.5
13651.0
12329.0
12060.0
5958.5
10497.5
1370.0
12569.0
11710.0
12519.5
10793.5
10502.5
12895.5
8906.5
7104.5
13369.0
10211.0
5701.5
8874.0
9817.0
6549.5
2494.5
12554.0
10148.0
13353.5
12115.0
13173.5
10970.0
9980.5
14592.0
0
11706.0
12229.5
8601.5
0
8481.5
14143.0
12922.5
12752.5
11839.0
4079.5
0
13045.5
11421.0
12808.0
13568.0
13186.5
10562.0
10392.0
4173.0
12850.0
11047.5
13236.5
12922.0
14084.5
10233.0
10187.0
14853.5
10156.0
0
10301.5
11014.5
7857.5
13052.0
10665.5
3961.0
13307.0
8515.5
9479.5
12072.0
9859.0
10734.5
10370.0
14701.5
10533.5
10666.0
11169.5
10240.5
14395.5
8058.5
6553.0
11899.0
7071.0
12695.5
15047.5
1342.0
0
13624.0
9672.5
12501.5
10178.5
8450.0
13041.5
5474.5
9101.0
10955.0
11928.0
10499.0
11698.5
11162.0
10079.0
10091.0
13510.5
11779.0
11208.0
11033.0
9681.5
11546.0
10063.0
10445.0
710.5
9345.0
12780.5
15005.0
11665.5
10246.0
13537.0
13618.0
13212.0
10518.0
12436.0
12819.5
14363.5
12748.0
11548.5
6557.0
8235.5
13729.0
1353.0
3150.5
10745.0
12341.0
11992.5
11914.5
13031.0
5664.0
10064.0
4687.0
13657.0
3592.0
13687.0
11009.0
11090.5
7619.5
9322.5
10981.0
11017.0
12334.0
13987.0
2547.5
8628.5
10355.0
5143.5
14998.5
12503.0
12033.0
15057.0
10558.0
5243.5
9487.0
12950.0
10666.5
11343.5
10601.5
10654.0
11496.0
10654.5
11196.0
11399.5
10669.5
10076.0
10277.5
12401.5
10313.0
8784.5
1068.5
11732.0
5648.0
11878.0
6088.5
11182.0
10829.5
4092.0
10324.0
9391.0
2079.5
12883.0
10515.0
12545.5
11243.5
12841.0
9032.5
6087.0
12696.5
8701.0
11600.0
5797.0
6159.0
9245.0
0
12246.0
7424.5
5068.0
12669.0
7707.5
9005.5
12758.5
10325.0
10168.0
10762.5
12066.5
9433.5
681.5
10239.5
9135.0
10973.5
12714.5
11517.0
0
7231.5
6577.5
14569.0
12529.0
10500.5
7522.0
13500.5
1513.0
14206.0
7063.5
10398.0
10223.0
7049.0
10084.5
11226.0
12761.5
12880.5
5240.5
9160.5
967.0
1016.5
11676.5
13332.0
5556.0
10177.5
10657.5
9945.0
15041.5
68.0
13289.5
8530.0
6844.5
6434.0
10381.0
5229.5
11679.5
775.5
10392.5
14232.0
10197.0
10311.5
13355.0
7786.0
5601.5
10342.0
11056.0
9805.5
7712.5
8690.5
10704.5
11268.0
11003.0
10367.0
11721.0
5635.0
11922.5
11835.0
12848.5
10549.5
13696.5
10440.0
11739.0
126.5
13987.0
3004.0
9772.0
5841.5
11993.0
9967.0
14770.5
3889.0
11555.5
700.0
15378.5
8981.5
7170.0
13419.0
13525.0
14766.5
11635.5
9140.5
5620.0
10468.0
10364.5
13165.5
0
12560.0
13567.5
10529.5
11096.0
11390.0
8892.5
6700.0
9042.5
5983.5
10432.0
10280.0
8405.0
10566.0
10181.0
11179.0
10490.5
6312.5
11095.0
0
6132.0
12506.5
13993.0
12618.5
11437.5
14210.5
10315.0
11604.0
10542.0
9855.5
14303.5
11013.0
11126.5
7317.0
10139.0
3452.0
3255.0
2762.5
9048.0
0
11460.0
9475.5
12697.5
11178.0
3340.0
13336.5
11268.0
1390.0
11719.5
9496.0
3001.5
10966.0
13009.5
10115.5
0
12544.0
10339.0
10114.0
13076.5
11810.0
8879.0
9455.0
2288.5
10582.0
5465.0
1339.0
10063.5
9606.5
8552.0
1244.5
10124.0
13287.0
13289.5
10981.0
6374.5
6590.5
11433.0
10232.5
12271.5
10322.0
1001.5
14910.5
9725.0
14542.5
10701.5
10271.0
10516.5
5887.5
12949.0
10272.5
10788.5
13407.0
11680.0
11942.5
13740.0
13152.5
11020.5
9689.5
3918.5
6904.0
8122.0
7125.0
13037.5
4190.5
7386.5
10722.5
10024.0
6014.0
12325.5
7870.5
13373.0
0
7902.5
10632.5
8900.0
10967.0
13263.5
8332.0
5666.0
12067.0
3060.0
11480.5
11903.0
14188.5
7632.0
6329.5
11057.0
8711.0
11569.5
5537.5
8698.0
2413.5
13987.0
10977.0
12637.0
12418.5
13840.0
14341.0
8567.5
11607.5
8855.0
7311.5
10240.0
13727.0
9533.0
13760.5
4576.5
11200.0
10634.0
12490.5
12159.0
12798.0
11460.0
786.0
11705.0
12591.5
0
9930.5
13023.0
10005.0
11413.5
10615.5
10131.0
11122.5
8154.5
6571.5
12554.0
2134.5
9743.0
5931.5
14972.0
11652.0
10179.5
7506.5
419.5
10316.0
4342.5
9247.0
12337.5
10282.5
8157.5
10321.5
7038.0
958.5
1282.5
566.0
10460.0
15149.5
1554.5
7764.0
11805.5
12524.5
6816.0
11240.5
11002.5
12448.0
13391.5
11601.5
6734.0
6418.5
12001.5
12347.5
11830.0
2529.5
2127.0
10870.0
3586.5
7300.0
9858.5
12641.5
9478.0
10841.5
14757.0
8650.0
9464.0
10509.5
10553.0
12558.5
10201.0
10580.5
2161.0
9172.0
12800.0
10847.0
6283.0
13349.0
13410.5
11837.0
9715.0
10620.5
8770.0
11065.5
10836.0
11909.5
15001.5
10641.0
10703.0
126.5
3496.5
1300.0
10802.5
10854.5
4871.0
4219.0
5348.5
8118.5
11120.5
10189.5
11181.5
2889.5
6533.5
8577.5
11846.0
10836.0
15488.5
3519.0
9879.0
2422.0
9205.0
13043.5
11180.0
68.0
8550.0
12224.0
5858.0
13274.5
12910.5
10101.0
6416.5
10877.0
13891.5
6331.5
5194.5
11394.5
4890.5
9621.5
13883.0
12055.0
9009.5
9438.0
8685.5
5755.5
1297.0
5583.0
138.0
12750.0
8460.5
5271.5
7790.5
12989.5
14550.0
3267.5
0
6476.0
8366.0
11052.5
7889.5
10127.5
10753.5
10146.0
7153.5
8643.5
5954.5
10064.5
9558.5
6156.0
5684.5
10236.0
13384.5
6249.5
13244.0
10184.0
717.0
11664.5
8788.0
12082.0
12126.0
13762.5
6451.0
11124.5
10060.5
4682.5
4163.5
12089.5
4055.0
1721.0
13513.5
7844.0
10394.5
10697.0
4422.0
1867.0
10730.0
7124.0
13374.5
14260.5
11839.0
9478.5
12887.0
15100.5
6964.0
10583.5
11801.0
11137.0
3686.5
11812.5
10565.0
6659.0
3880.0
6588.5
10059.0
4495.0
8711.0
6483.0
10576.5
12835.5
6631.0
9914.0
5736.5
68.0
9772.5
13759.0
11546.5
10589.0
9647.0
2942.0
5819.0
10247.5
13499.5
3607.0
12892.5
10302.5
10428.0
5937.0
10914.0
10206.0
10754.0
12348.5
2565.0
5636.5
11251.0
12500.5
11005.5
12547.0
12994.5
14434.5
4946.0
11857.0
12248.5
11634.0
7746.5
11045.5
5574.0
7139.5
11728.0
9929.0
14101.5
10968.0
10251.5
6046.5
8166.0
12058.0
10125.5
1084.5
9376.0
14019.0
10990.0
12068.0
9870.5
8691.0
7774.0
8175.0
10192.5
5862.0
6155.5
8831.0
11287.5
12795.0
14034.0
1102.0
7037.5
10275.5
424.0
12027.0
13873.0
12355.0
9340.5
12179.0
5964.5
8637.5
1401.0
7160.0
12433.5
6144.5
12887.5
6356.0
7051.0
6060.0
10121.5
11460.5
13184.0
10647.5
7339.0
11155.5
12735.0
10069.0
10837.5
13834.0
6670.0
10220.5
14477.5
12700.5
13697.0
9630.5
10749.5
9097.0
138.0
9685.5
11611.5
10089.0
10845.5
8230.0
11796.0
9942.5
11414.0
489.5
6973.5
11645.0
2405.5
10760.5
12131.5
11949.0
10059.0
8893.0
10697.5
10608.0
11577.5
13978.5
11136.0
10371.0
11764.5
68.0
13288.0
5513.0
10586.5
6817.0
12849.0
10510.0
7452.5
11114.5
10322.0
12049.0
9858.0
11670.0
11261.5
4276.0
13310.0
8917.0
717.0
5436.5
10161.5
4686.0
10146.5
11222.5
68.0
13197.0
1655.5
4221.0
11112.0
10158.0
8012.5
4562.0
15310.5
13172.5
10490.0
1075.5
10063.5
11831.0
10997.0
8946.0
11111.5
390.5
12704.5
12885.0
12455.5
9222.5
14073.5
8165.5
9621.0
14431.0
0
13029.5
9152.0
11891.5
0
8788.0
9709.5
68.0
10058.0
10554.5
10077.5
10204.0
12172.0
11113.0
8742.5
1522.5
13529.0
11389.0
13810.0
9093.0
7009.5
9666.5
12664.5
12992.0
0
9266.0
8831.0
14493.5
10638.0
8773.5
13165.5
10806.0
11318.5
12750.0
12109.5
5477.5
596.5
10818.0
2471.5
12714.5
12827.5
11614.0
10531.5
11842.5
13282.0
11329.5
10645.0
5798.0
11425.5
12257.5
138.0
1129.0
11603.5
10989.5
11059.0
4507.0
138.0
10045.0
11477.0
10848.0
407.0
1200.5
3039.5
9721.0
12883.0
5292.5
173.0
6552.5
11072.5
1161.0
11458.5
6038.0
12037.0
15948.5
12551.0
4668.0
9739.0
11435.5
6580.0
5408.5
7584.5
7982.5
1654.5
12908.0
13322.5
9197.0
7316.5
13268.5
12609.0
12199.5
3172.5
10571.5
11612.0
4607.5
11295.0
9119.5
10160.5
7431.5
10964.5
10898.5
5067.0
4614.0
13009.0
5488.0
4776.5
13933.0
9077.5
10355.0
3975.0
2381.5
12450.0
9801.0
12622.5
126.5
12933.0
15621.0
11175.5
2503.0
10806.0
10408.5
497.0
12896.5
12517.5
10630.0
13641.5
10692.0
10968.5
10588.5
12813.0
10196.5
10298.5
12770.5
14478.5
68.0
12309.5
8534.5
10102.0
8911.0
10717.0
7985.5
10138.5
8786.5
10616.5
12031.5
11477.0
6961.5
10392.5
8700.0
2268.0
13833.0
9821.5
11132.5
11969.5
0
13370.0
11106.0
11170.0
9867.5
0
12408.5
13817.0
1917.0
1921.5
12598.0
4149.5
10368.5
5725.5
11967.0
5136.5
13048.5
12577.5
5877.5
10840.0
7323.0
14751.5
11841.0
12635.0
10060.5
12558.5
8905.5
14199.5
11955.0
4618.0
11053.0
8723.0
10085.0
13227.0
10925.0
10624.5
10916.0
10507.5
12770.0
12898.0
11857.5
10512.0
12733.5
8780.5
12879.5
11424.5
7671.5
11401.0
1032.0
12010.5
12688.0
7893.0
12431.5
14799.0
13674.0
3081.5
11002.5
10482.0
10139.5
11979.0
11171.0
4078.0
11123.5
8626.5
9410.5
10091.0
14235.0
11668.5
12312.0
9649.5
10865.0
4679.0
11788.5
7372.5
11108.5
11911.0
13424.5
8705.5
10508.0
12028.5
14647.0
8856.0
10371.0
2183.5
5401.5
11958.5
138.0
12686.0
14607.5
9974.5
14341.0
8685.5
183.5
10132.5
14749.5
15458.0
4636.0
12595.0
8641.0
12880.5
10267.5
13192.5
14253.5
11491.0
15189.5
10073.5
9785.5
10586.0
15148.5
8762.0
13316.0
11396.5
2876.0
6137.5
14761.0
11970.5
11832.5
10780.0
5497.0
2369.5
8959.0
13053.0
14369.5
12783.0
14031.0
12469.0
4924.5
14681.0
11585.0
13045.5
10860.5
7091.5
11874.0
4315.5
10796.5
9967.0
11851.0
1748.0
14117.5
6491.5
12518.0
13602.5
13301.5
10525.0
9282.0
6794.0
790.0
11057.5
2465.0
8794.0
1419.0
7972.5
8656.0
1295.0
5787.5
8608.0
10106.0
10540.0
10139.0
7275.0
14810.5
10047.0
13285.5
10227.0
14980.0
12536.5
12991.5
10329.5
629.0
9818.0
10290.0
10332.0
11840.5
6644.0
12278.5
11204.0
11624.0
10470.0
11486.0
12289.0
8777.0
10186.5
13167.5
10062.0
11323.5
6443.0
12014.5
11680.0
12117.0
11526.0
11901.5
6444.0
11867.5
10704.0
13600.0
10483.5
5953.5
12492.0
12877.5
15164.5
7283.5
10237.5
10333.0
11881.5
11900.5
12589.5
13164.5
13217.5
6514.5
13070.0
11340.5
13604.0
12625.5
13537.5
13909.5
10164.5
12377.5
10607.0
8917.0
2750.0
13196.0
3504.0
8502.0
10093.0
13305.0
2335.0
7306.5
16133.5
10644.0
10601.0
6176.5
11866.0
14778.5
11881.5
14340.0
11524.0
10165.5
10599.5
13872.0
11409.0
11551.5
0
9904.5
12211.0
11579.5
10507.5
13545.5
13045.5
14506.5
11217.0
11400.5
12630.0
4277.5
6309.5
10144.5
14384.0
10236.0
10176.5
11825.5
12849.0
10197.0
11566.5
10740.0
478.0
13873.5
10594.5
12983.5
10980.0
8251.0
12831.0
2203.0
14076.5
7438.0
11854.0
11288.5
10266.0
591.5
13159.0
13952.5
11228.0
11178.0
12353.5
0
13712.5
10414.5
12893.5
9975.0
4751.0
14973.5
11844.5
14230.0
9726.5
7389.5
12235.5
13858.5
13346.0
10134.5
13581.5
14306.0
12152.0
10793.0
12683.0
14413.5
10194.5
441.5
15096.5
15458.0
6873.5
11246.0
12961.0
11418.5
9463.0
12680.5
12791.5
9522.5
68.0
6483.0
13856.0
10779.5
13410.0
7652.5
10288.5
13221.5
14358.0
9020.0
16077.5
14134.5
11036.5
10354.5
5023.0
14910.5
7213.5
13384.0
12028.0
781.5
13237.0
12427.0
11873.5
13641.0
1300.0
8937.5
10756.0
13635.0
1563.5
13801.0
6019.0
10456.5
68.0
11112.0
13419.5
9816.5
11666.5
13769.5
12855.0
7872.5
10611.5
5083.0
13376.5
11732.0
7535.5
10537.0
12365.5
10945.0
11412.0
9771.5
6308.5
13009.5
13694.0
10530.5
11075.5
11085.5
2722.5
13584.5
12280.0
11440.5
12637.0
11999.0
13158.0
12334.5
12283.0
68.0
13217.5
12929.0
12515.0
13380.5
9641.0
11642.0
14443.5
12097.0
14525.5
14749.0
13859.0
6646.5
11562.0
9394.0
9168.5
10972.0
7561.0
1979.0
9943.5
15786.0
8183.5
13153.5
14131.0
14944.0
11463.5
11815.0
9498.5
11528.0
10252.0
2391.5
12363.5
10971.0
12142.0
13665.0
10502.5
2351.0
10047.0
0
15907.5
12353.5
9107.5
9529.0
12878.0
10659.0
11006.0
11252.0
14018.0
12985.5
13766.5
0
12626.0
12509.0
8342.5
2508.0
10213.5
10133.5
13325.5
10530.0
6022.5
5715.0
10740.5
12568.5
13553.0
4088.0
12531.0
13184.0
11720.5
13875.0
10428.5
9729.0
4656.5
10296.0
10313.0
6180.0
11835.0
13340.5
10534.5
0
10527.5
8082.0
10550.5
15076.0
10189.0
12813.0
13543.5
1155.5
5193.5
13094.5
11760.5
14778.0
9353.5
6401.0
11450.5
10096.0
9367.5
11523.5
13568.0
10200.5
5273.0
15068.5
12987.0
12299.0
12476.5
6764.0
13189.5
12241.0
12212.0
8361.0
12520.5
11507.0
11207.0
12950.0
14314.0
11686.5
11810.5
12301.0
0
10188.5
15662.0
0
8630.5
16075.5
13869.0
10797.0
15408.0
11547.0
11792.5
12527.0
12660.0
10159.0
11619.0
14755.5
12999.5
14507.0
14623.5
12449.5
11862.5
14209.5
13277.5
9930.0
2043.0
4410.0
13010.5
10574.0
12316.0
10488.0
11629.5
3591.0
11548.0
13333.5
12598.0
15356.5
13884.5
12650.5
10750.0
11224.5
11043.5
14339.0
4287.0
11249.5
13344.5
13220.0
11622.0
12862.5
14156.0
13674.5
12004.0
10541.0
2497.5
13186.5
13219.5
1779.5
9547.0
10551.5
11018.0
13476.5
10063.5
12289.0
10070.5
3741.0
10665.5
2420.0
11269.0
0
17165.0
13968.0
15303.0
10074.5
9960.5
6503.0
2496.0
14616.0
10360.5
12708.5
8021.0
8869.5
12332.0
771.5
4942.5
0
9827.0
8923.5
14212.5
9538.5
6821.0
12299.0
7588.5
10423.5
13566.5
10179.0
0
10071.5
4122.0
11279.0
0
12598.5
14057.0
12617.5
10717.0
11344.0
126.5
14664.0
5978.5
10979.0
12900.5
11024.5
13841.5
12774.0
5433.0
845.0
12920.0
68.0
11779.0
9770.5
12906.0
12471.5
11492.0
10196.0
7021.0
1728.0
12460.5
2432.5
13474.5
14274.5
11025.0
12478.0
2614.5
10066.0
10068.0
12611.0
13181.0
3523.0
12730.5
12355.5
12849.0
10512.0
10849.5
1816.0
11900.0
11564.0
14569.5
9370.5
10032.0
10001.0
0
11080.0
11800.5
2337.0
12479.5
497.0
12683.0
10597.5
12834.5
14132.0
10160.0
14700.5
12657.0
1667.5
13739.0
6800.5
7867.0
12086.5
3064.0
10153.0
13037.5
10564.5
10311.0
11675.0
11851.0
3788.5
11559.0
9612.0
12322.0
12806.5
2478.5
10640.5
7317.0
6818.5
14247.0
14217.5
13433.5
8498.5
0
11971.5
14113.0
13661.0
9929.5
10584.0
14548.5
12847.0
9952.0
10848.0
5615.0
12953.0
11484.5
1176.0
10225.0
10080.0
11011.0
10109.5
10965.5
8441.0
138.0
11515.0
6667.5
13108.0
11899.5
9524.5
13137.0
11026.0
13170.5
10286.0
10232.5
9702.0
7342.0
13427.5
11418.0
13811.0
138.0
2551.0
12905.0
10503.5
7135.5
7000.0
12721.0
12368.0
12283.5
6421.0
15009.5
11807.0
14816.5
11441.5
7878.5
11243.0
15514.0
7271.0
9648.0
9151.5
10734.0
10697.0
13468.0
13477.5
3169.0
14599.5
7671.0
10079.0
9781.5
13931.0
10071.0
14033.0
0
6573.5
126.5
10983.0
10560.5
12228.0
6454.0
12513.0
10001.5
12607.5
11708.5
10684.5
10558.5
10236.5
653.0
11519.0
11716.5
10923.0
12314.0
2040.5
5505.5
11515.5
13605.5
11448.5
13640.5
8527.5
11928.0
14895.5
14144.0
11969.5
10794.0
13971.5
10070.0
11037.0
8473.0
4817.0
3867.0
10585.5
10049.5
11496.0
5525.0
7957.0
11165.0
11881.0
7250.5
10984.5
12806.5
6100.0
11285.0
10942.5
10064.0
15017.5
13172.5
10546.0
14170.5
14865.0
11622.5
10122.0
10449.0
13242.0
10345.0
13053.0
13801.0
11004.0
12430.5
9493.0
10416.0
6250.0
3918.5
11206.5
13733.0
13011.5
12130.0
10344.5
0
10986.5
8703.0
3373.5
13296.5
2429.0
5559.0
10487.0
11442.5
15573.0
12448.5
15033.5
13333.5
11692.0
11386.0
14694.5
11294.5
8960.5
12818.5
13543.0
12697.0
9562.5
10071.0
126.5
10509.0
0
10993.5
14367.5
11874.5
15596.0
11373.0
10883.0
7910.0
13159.5
10798.5
4924.0
12590.0
1109.5
10162.0
10703.0
13443.5
10168.5
14462.0
10961.5
12464.0
11692.5
10962.5
10101.0
12636.5
10601.5
13036.0
10590.0
12735.5
13394.0
8426.5
5554.0
8710.5
6979.5
6138.0
11090.5
12384.0
11276.5
11394.0
2532.0
10515.0
10717.0
11427.0
14775.5
6041.0
12911.5
11744.0
8261.5
11965.0
5178.5
11818.5
11170.5
10250.0
11398.5
10091.0
2057.5
8481.0
4855.5
11397.5
11178.5
9344.0
10714.5
6266.5
12138.5
11566.0
7769.5
11245.5
13985.0
12549.5
10519.5
11463.0
10690.0
14096.0
5573.0
9824.5
10305.0
11889.5
14983.0
12760.5
12085.0
7673.5
5923.0
12715.5
9204.5
13036.5
14361.5
11832.5
13167.0
7124.5
11361.5
7298.5
9222.0
8663.5
14063.5
12899.5
11190.0
10807.5
13461.0
5312.0
10155.5
11323.5
12449.0
13518.5
10708.0
10281.5
15350.0
13996.5
12242.5
10963.0
13833.5
14818.0
5688.0
8056.5
7558.5
10547.0
13610.0
6225.5
10902.5
13639.0
11703.0
14181.0
16526.5
12614.5
4694.0
12685.0
9611.0
12722.0
11300.5
11415.0
12077.0
12870.0
10821.0
13469.5
13032.5
8770.0
10571.5
8788.5
13229.0
3629.0
10569.0
14644.0
10757.0
10190.0
16523.5
12485.0
14250.0
13957.0
14536.0
13907.0
10066.0
10235.0
5247.5
12874.0
10065.5
12663.0
0
10684.5
10525.5
11695.5
10707.0
0
15795.5
0
11108.0
10074.5
13919.5
16286.5
13372.5
0
13520.5
10725.0
11867.0
11732.0
12900.0
11105.5
11971.5
4435.5
6752.5
6952.0
14228.5
10931.0
13796.0
12546.0
11707.5
10399.5
900.0
0
12061.0
12772.0
12903.0
11392.5
652.0
13520.5
14204.0
6958.5
0
12112.5
15184.0
8858.5
13343.5
10598.0
5245.0
10132.0
13064.5
13249.5
12760.5
14057.0
13286.0
1927.5
12042.0
15956.5
14158.5
1036.5
13182.0
13886.5
13141.0
12587.5
12871.5
12058.0
9611.0
68.0
13920.5
9046.0
13413.5
13139.5
9119.0
10774.5
12864.5
15875.0
13360.5
11157.5
14538.0
1617.5
8526.5
1167.5
0
5959.0
10345.0
15213.5
11756.0
1073.0
8041.5
12136.0
3070.0
9342.5
10515.5
68.0
13872.0
13440.0
11104.5
16025.0
12356.0
13856.5
11429.0
9445.0
12078.5
11919.5
11464.5
14383.0
0
2949.5
12714.0
10906.5
613.5
11706.0
3214.0
12930.5
2225.0
11951.0
15189.0
13793.0
9434.5
14202.0
9102.5
13002.5
13168.5
3129.0
15065.0
12560.0
13865.0
13732.0
716.0
14416.0
12323.0
11571.0
2618.5
12289.0
10537.0
10061.0
13374.5
10993.0
12507.0
6975.5
11034.0
10262.5
7206.0
4348.5
13331.0
10830.5
11446.0
8736.5
10941.0
2757.5
14662.5
9852.0
13906.5
14006.0
14065.5
6489.5
10505.5
8372.5
13816.0
11470.5
2700.5
11159.5
8147.0
11016.0
13113.0
13771.0
14475.5
10094.0
1833.5
13390.0
13247.0
2078.5
11544.0
14461.0
14570.0
15139.0
10531.0
13930.0
1302.5
14374.0
14599.5
12860.0
3899.5
12381.5
13278.5
9117.5
13572.5
11906.5
1972.0
11299.5
12600.0
5415.0
11888.5
13159.0
1570.5
10454.0
10785.5
14392.5
13067.5
12127.0
11744.5
13475.0
13016.5
14510.0
8683.0
14262.5
3781.5
14817.0
14157.5
741.0
3455.0
10925.0
16042.5
9208.0
14930.0
11993.0
12919.5
11663.0
11463.0
3215.5
11036.5
14123.5
13889.5
68.0
11932.0
10824.5
13939.0
11577.0
11461.5
418.5
11840.0
15006.0
126.5
15135.0
13181.5
10734.5
