0
68.0
68.0
1303.0
514.5
461.0
1126.5
1157.5
1176.0
1570.5
1870.0
1864.0
0
2249.0
453.5
2155.0
2634.0
348.5
2262.0
2788.5
3070.5
1495.5
1384.5
1743.5
535.0
2179.0
1425.0
3855.5
2085.0
1018.5
3094.0
68.0
1674.0
138.0
2857.5
3632.5
2211.5
1534.0
1505.0
383.0
608.5
1270.0
739.0
771.0
771.0
694.5
598.0
1460.5
3993.0
1827.0
1695.0
535.0
126.5
3390.0
1383.0
965.5
1583.5
3314.0
1670.5
1308.0
941.5
1349.0
528.0
1037.5
3812.0
497.0
1385.5
960.0
1340.0
3421.5
68.0
1460.5
2872.5
419.5
557.5
1725.5
126.5
316.0
814.5
1919.5
685.5
3347.5
1942.0
374.5
1645.5
794.5
3924.5
1476.5
2969.5
939.0
316.0
1243.0
1387.0
68.0
183.5
1072.0
671.0
2038.0
595.0
128.0
120.5
1316.0
999.5
1925.0
359.0
355.5
2030.5
419.5
1070.5
508.5
1801.5
898.5
1079.0
1481.0
1073.5
2074.5
817.5
719.0
894.0
68.0
365.5
374.5
1496.5
1022.5
68.0
183.5
719.0
829.5
126.5
1214.0
924.5
518.0
68.0
1250.0
489.5
3063.0
438.5
992.5
126.5
2143.0
390.5
327.0

173.0
2016.0
1010.0
2210.5
1385.5
68.0
243.5
771.0
138.0
952.5
667.5
1225.0
622.0
541.0
285.5
2977.0
2050.5
2945.0
419.5
797.5
716.0
717.0
1444.0
365.5
348.0
435.5
300.5
2369.0
128.0
401.0
1269.5
809.0
128.0
1070.5
68.0
1138.5
128.0
829.5
848.5
401.0
1216.5
1651.0
243.5
302.0
491.0
419.5
2645.0
760.5
1247.5
243.5
1931.5
0
1098.5
489.5
637.0
1269.0
729.5
348.5
893.5
983.0
1267.5
2550.0
649.0
1535.0
1122.5
2031.0
2077.5
1159.5
1911.5
529.0
68.0
1213.5
3982.5
684.5
771.0
1408.0
582.0
2588.5
745.5
2561.5
438.5
758.5
1050.0
2493.0
639.5
2445.0
1430.5
478.0
1581.5
1350.0
365.5
419.5
1230.5
997.5
523.5
1844.5
1075.5
221.5
353.0
1076.0
243.5
1617.5
1529.5
608.5
68.0
1490.0
2152.0
593.5
68.0
1978.0
896.0
438.5
563.5
1100.5
128.0
752.5
1771.0
1794.5
698.5
1021.5
1100.5
1949.5
1066.0
1391.0
3282.5
775.0
3248.0
438.5
976.0
892.0
1281.0
839.0
1220.5
659.5
478.0
3625.5
383.0
799.0
390.5
419.5
2162.5
418.5
2647.5
759.0
416.0
4720.5
698.5
524.5
849.0
1072.0
1108.5
1499.0
481.0
5694.5
860.0
919.0
1112.5
1753.0
1165.5
2751.0
4067.0
68.0
1883.5
2984.0
3538.5
1868.0
68.0
686.5
2363.0
476.0
4762.5
1961.0
2372.0
2801.0
822.0
6298.0
1779.5
826.5
3694.5
2053.5
6565.5
2856.5
7415.0
6596.0
3345.5
4554.0
1697.0
5820.5
2021.0
1319.0
6360.5
769.5
5835.0
6357.0
3778.0
1753.5
2074.0
2521.0
3749.0
4514.5
4024.0
8272.0
3150.5
4272.0
5362.0
3599.5
2929.0
68.0
5530.5
6346.0
1126.5
6663.0
3022.0
68.0
5386.5
6987.5
601.0
598.0
6653.0
4800.0
5479.0
4983.5
2322.0
6369.5
126.5
8380.5
2197.0
3070.0
438.5
7974.5
10461.5
598.0
793.0
0
1712.5
7731.0
4720.0
7550.0
6896.5
509.5
4633.5
1160.5
6376.0
5383.5
4955.0
115.5
7265.0
2757.0
8695.0
7633.5
1348.0
2313.5
5041.0
885.5
5005.0
476.0
4254.5
0
2060.5
3074.5
5210.5
8354.0
2526.5
4386.0
3734.5
419.5
878.5
2467.5
2383.5
7141.5
3176.5
2907.5
419.0
2247.5
3438.0
2457.5
1007.5
7897.0
2195.5
4105.5
864.0
1913.0
5760.0
762.5
7390.5
1175.0
68.0
5559.5
7382.5
3923.0
7673.0
2240.5
2592.5
332.0
1627.5
1459.0
6468.0
2334.0
912.5
138.0
68.0
1945.5
1866.0
365.5
613.5
957.5
7248.5
2447.5
302.0
126.5
458.5
68.0
68.0
829.5
668.0
2791.0
736.0
7984.0
6269.5
6378.0
4700.0
210.5
825.0
2204.5
771.0
6829.0
5645.5
2200.0
6106.5
2027.0
7408.0
1824.0
667.5
1279.5
7538.5
6632.5
937.5
3829.0
6235.5
2540.0
3399.5
931.0
6296.5
7435.0
7450.0
4221.5
5900.5
5557.0
8399.0
5615.5
6234.0
2576.5
2407.0
5219.0
8950.5
7277.5
3567.5
2833.0
4475.5
0
0
4367.0
637.0
7207.5
7808.0
6197.0
3812.5
3241.0
7522.0
1180.5
126.5
2990.5
0
3271.0
982.0
3429.0
6111.5
5035.5
4003.5
3847.5
811.0
2972.5
3901.5
1552.5
5685.5
3490.5
4156.0
3676.5
824.5
2676.5
3540.5
5199.0
7016.0
750.0
3670.0
4067.5
10501.0
6674.0
9264.0
4719.0
6582.5
5921.5
4833.5
68.0
1231.0
7244.0
1819.5
732.5
8136.5
7506.0
8835.5
4440.5
2493.5
1213.5
8062.0
7634.5
6511.5
5133.5
8139.0
3466.0
4639.5
6523.0
8398.0
7495.5
7355.0
5527.5
6359.0
8494.5
9020.0
3322.0
2646.5
6084.5
5593.5
6568.0
9443.5
652.0
289.0
4984.0
4330.0
6255.5
8643.5
5899.0
1783.5
5292.0
438.5
5514.0
6330.0
613.0
6240.5
5560.5
6967.5
2556.0
9300.5
1217.0
4920.0
7105.0
316.0
6031.5
3161.0
3911.5
4889.0
777.5
10415.5
4228.5
5982.5
3225.5
8435.0
5065.5
0
419.5
2997.0
0
126.5
2081.0
9137.5
5901.0
0
0
9224.0
3498.0
8384.0
7586.0
2785.0
1394.0
1978.5
11246.5
6607.5
1357.0
5685.5
8882.0
3573.0
4396.0
2870.5
2424.5
1922.5
3127.0
2770.5
11380.5
126.5
2352.5
3186.0
910.0
126.5
1398.0
7125.5
7801.5
68.0
4759.0
2409.5
68.0
2840.5
2712.5
3024.5
6307.5
9933.5
5383.0
3420.5
8012.0
5742.0
126.5
3282.0
1412.0
1815.5
1972.5
8005.5
0
0
987.5
6867.0
6117.5
6608.0
8494.0
68.0
7051.0
2591.5
6925.5
6391.0
1337.5
3147.0
2815.0
6235.0
7510.0
7933.0
6702.5
3764.0
126.5
2487.0
5991.5
5907.5
4714.5
7259.5
9200.0
3477.5
5893.0
2660.5
355.5
6482.0
1007.0
8144.0
6637.5
68.0
4849.0
3878.5
1068.5
5722.0
5491.0
4403.0
2867.5
2450.0
5624.5
3069.0
6444.0
1963.0
3414.0
126.5
138.0
6239.0
257.0
2245.5
4917.5
359.0
6788.5
2308.5
857.0
5047.0
5064.0
1132.5
3729.5
5263.5
3306.5
0
954.5
7613.5
1444.5
1315.5
2991.5
3981.0
6411.0
138.0
6816.0
0
4191.5
1003.0
1124.0
1308.5
5186.0
68.0
0
3865.0
719.0
2734.0
2573.5
2071.5
460.5
3569.0
4677.0
2146.0
365.5
698.0
3457.5
3186.5
183.5
1738.5
8966.5
4522.5
5996.5
3236.0
9618.5
7248.5
8822.0
0
7447.0
10102.0
8789.0
790.0
1113.0
5390.0
68.0
0
1832.5
6015.0
5817.0
4975.0
5979.5
2793.5
9030.5
9933.0
7406.5
4835.5
3280.0
7595.0
1507.5
2537.0
243.0
9875.5
5760.5
2221.5
9120.0
0
4301.5
6496.0
2381.5
5570.5
10241.0
6329.5
6700.0
2205.5
4540.5
6969.0
3053.0
10000.5
8286.5
1109.0
4326.0
10156.0
8131.0
11867.5
4242.5
3236.0
8658.5
3130.0
3410.5
2354.0
9333.5
6094.0
5908.0
3367.0
6443.0
1179.0
2764.5
2519.0
4328.5
5980.5
5491.5
6652.0
4659.0
0
4330.5
6981.0
3090.0
3762.5
4273.0
3102.5
789.5
3969.5
2894.0
4054.5
3267.5
4888.0
5272.0
10936.0
8258.5
710.5
8452.0
5834.5
9026.0
4204.5
6565.5
5327.0
8062.5
9338.5
2603.5
5787.0
7265.0
5607.5
5818.5
10797.0
4336.5
6616.0
9836.5
6349.5
7180.5
3421.0
5162.0
7027.0
6392.0
4995.5
4776.0
7200.0
3442.0
3904.0
7237.5
6781.5
7009.0
0
374.5
7321.0
1661.5
0
1374.5
6293.5
0
2349.0
6952.5
6710.5
5667.0
9489.5
829.5
4189.0
6766.0
6692.5
7113.5
4269.5
489.5
68.0
8904.5
7125.5
4558.5
183.5
5335.0
8723.5
1357.0
8068.0
68.0
6355.0
7565.0
3826.0
2766.0
4809.5
1926.5
5452.0
183.5
10132.5
6193.0
2432.5
2563.5
7497.0
3276.0
4243.0
459.5
2006.0
1332.5
5837.0
857.0

68.0
3798.5
8000.0
6492.5
4740.5
8270.0
7459.0
5175.5
407.0
8230.5
4032.0
10293.0
4813.0
6883.0
5281.0
11022.0
3739.0
419.5
2924.0
7990.0
6148.5
719.0
4951.5
6810.5
0
726.0
0
4863.0
4810.0
3483.5
10649.0
654.0
2468.5
2617.0
7978.0
770.5
9371.5
1876.0
126.5
9915.0
3771.0
2440.5
6000.5
5548.5
4789.0
6165.0
9512.5
576.5
1109.5
0
7487.0
8115.5
5008.5
136.0
9051.5
5701.0
2103.0
1978.0
1399.5
3995.5
7655.5
535.0
7618.5
5578.0
8469.0
2319.5
2396.0
3538.5
2470.0
8906.5
3194.0
2822.5
6248.5
7268.0
5358.5
3610.5
8499.5
7667.0
7834.0
5554.0
3823.5
1822.5
5860.5
1884.0
6114.0
2388.5
7583.0
6016.0
8231.5
5802.5
8174.5
5943.5
6560.5
5011.5
5764.0
1142.0
2257.5
6374.5
5018.5
5578.0
6817.0
1902.5
0
3871.5
3600.5
7791.5
1512.5
6411.0
8483.5
7977.0
68.0
2193.5
3500.0
1736.5
9309.0
3213.5
7628.5
6147.5
7890.5
4193.5
9630.5
7113.5
3101.0
1973.5
5978.0
1830.5
2598.5
582.0
7110.5
9174.5
8165.5
8194.0
1610.0
4830.0
790.0
4760.0
7197.0
10435.0
4523.5
6290.0
10477.5
9103.5
5797.5
138.0
5546.5
1488.0
7651.5
3406.0
874.0
6277.0
441.5

5650.0
359.0
5658.5
8181.5
1108.0
2895.0
0
7646.0
2724.0
9186.5
974.0
2268.5
2087.0
424.0
3710.0
419.5
4682.5
5389.0
8898.5
8756.0
3776.5
4278.0
489.5

9115.5
7347.0
7197.0
0
1403.5
138.0
2491.5
4235.5
8738.0
7069.0
2248.5
3728.0
3849.0
3928.5
1414.5
6773.0
3182.0
2530.5
569.5
3319.5
2619.5
435.5
1419.0
6079.5
3035.0
68.0
8371.5
3963.0
6216.0
4079.5
1186.0
8263.5
7975.0
1798.0
2731.5
2469.0
2072.0
3585.5
126.5
0
6074.5
7429.0
2411.0
5396.5
3576.0
5649.5
5228.5
5379.5
3722.0
4565.0
710.5
5704.0
1461.0
4151.5
1864.5
0
5235.5
6504.0
5676.0
11081.5
9576.0
0
0
2165.0
4986.0
3404.0
8721.5
4486.5
7602.5
6241.5
7101.0
6812.5
5643.5
10273.0
0
3508.0
3641.5
10353.5
754.0
0
1983.0
6669.0
8400.5
5851.0
2014.5
2015.5
1436.0
6096.5
370.5
1168.0
7151.0
115.5
9931.0
7783.5
7051.5
10113.0
7467.5
1759.5
1336.0
7923.5
9962.5
416.0
999.5
68.0
4042.0
3582.0
2125.5
3061.0
4723.0
4211.0
3652.5
0
9896.5
5884.0
5047.0
6589.0
4672.0
3077.5
2020.5
4966.5
5591.5
8467.0
4762.0
0
8740.5
1794.0
4210.0
4135.0
2124.0
6761.5
9051.0
5285.0
842.5
5705.5
1496.5
1606.0
0
6077.0
6678.0
2763.5
7487.5
7868.5
9878.5
7824.0
913.0
4718.5
6792.0
12081.0
829.5
598.0
5398.5
6607.0
8642.0
3055.5
6023.0
3879.0
0
1473.0
7249.0
9829.5
10852.0
2169.5
8777.0
3601.5
10069.5
5655.0
9086.0
1019.5
7333.5
4227.5
458.0
8981.5
0
9509.0
4563.5
5339.0
3382.0
12591.0
5373.0
966.5
7557.0
7105.5
3382.5
1244.5
8705.5
6114.0
7011.0
9107.5
5926.5
9147.5
6622.5
4188.0
3467.0
10047.5
0
6966.5
5641.0
911.5
7069.5
6321.5
8503.5
2385.5
7044.0
8624.5
8802.5
1447.5
1862.5
0
327.0
4320.0
6522.5
0
438.5
6671.0
2168.0
6891.5
3281.0
6631.0
6127.5
6573.5
5805.0
831.5
4063.5
2283.0
0
10125.0
7537.0
4024.5
6223.0
2027.5
4625.5
8427.0
7183.0
0
300.5
3713.0
478.0
4683.5
2191.5
5322.5
2182.0
5964.0
68.0
4199.0
899.5
6598.5
821.5
8592.0
4291.0
4253.5
9573.0
5327.5
9570.0
8527.5
974.0
6674.5
8207.5
9644.5
9877.5
5272.5
1585.0
4255.5
5561.5
3662.0
6515.5
3264.5
4749.5
0
9453.5
4583.5
6786.5
2660.5
5323.5
2769.0
419.5
7011.0
598.0
902.5
9946.0
1898.5
6575.0
4792.5
4638.5
5149.5
11453.0
3160.0
5978.5
4843.5
5603.0
6090.0
10698.0
5540.5
8393.0
7180.5
753.5
10911.0
7760.0
12378.0
68.0
126.5
2573.5
4488.0
5260.0
6694.5
1007.0
12256.0
4514.5
2279.0
4242.5
6865.5
2641.5
2472.0
9749.0
68.0
2608.5
8117.5
3314.5
3556.5
4920.5
5540.0
2672.0
8333.5
4258.0
7447.5
7084.0
7379.5
2994.0
2830.0
7393.5
6204.5
8759.5
3912.5
4567.0
7644.5
4831.0
6562.5
5101.0
2232.0
8218.5
2458.0
1192.5
9136.0
2115.5
8441.0
3595.5
8845.5
5909.0
2905.5
7602.0
4123.0
3249.0
2932.5
917.5
5243.0
7885.0
5495.0
5474.5
2236.0
7418.5
6968.5
7711.0
0
1529.5
6728.0
126.5
5667.0
5880.5
8140.0
2556.0
7187.5
6876.0
4747.0
6719.0
9838.5
2844.0
8141.0
6904.0
5069.0
5870.0
4493.5
0
6247.5
8085.5
8437.5
8734.0
1929.5
3631.5
7162.5
6507.5
726.0
3722.0
10582.5
3274.5
5795.0
4394.5
1833.5
491.0
1442.5
8925.0
5988.0
548.5
3506.0
2768.0
359.0
4629.0
8672.0
8934.5
3227.5
10966.0
0
7228.5
6368.5
6360.5
9630.5
2581.0
4019.0
5495.5
2818.5
3054.0
5220.5
3505.5
7255.5
2062.5
11112.0
6665.5
3725.0
7170.5
7278.5
7222.5
6783.0
4693.5
5645.5
3308.5
6689.0
3838.5
8805.5
5584.5
2458.5
3885.0
2601.0
6045.5
2450.5
2909.0
419.5
4414.5
7139.0
652.0
8699.0
2801.5
2912.5
1938.0
3398.5
0
7111.5
471.0
5646.0
4332.5
2602.5
2187.5
11124.0
1637.5
3129.5
424.0
9823.5
7496.5
68.0
1650.5
2271.0
3960.5
7194.5
5680.5
285.5
126.5
7574.0
3657.0
1814.5
2284.0
0
9966.0
4761.0
438.5
2049.0
1979.5
7398.0
9681.0
2892.0
6332.5
1821.0
2161.0
2499.0
3831.5
359.0
3275.0
0
7394.0
7848.0
7687.0
1977.5
1458.0
0
3364.0
6191.0
3635.0
10972.0
920.5
4001.5
1689.0
0
2043.5
4927.0
4018.5
5612.5
5921.0
2280.0
5481.5
1867.5
2509.5
6314.5
9274.5
5579.0
6646.0
6267.5
10670.0
6786.0
1970.5
6587.0
6413.0
3670.5
1498.0
6850.0
3113.5
4080.0
0
0
3673.5
126.5
3409.0
6127.0
0
6963.5
9879.5
6617.5
1950.0
11207.5
2163.0
3405.5
7115.5
10568.5
3416.5
7609.0
9371.0
4893.5
8437.5
5618.0
6893.0
7157.0
8243.0
0
8319.5
419.5
5671.5
9020.5
1396.5
6605.0
3350.0
7066.0
10175.5
5415.5
5731.5
0
1404.5
6533.5
5145.5
3610.5
9353.5
2694.0
8560.0
4124.5
4506.0
9625.5
9467.0
7385.5
9309.5
8305.0
8505.0
1653.0
0
3373.5
6260.0
6752.5
3296.0
8567.5
2671.5
651.0
10111.0
7062.5
10002.5
12656.0
3855.5
8527.0
2474.0
10752.0
4103.5
8064.0
1476.5
4392.0
2530.5
5958.0
5552.0
9209.0
1258.0
68.0
2318.0
3489.5
8989.0
7651.5
126.5
4975.5
1133.0
3598.0
3172.0
8902.0
717.0
1005.0
1068.0
12306.0
9779.0
9631.5
6262.0
2132.0
5865.0
3617.0
4291.0
8149.0
8139.5
4740.0
489.5
8571.5
6736.5
459.5
1915.0
10169.0
7477.5
6410.5
3859.5
652.0
3689.0
3533.5
0
7130.5
8916.5
9888.5
4466.5
4574.0
243.5
2420.5
1238.5
5574.5
5273.5
6345.5
5663.5
5479.0
0
1943.5
4811.5
7156.5
3877.5
1849.5
9540.5
7022.0
3390.5
3666.0
8330.5
5773.0
5841.0
3076.0
7014.5
9474.0
1608.0
5195.5
3107.0
8768.0
6936.0
5587.5
8091.0
7047.0
8658.0
9302.5
8744.0
1514.5
6921.0
6630.5
4307.0
1616.0
3594.5
126.5
2673.0
6334.5
7097.5
0
6514.0
126.5
2521.5
0
1690.5
7892.5
879.0
3313.0
5992.0
2373.5
3349.5
10669.0
5535.5
7164.5
6503.5
5867.5
8749.0
3604.5
1519.0
3295.0
5233.0
2050.5
6498.0
6523.0
120.5
4012.5
7556.0
2228.5
2366.0
9651.0
9230.5
2090.0
850.0
0
3886.0
4575.0
5098.5
7170.0
1459.0
3261.5
2517.5
0
3292.0
7949.0
7830.5
829.5
7767.5
68.0
7213.5
4562.5
7743.5
9526.5
2744.0
68.0
3711.5
8565.0
9764.5
3280.0
6214.0
4478.5
5697.5
6060.5
2653.0
848.5
3190.0
6963.5
7650.0
3743.0
9209.0
11195.0
8595.5
2651.0
7083.0
5075.0
6576.5
7765.5
4741.5
10476.0
4209.0
2130.5
126.5
6243.5
5598.5
6940.5
5806.5
6429.0
848.5
6381.0
5572.5
0
3819.5
10149.5
4163.5
7367.0
3288.5
1842.5
2775.5
2251.0
4024.5
3324.5
5687.5
0
2641.0
4276.5
68.0
2092.0
2414.0
2016.0
3141.5
6921.5
4893.5
9070.5
2942.0
5503.5
7258.0
6961.5
1908.0
4808.5
6261.0
6384.5
6683.5
7641.5
8070.0
8169.5
4841.0
4845.5
4576.5
7426.0
8378.0
4801.5
6372.0
7964.0
7691.0
8143.0
1425.5
9343.0
126.5
2079.0
3861.0
5024.5
5154.0
4501.0
126.5
9559.0
3233.5
10668.5
663.0
6496.0
7163.5
2709.5
2567.5
2726.5
3485.0
1770.0
7797.5
3084.0
2212.0
1332.0
6469.0
3395.0
11345.5
5896.0
5822.0
3142.0
1403.0
6623.5
3137.0
4406.5
7832.5
1727.0
6300.5
5514.0
9613.5
7838.0
7922.0
383.0

10458.0
4341.0
1651.5
5079.5
8005.0
1427.5
1148.0
4448.5
5933.5
7226.0
9080.0
1171.5
7781.0
438.5
4973.0
2391.0
3395.5
5023.5
5476.5
3236.5
9738.5
12554.0
5152.5
5689.0
0
6284.5
2433.0
126.5
9010.0
10173.5
6859.0
2110.0
8964.0
4921.0
7684.5
1729.5
7225.0
3372.5
0
2135.0
120.5
11071.5
3537.5
6126.5
3758.0
5967.5
5722.5
8557.5
8167.5
3671.0
7669.0
3252.0
5680.5
4110.0
8636.0
4480.5
1643.0
6291.0
487.0
2513.0
8360.5
1719.5
7661.0
115.5
6516.5
7643.5
8024.0
9576.0
2272.5
7148.5
4737.0
8314.5
6265.0
9084.5
3688.0
6739.0
4927.5
3039.0
11850.0
0
3205.0
8014.0
7309.5
5874.5
8421.0
242.0
2535.5
8831.5
1019.0
5519.5
3831.0
1149.0
1449.0
10431.5
0
8004.0
7911.5
0
8720.0
772.5
2993.0
138.0
9928.0
183.5
5775.0
0
7750.5
6997.5
9827.0
5775.0
478.0
2350.0
4238.0
10989.0
4785.0
0
7346.5
7810.0
6815.5

4429.0
7630.5
1205.0
6342.5
4069.0
6224.0
6779.0
6464.5
10226.5
8791.5
6911.5
5484.5
0
3211.5
1978.0
10065.0
8739.0
10341.0
6616.5
7464.0
2819.5
8562.5
6481.5
1398.5
2606.5
5867.5
6102.5
9109.5
5666.0
2879.5
6846.5
1176.5
5523.5
1611.0
9195.5
7685.5
6641.0
4112.5
2632.0
8133.5
10423.0
6821.5
68.0
3845.5
1962.0
3832.5
5644.0
407.0
6158.5
2677.0
7209.0
8528.0
8957.0
243.5
4824.5
5969.0
5357.0
6064.5
6094.0
3858.0
7526.5
8422.5
6414.5
10336.5
2929.0
5347.0
7251.0
9266.5
2756.0
7332.0
2216.5
2721.5
9664.0
5173.0
9255.5
8964.0
5443.0
5562.0
7602.5
7046.0
10283.5
10333.0
7987.0
11448.0
9226.0
2096.5
3194.0
6851.0
5758.5
4766.0
8511.0
8978.5
5585.5
0
6984.0
7728.0
10568.5
6788.5
5530.0
4356.5
975.5
4615.5
6918.5
7208.0
1317.0
11162.5
7038.0
5502.5
3025.0
8740.0
1995.0
7629.5
8621.0
5579.0
10091.5
6573.0
2307.5
7326.0
7581.0
8961.0
3900.0
8256.0
6470.0
4221.0
4861.0
10406.5
3010.0
11987.5
2245.5
6475.5
8830.5
4176.0
6875.5
1708.0
6639.5
5744.0
8564.0
5694.0
4785.5
3391.5
7460.5
3432.5
2403.0
2219.0
8888.0
5719.5
1370.5
8100.0
0
3334.5
3089.5
5315.0
8848.5
8171.5
3034.5
2665.0
0
6942.0
1977.0
289.0
68.0
6431.5
3115.0
5430.5
7858.5
7114.5
10802.0
6244.5
5605.5
10493.5
1715.5
13105.0
7227.0
7375.0
7747.5
3116.0
5696.5
126.5
1293.5
7299.0
8044.5
3998.5
2299.0
0
8414.5
5097.0
4104.5
811.0
8828.5
8280.0
2514.5
7623.0
3943.5
4270.5
8292.0
7023.5
7157.5
4394.5
7710.5
8414.5
10208.5
6154.0
1768.5
8464.5
7759.0
6882.0
3042.0
7915.5
0
9208.0
8370.5
884.5
10616.0
1176.5
10083.0
6112.5
3076.5
2522.0
10376.5
7186.0
8221.5
6328.5
5230.5
8031.5
5085.5
8525.0
7841.5
11336.5
2998.5
5612.5
5256.0
4454.0
7516.0
3764.0
1163.5
8725.0
2221.5
7522.5
4891.0
8979.5
2359.0
8182.5
6722.0
3425.0
931.5
5538.0
9586.5
126.5
5007.5
2944.0
4924.5
2899.0
4211.0
0
4283.5
5212.5
10100.0
7660.0
0
2712.5
7386.5
6573.5
11059.0
1607.5
4309.5
1488.0
0
5253.5
8040.0
9175.0
7673.0
1619.5
10879.0
9843.5
596.5
10344.0
126.5
1192.5
0
5827.5
0
3023.0
8875.5
9146.5
7499.0
6342.5
6160.5
9412.5
68.0
7606.5
8414.5
790.0
9562.5
9523.5
68.0
2059.0
1783.0
0
1475.5
2398.0
9120.0
2240.0
4396.5
438.5
646.0
9799.0
5741.5
3774.5
489.5
1307.0
6030.0
2545.5
8757.0
2388.0
7570.5
2030.0
1406.0
1811.0
1428.0
2385.0
6766.5
68.0
4198.5
9213.0
7395.0
2636.5
68.0
126.5
8521.5
1964.5
790.0
929.0
6388.0
848.0
1407.0
8386.5
5922.0
6273.0
5052.5
710.5
138.0
4033.5
0
0
9457.0
2706.0
0
0
8312.0
10288.0
2843.5
7763.5
7886.5
9201.0
3732.0
7594.5
438.5
1639.0
7187.0
5993.0
7379.5
7550.0
4206.0
0
2628.0
5629.5
1060.0
6599.5
4812.0
11199.0
12969.5
0
1366.0
10483.5
3882.0
8455.5
7104.5
7950.5
4504.0
11471.5
9112.0
0
6910.5
3821.5
5094.0
7005.0
5764.5
4813.5
3676.5
1816.0
1933.0
0
6365.0
0
4831.0
9008.0
1753.0
6358.5
68.0
2758.0
6582.0
8678.5
2860.5
8618.0
4889.5
6366.5
8148.0
1092.5
4044.0
1942.5
8417.5
7947.5
757.0
5555.5
6978.0
5189.5
6287.5
3827.5
10410.0
8357.0
7640.0
6112.0
478.0
7288.0
10559.5
1175.5
6752.5
6524.5
3471.0
10305.0
9081.5
9818.0
5219.5
8937.5
0
6913.5
8094.5
6418.5
10051.5
5134.5
6411.5
2862.0
2685.0
5839.5
5429.0
8762.5
6916.0
7104.0
0
8180.0
7035.5
10109.0
6456.0
7329.0
2439.5
3295.5
6490.5
5499.5
2639.5
6415.0
5827.5
1315.5
6142.0
8077.0
4244.5
7803.5
0
11364.0
8650.0
11397.5
8518.5
9343.5
10163.5
2016.5
11491.0
10362.0
1711.5
9161.5
8935.0
2176.5
8838.5
7522.5
4853.5
6151.0
5018.0
10953.0
8661.0
5325.0
0
10040.0
6210.5
6683.5
2928.0
5476.5
6230.5
10993.5
8474.5
12532.0
2026.5
12054.0
10947.0
10156.0
13101.0
0
7262.0
7043.0
2099.0
5114.0
6873.0
9321.0
6686.0
6067.0
6920.5
1944.5
4363.5
9768.0
8954.0
3913.0
0
2912.0
8909.5
7678.5
0
9179.0
2228.0
3855.5
3389.0
6754.5
7660.5
10055.5
6252.5
3970.0
1262.0
6343.5
1706.0
0
5053.5
8157.0
6146.5
5421.5
6897.5
8010.5
3227.0
6156.0
6613.0
10383.0
6580.5
7376.0
4501.0
8778.0
0
3014.0
5644.0
6113.5
3089.0
10211.5
179.0
12331.0
10676.5
8371.5
6452.5
5323.5
5321.5
0
4445.5
6393.0
0
6115.0
13145.0
10993.0
5730.0
8804.0
9549.0
2658.0
2300.0
4353.5
6562.5
12345.5
1176.5
12819.0
9070.0
3361.5
4991.0
1816.5
7307.5
0
736.0
3283.0
5814.0
9628.0
7724.5
9744.0
9350.5
4574.5
1068.5
10950.5
3131.0
2553.5
5807.5
10889.5
10316.5
9981.0
0
8202.0
1737.5
11646.5
5393.0
1519.0
6164.5
5386.0
2496.0
9082.5
419.5
3761.0
6137.0
5060.0
6148.5
13034.0
6586.5
3065.0
2880.0
115.5
5460.5
8696.5
9603.0
10088.0
8935.0
2662.5
6451.5
7494.5
12820.0
5521.0
8501.0
2640.5
9156.5
3182.5
7506.0
3597.0
3124.5
2923.0
2467.5
2430.5
809.0
3539.5
4771.0
6968.0
2757.5
3889.0
8390.0
8158.0
8435.0
6511.5
996.5
6481.0
7233.0
10448.5
5756.0
2697.5
9197.5
5180.0
6956.0
7455.5
0
1650.0
6085.0
9746.5
1544.5
3340.0
5226.5
533.0
0
10205.5
1980.5
7563.5
8067.5
5956.0
3484.5
1062.0
5684.0
5648.0
5779.5
0
9400.5
1587.0
8067.0
8379.0
5226.0
8383.0
768.5
10097.5
12200.5
6334.0
3224.5
5184.5
7850.0
6694.5
9944.0
2616.0
8677.5
4026.5
4701.0
1233.5
5251.0
877.5
5919.0
7722.0
648.5
9930.0
3985.0
5753.5
6970.5
8667.0
3684.5
68.0
2812.5
5595.0
1069.5
13087.5
7980.5
7047.5
790.0
6873.5
811.0
5990.0
1375.0
2726.0
9835.5
1313.5
7520.5
8690.0
8800.5
0
5422.0
1813.5
8409.0
2574.5
9056.5
7165.0
5547.0
5723.5
1323.0
1087.5
9665.5
4931.0
704.5
126.5
3617.5
9238.5
6796.5
478.0
11409.0
3056.0
3927.5
2653.0
2937.0
9118.5
7573.5
5814.0
0
3936.0
1105.0
9276.0
10142.0
2409.0
8405.0
8877.5
7784.5
5433.5
11063.0
9090.0
2485.0
10762.0
11151.5
10967.5
8273.0
4536.0
10325.5
6827.0
2805.0
2517.0
1797.0
3919.0
9597.0
3544.0
7575.5
3050.5
11663.0
1244.5
10748.5
3400.0
7684.5
4593.5

419.5
4842.0
7641.0
6149.5
8169.0
5053.5
4326.5
498.5
9479.0
7246.0
6263.0
5095.5
9626.0
4197.5
12875.0
10813.0
12887.0
5167.0
8870.5
5874.0
9490.5
7751.0
4394.0
365.5
6953.0
12593.0
3218.5
9553.0
5760.0
11126.5
0
13350.5
10215.5
569.5
10062.0
9008.5
9867.5
8084.5
6071.0
5637.0
3438.0
6704.0
10756.5
11597.5
9057.5
0
2916.0
8317.5
5268.0
1518.5
0
10198.0
9306.0
6414.0
6966.0
1826.0
1420.5
6211.0
5591.5
10747.0
6505.5
1298.0
8085.5
6231.0
1632.0
7014.0
2925.0
7343.0
7788.0
6383.5
3407.0
7277.5
2381.0
6110.5
5101.5
10400.0
1251.5
1545.0
10969.0
478.0
7065.0
8031.0
9794.5
10541.0
6336.5
12420.5
13182.5
7660.0
4349.0
9449.0
9497.5
6901.5
5398.0
6326.5
3496.5
7370.0
6144.5
8064.0
12579.0
7389.0
8600.0
2863.5
9880.0
12911.5
4129.5
3317.5
8841.0
8151.0
12142.0
8120.5
8595.0
8514.5
10764.0
8568.0
3112.5
5103.5
5601.5
7644.5
2475.0
4891.5
6197.0
0
348.5
9990.0
2456.5
7356.0
4597.5
2861.5
0
0
9471.0
8059.0
869.5
183.5
1935.5
11628.0
10954.0
7676.5
11496.0
6288.5
2948.5
7387.0
7566.0
1475.5
8429.0
7266.5
3174.5
6594.0
7055.5
9316.0
5683.0
7002.0
789.0
8020.5
0
9894.0
7678.5
9064.0
6077.5
4523.0
2754.5
7445.0
10357.0
7769.5
9272.5
0
9396.5
10213.0
12196.0
68.0
10120.0
11061.0
12919.0
10509.5
126.5
3101.0
2133.0
6992.5
5612.0
5861.0
6103.5
4257.5
2547.0
6263.0
7094.0
7596.5
6716.5
6984.5
6615.5
10755.0
0
6368.5
5596.0
12479.5
3578.5
2159.5
8723.5
1199.0
5134.0
4126.0
5543.5
11236.0
6785.0
9437.5
11582.0
10240.5
997.5
11428.5
8927.0
1897.0
8714.0
11482.0
1970.5
6054.5
5019.5
9468.5
0
10111.5
6541.0
10191.5
10484.0
2228.0
9856.0
9055.0
7993.5
10098.5
1675.0
8959.5
1825.5
10550.0
4519.5
7989.5
1146.0
8339.5
11100.5
7261.0
138.0
10292.5
2160.5
11826.5
12230.0
6790.0
8611.5
6821.5
0
9942.0
5223.0
12269.5
8209.5
8405.0
8855.0
4225.5
11628.0
11497.5
866.0
11982.5
9391.5
894.0
7914.5
8501.5
1166.0
1771.5
10593.0
7717.5
0
10283.0
1689.0
5123.0
11365.0
6756.5
2742.5
11741.0
3587.5
6610.5
9249.5
0
9846.0
10610.5
6055.0
8102.0
11286.5
1595.5
300.5
10949.5
5709.0
257.0
4442.5
11895.0
68.0
7048.0
5130.0
8948.0
0
11884.0
8502.5
7077.0
7139.0
1383.5
0
5710.5
10504.0
13501.5
10678.0
10425.5
10296.5
3493.0
12400.5
7473.0
0
10606.5
0
8548.5
5014.0
1656.0
8019.0
7550.5
9302.5
5332.5
10131.0
138.0
9599.5
11872.0
6032.5
6286.5
11374.5
9577.5
0
390.5
10560.5
7001.5
9361.5
10404.0
401.0
9019.5
7900.5
7257.0
7443.5
3049.0
8953.5
7040.0
7750.0
8462.5
775.5
0
7177.0
5345.0
988.0
3636.5
2398.5
781.0
2064.0
4430.5
4098.0
9840.5
5785.5
10153.5
4144.5
5320.0
5680.0
2111.0
6690.0
6672.0
5762.5
3101.0
8462.5
2754.5
0
5650.0
3550.5
10732.5
8961.0
0
2038.0
3056.5
3963.5
11302.0
10673.5
8209.0
68.0
10300.0
9382.5
10674.0
8754.5
10093.5
1294.5
9303.5
7333.0
8917.0
8621.5
830.0
8904.5
8894.5
3476.0
8673.5
8546.0
8238.5
183.5
7522.5
9065.0
10786.0
5706.0
300.5
3066.5
7462.0
6759.5
12811.0
7006.5
2585.5
7228.0
4088.5
5836.5
1629.0
8934.0
683.5
11193.5
6788.5
0
1484.5
6014.0
12518.0
0
6937.5
9623.5
10005.5
7568.0
6295.5
772.5
9842.5
8430.0
438.5
1873.5
5635.0
3087.0
2944.0
8701.0
6270.5
5787.0
6115.0
13364.5
5695.5
3896.0
7306.5
7138.0
13479.5
11734.0
11088.0
8728.5
3874.0
4931.5
2827.5
8774.0
4160.5
8260.0
8167.5
9823.5
8262.5
10606.5
9488.0
5762.5
9915.0
2918.5
8316.5
0
0
6552.0
8125.5
5556.5
6852.5
719.0
68.0
68.0
10268.0
10474.0
8062.0
9887.0
2715.5
10112.0
4324.0
3711.0
3898.0
9770.0
3977.0
2984.0
7181.5
398.0
1038.5
8248.5
5736.5
1846.0
10183.5
10782.0
5722.5
5307.5
9152.5
1715.5
3745.5
9350.0
6038.0
2858.5
10337.5
11917.0
10043.5
6751.0
8854.5
6312.0
1679.5
6472.5
12993.0
4678.0
10622.0
8297.0
7557.5
4418.5
12184.0
4399.5
8813.5
9995.5
7155.0
8527.5
7130.0
5709.0
6933.5
3399.0
2217.5
4401.0
10957.5
0
866.0
3511.0
11096.5
5922.5
6518.5
1456.5
8553.0
6327.0
2131.5
7014.5
10198.5
3045.0
7427.5
3206.0
9112.5
4781.0
8284.0
10377.0
949.5
9581.0
7403.0
1387.5
5897.0
6476.0
2700.0
8713.5
3353.0
9419.0
4187.5
4268.5
13059.0
4007.5
5370.5
7776.5
8854.0
7873.0
2248.0
2394.0
10250.5
9586.0
11428.0
6064.5
10050.0
7186.0
6958.0
6107.5
6207.0
6118.0
3328.0
4882.0
424.0
6325.0
5777.0
11713.5
5833.5
4705.5
1109.0
5167.0
6800.5
991.0
10197.0
6534.0
12815.5
6429.0
4545.5
7907.5
126.5
11502.0
11502.5
9974.5
6540.0
10066.0
7062.0
7756.0
8035.0
5953.5
734.5
11323.0
11003.5
2396.0
2512.5
4673.5
10667.5
5669.5
6068.0
11460.0
4818.0
68.0
10461.5
1784.0
3817.0
7669.5
7607.5
0
5584.5
10967.5
7232.5
11291.5
1759.0
7743.0
3822.5
12547.0
5755.0
10924.5
8550.5
8123.5
8114.5
5560.5
10765.5
8546.5
13042.0
1417.0
126.5
7295.5
7561.5
10905.0
11841.5
365.5
9106.5
10363.5
10420.5
8754.5
2595.0
0
751.5
10576.0
10308.0
6973.0
6571.0
0
6004.5
8830.0
7346.0
6084.5
10056.5
10689.5
8552.0
8470.5
7077.5
11471.0
7563.0
6579.5
10482.5
9433.0
7755.5
5658.0
10310.5
11844.0
2578.5
7897.5
10723.5
2955.5
13194.0
10053.0
13139.0
11529.5
11539.5
4263.5
9718.0
3978.0
9279.0
9601.5
12264.5
9780.0
8537.5
4037.5
9438.5
2701.5
10479.0
0
8235.5
8506.5
5640.0
12944.0
1709.0
10947.0
8929.0
6079.5
10637.5
2651.0
7719.0
8951.0
4280.5
11457.5
2796.5
10865.0
2068.0
10757.5
6387.5
7013.5
7393.5
10115.0
0
13163.5
5290.0
8617.5
2688.5
12054.5
11067.0
10613.0
0
68.0
7925.5
11691.5
10963.5
10084.5
5244.5
9544.0
10541.5
3361.5
10505.0
13042.0
3350.5
10039.5
11841.0
10475.5
12242.5
10377.0
13142.5
2209.0
2281.0
5411.5
10769.0
8234.0
10939.5
5206.0
12134.5
6036.0
0
11806.0
10584.5
12745.5
2903.0
8310.5
3469.0
6667.5
2640.0
848.5
2111.5
3475.0
2305.5
1385.0
6780.0
10608.0
4649.0
9419.5
9317.0
10311.5
8333.5
435.5
10985.5
2497.0
8456.5
7052.5
10922.0
7461.0
12083.0
0
8488.0
9245.5
10449.5
10648.5
7727.5
13160.0
6745.0
7603.0
6423.5
4417.0
860.5
4682.5
11144.0
6502.5
4915.5
3631.0
2857.5
462.0
6714.0
12001.0
10270.0
7359.0
5312.5
13457.0
2280.0
10596.5
10746.5
1364.0
6431.5
8622.0
10535.0
7160.0
11579.5
2940.0
9189.5
12155.5
0
1672.0
9216.0
11492.5
10896.0
12825.0
10614.5
7484.0
10553.0
3022.5
5347.5
7132.5
13282.0
9131.0
2299.0
3155.0
1193.0
10724.0
5743.0
10618.0
1763.5
9083.0
1267.0
6309.0
1210.5
11795.5
10217.0
12904.5
4443.0
2255.5
6413.5
9482.5
7527.5
7410.5
3053.5
5242.5
10660.5
10630.0
4217.5
11854.5
13161.5
11059.0
13111.0
12002.0
10500.0
1852.0
0
6597.5
2952.0
8858.5
9005.5
0
10277.5
11060.5
11547.5
6375.5
3215.0
4872.0
9019.5
2188.0
7094.0
2364.0
10603.0
11536.5
9008.5
11390.5
10087.5
10152.0
2028.0
14609.0
8447.0
13907.0
6232.0
8503.5
3310.0
13005.0
10867.5
7179.0
10958.5
5096.5
8648.0
9316.5
1717.5
6184.0
12480.0
9504.5
6271.5
10523.5
2307.0
508.5
8952.0
3735.0
12359.5
1461.0
2950.0
10516.0
2329.0
7621.5
1377.5
5767.0
11169.5
0
13213.5
11966.5
10306.0
908.0
10082.0
7248.5
9369.5
11461.0
10952.5
8045.0
2406.5
1772.5
5562.0
6146.5
7262.5
8113.0
7408.0
11478.5
5503.5
11957.5
10528.0
13154.5
13797.5
9126.5
2233.0
854.5
11030.0
10098.5
10308.0
2619.0
3414.5
2415.5
1075.0
10551.5
6385.5
11463.0
8040.5
4202.0
13349.5
9154.0
2879.0
10153.5
10916.5
8487.0
12950.0
6678.5
4922.0
10507.5
3968.0
11125.0
7258.5
9637.5
10383.5
10992.5
2693.0
5007.5
10654.5
12733.5
10787.5
1191.5
12777.5
6485.5
4224.0
10295.5
10161.5
6995.5
1652.5
138.0
7973.5
11090.0
5135.0
4206.5
1613.5
3652.5
4910.5
13959.0
7588.0
7902.5
4821.5
13062.5
4486.5
8736.0
8405.5
12517.0
126.5
6511.5
13054.5
8658.0
68.0
11089.0
365.5
652.0
11874.5
10590.0
11829.0
2667.5
0
383.0
5931.5
6328.5
7402.0
6403.0
12368.5
8030.0
10286.5
10539.5
6976.5
8279.0
7114.0
5621.5
5641.5
6179.0
12270.0
7101.5
7888.0
6391.0
3155.0
7851.0
6256.0
9617.5
1069.0
1140.5
7248.5
5642.0
5942.0
12524.0
11193.5
8048.0
0
2160.5
8445.5
10290.0
8427.5
7812.0
10021.5
9393.0
968.5
6442.5
535.0
2878.5
10060.0
68.0
6843.5
2987.0
11179.0
12929.0
7327.5
6852.5
10106.5
7538.0
8500.5
1615.0
68.0
902.5
1761.5
4375.5
8215.0
10084.0
0
6852.0
10059.5
10709.5
12194.0
9047.0
8399.5
12950.5
3766.5
12158.5
9162.5
10314.0
1429.5
10065.5
12537.5
5554.0
8758.5
7505.5
10528.0
12063.5
7456.0
5832.0
9502.5
6844.5
10708.5
1891.0
10596.0
7708.0
8757.5
888.5
10568.0
8801.0
12388.0
10536.5
10599.0
3058.5
0
8836.5
10685.5
10690.0
943.5
10589.5
10427.5
6157.0
10567.0
9589.0
11259.5
6667.0
68.0
4937.0
1212.0
4436.0
0
6588.5
1087.5
138.0
9949.5
7441.5
2034.5
9700.5
3340.5
6514.0
8766.0
6425.5
7966.5
10998.5
11802.5
7933.5
10248.5
12277.0
1657.5
10209.5
7104.0
4917.0
5288.5
10265.0
12834.0
546.0
2961.5
9243.0
10265.0
8292.0
12133.5
2377.0
667.5
1041.0
2466.0
10118.0
3229.5
1614.5
9139.0
3212.5
68.0
10293.5
1476.5
1620.0
10353.5
2593.5
860.0
68.0
8376.0
0
11559.5
8200.5
10958.5
8258.0
9039.0
6481.5
7722.0
10796.5
12035.5
9423.0
6258.5
7089.0
2556.0
11751.5
10515.0
4146.5
768.5
5766.5
68.0
6844.0
8170.0
3968.0
7035.5
5310.5
6118.5
10042.5
2019.5
11017.0
7121.5
10656.0
6200.0
6188.0
11418.0
13179.0
4751.0
10756.5
7909.0
9767.5
0
1252.5
4642.0
11167.5
10798.0
1016.5
6050.0
6538.5
10509.5
11096.0
5609.0
7394.5
7292.5
10850.0
6873.5
5132.0
5684.0
2462.5
6848.0
9090.0
8705.0
10655.0
6621.5
7769.5
10539.5
5447.5
0
11344.0
10079.0
6749.0
2821.5
7438.5
11079.5
6628.0
1548.0
11188.5
10516.0
8086.5
3130.0
11161.5
11327.5
8780.0
3017.5
9056.0
2688.5
9835.5
4179.5
6548.5
138.0
7219.0
3510.5
9558.0
8311.5
4139.0
8790.0
5960.5
13062.0
2710.0
5817.0
10606.0
2444.5
10344.0
3143.5
7768.0
1867.0
11583.5
12415.0
5113.5
10128.5
10649.0
6045.0
1550.0
10711.5
5530.0
2659.5
3337.0
8005.5
8383.5
7177.0
10630.0
3919.5
1887.0
7611.5
3901.0
6801.0
5666.5
8153.0
10736.5
10535.5
5971.0
7052.0
3954.5
12939.0
10148.0
5641.0
10297.0
9648.5
5159.0
3659.5
6943.0
7817.0
12842.5
3212.0
830.5
10746.0
4542.0
6638.0
6691.0
11010.5
6420.0
5689.5
8073.0
674.0
5823.5
889.5
8693.0
2653.5
7572.5
8481.5
4251.5
7955.0
4807.0
8434.0
6635.5
1384.5
6214.0
10361.5
10309.0
11043.5
8175.5
9430.0
10138.5
9907.5
12259.0
6673.0
3137.0
7818.0
9416.5
11575.5
7048.0
8002.0
1983.5
7148.5
5072.5
9178.5
10056.5
13076.0
3633.5
8232.0
10691.5
5103.0
10946.5
2080.5
0
6810.0
5068.0
10206.5
8139.5
7199.5
11211.5
955.5
1539.0
10284.5
5077.5
10078.5
11406.0
0
6728.5
3089.5
6105.0
8270.5
11889.0
10108.5
7224.0
5540.0
0
10743.5
10064.5
10465.5
0
3673.5
10206.5
2946.5
2473.5
2250.0
11003.0
0
2698.5
8321.5
5680.5
3489.0
11246.0
8347.5
3809.0
10515.0
2806.0
9318.5
10690.5
348.5
11270.5
10154.5
11596.0
8116.5
6665.0
6082.0
8171.0
5828.0
10356.0
6715.5
9990.0
5836.0
2294.5
10340.5
3697.5
6891.5
11046.0
6095.0
11113.0
10554.5
6212.0
2212.0
9615.5
4430.5
8094.5
11652.5
0
8773.0
0
10799.5
7234.0
11208.5
9010.0
4943.5
8554.0
12068.0
8590.0
12355.5
7207.0
0
7013.5
9158.5
4577.5
10757.0
11098.5
3303.0
12704.0
8907.0
3546.0
9092.5
2205.0
9248.5
2486.0
8801.5
10946.5
6652.0
12896.0
4156.5
3924.5
5331.5
6594.0
7909.0
7114.0
4319.5
10968.0
5298.0
5914.0
2683.0
3067.0
8026.5
0
600.5
11034.5
777.5
11244.0
546.0
10029.5
12931.5
6679.0
4350.0
4107.0
6914.0
7718.0
6619.0
2456.5
4602.0
0
9312.5
6061.5
7018.0
12980.0
10620.5
2382.5
1613.0
11570.0
3860.0
13606.5
8866.0
633.5
6457.0
3717.0
3926.0
11678.5
3586.0
9254.0
13001.0
11570.0
7719.0
4543.5
1708.0
9357.5
10019.0
12207.5
10815.5
4618.5
4581.0
8702.0
11038.5
11176.5
10230.0
9440.0
0
4504.0
10052.5
9716.5
0
12812.0
5451.0
4156.0
10232.0
0
9739.5
11668.0
10072.0
359.0
6650.5
419.5
10520.0
1947.0
10566.0
10441.0
7773.0
10123.0
1201.5
12933.0
5792.0
12259.0
7066.0
7591.0
0
6799.5
3695.5
7432.0
11937.0
4066.0
12890.5
5940.5
2034.0
0
8231.0
9769.0
6744.0
0
6590.5
8329.0
6305.0
138.0
719.0
7836.5
10618.5
9344.5
2612.0
2477.0
183.5
6710.0
472.0
1766.5
8222.0
2557.5
10923.5
8977.0
8411.5
11566.0
9840.0
10377.0
12704.0
9428.0
0
9242.5
9527.0
2600.0
8900.5
10664.0
10158.0
6775.0
1053.0
2002.5
11617.5
9257.0
7063.0
7997.0
5369.5
10052.5
2878.5
12297.0
11580.5
6452.5
9088.5
9445.5
8575.0
3409.0
12011.0
10999.5
11885.0
10836.0
1799.0
359.0
2619.5
0
7106.0
10360.5
14272.5
4595.5
7359.0
5815.5
11430.5
11055.0
6012.0
11063.5
9788.5
4926.5
5065.0
11192.5
0
5362.5
2258.5
9168.0
10557.0
10227.0
1735.0
10560.0
10775.5
8790.0
2382.0
10270.0
11938.0
10160.5
9880.0
10204.0
10536.0
11540.5
10472.0
10570.0
3677.0
10527.0
6630.0
3891.0
9601.0
7784.0
126.5
695.5
6607.0
10335.5
1541.5
3413.0
10370.5
7618.0
12091.0
11821.0
0
8138.0
4620.5
10503.5
9304.0
3797.0
8657.0
8850.0
10012.5
11021.0
6930.0
10146.0
5849.0
6784.0
7383.0
7391.0
0
10598.5
10088.0
12823.0
4351.5
11217.5
2745.5
8491.5
7031.0
11170.0
2803.0
10062.5
9519.0
7257.0
11825.5
10813.0
10089.0
243.5
9984.5
10533.5
9237.5
10062.0
6616.0
7987.0
5716.5
6449.5
1500.0
8300.0
11354.5
4505.0
4479.5
126.5
12899.5
10911.0
8671.0
8414.0
10494.5
5320.5
7120.0
6956.0
13296.5
10629.0
6291.0
478.0
10764.5
313.5
10169.0
6979.0
7281.0
6486.0
6468.0
5155.0
8827.5
10563.0
6788.5
7033.0
1372.5
10490.0
11051.5
11443.5
7931.0
11412.0
9648.5
10933.5
3871.5
7706.0
10080.5
9217.5
7104.5
10940.0
7669.0
7991.5
10652.0
11884.5
7385.0
3572.5
7788.0
8591.0
4747.0
10590.0
8677.0
10061.0
1304.0
10269.0
12140.5
6667.5
9676.5
8836.0
12293.5
5851.5
10542.5
11835.5
2319.0
12179.5
0
6121.0
12819.5
126.5
9750.0
10596.5
11807.5
5906.5
11847.0
1023.5
9527.5
10514.5
12850.5
2341.5
10282.0
11387.5
7317.5
8922.0
126.5
10515.0
10182.5
10228.0
12274.0
12836.5
8399.0
9399.5
9095.5
2368.0
9198.5
12999.0
9146.0
10195.0
6057.5
5072.0
6892.5
0
0
10262.5
6554.0
5248.5
9439.0
9373.5
0
12730.5
0
8729.5
0
4839.0

9702.0
10410.5
10071.0
7484.0
0
3372.0
6696.5
8274.5
6320.0
2238.5
12002.0
10051.5
7930.5
2444.0
8441.5
12022.0
7590.5
10722.0
10176.0
5619.0
6812.0
11885.5
10652.5
10279.5
10257.0
0
10681.0
2724.5
9836.5
10323.5
11196.0
11370.0
2023.0
11000.0
12413.0
13965.5
10835.0
8510.0
2544.0
8367.0
7035.5
11143.5
10291.0
12208.0
12663.5
3154.5
7500.5
9009.5
6849.5
10030.5
6357.5
11638.5
8373.5
8860.0
12046.5
7571.5
10057.0
11667.0
8173.0
10512.5
9470.5
11527.0
13395.5
9337.5
10426.0
7470.0
3212.5
8587.5
6720.5
1600.5
8823.5
6766.0
10619.0
6375.5
8577.5
8594.0
7549.5
10053.5
9567.0
7932.0
9986.0
811.0
12177.0
6533.0
9647.0
11439.0
0
8727.0
7809.0
9343.5
2732.5
5757.5
848.5
8643.0
8310.0
11944.5
0
8427.0
8108.5
1274.0
2133.5
68.0
5239.0
7067.0
10050.0
11484.5
10495.0
12485.0
13474.5
0
10237.0
3052.5
6840.0
0
12716.0
9993.0
11014.5
8814.5
2085.0
5747.5
9112.0
7120.5
0
10538.0
10057.0
7284.5
9096.5
9345.0
0
0
10099.5
10127.0
5881.0
9721.0
11621.0
0
9031.5
10168.5
6368.5
3161.0
0
737.5
10065.0
8735.0
10292.0
10561.5
8738.0
10076.5
8617.5
11189.0
3391.0
8660.5
2607.0
9249.5
8587.5
7490.5
2016.0
7098.0
5534.5
12735.5
1439.5
11939.0
4109.0
7628.0
4967.0
4263.5
3709.0
10054.0
11749.5
9228.0
9963.0
4306.5
3626.0
11621.0
3901.5
9256.5
10279.5
1809.5
419.5
8717.0
10192.5
6362.0
3800.5
10310.0
10480.5
11299.5
9189.0
13579.0
5802.0
10708.5
0
8081.0
11158.5
5613.5
12956.0
2718.5
12291.5
12775.5
8284.5
5654.5
4199.0
5805.5
5790.5
10026.5
2246.5
10320.5
0
10103.0
11986.5
1128.5
10680.0
478.0
8121.5
489.5
11624.5
13336.0
12543.5
10927.0
4431.5
12707.0
10258.0
6338.5
11005.0
593.5
2797.5
11297.0
1991.5
10942.0
10486.5
10527.0
7846.0
9354.0
8487.0
10214.5
12778.5
3540.5
8516.5
11699.0
5776.0
4676.5
10936.5
6070.0
8005.5
13075.5
1659.5
6938.0
11907.0
7263.0
10257.0
826.0
4224.0
7075.0
1293.5
11444.0
438.5
11344.0
0
2031.0
2751.0
10298.0
8039.0
2729.5
9799.0
1884.5
8651.5
10061.5
9205.5
2043.0
9928.0
11442.5
6082.5
10429.5
12438.0
10600.0
2852.0
7272.5
6792.5
10736.5
0
3535.5
4905.0
10197.5
3056.0
9669.5
10804.5
10340.0
10306.5
10052.5
10996.5
12277.5
8780.5
7999.5
10549.5
10678.0
7359.0
6166.5
11101.0
7067.5
3539.0
10534.5
9067.5
10433.5
10836.5
5926.0
10392.5
10658.5
12162.5
10654.5
3954.0
4442.0
6244.5
761.5
10153.0
11126.0
6632.0
6631.5
1388.0
1041.0
12787.0
0
10592.0
2418.0
8139.5
7970.0
4604.0
4991.0
6944.5
11799.0
12117.0
12522.0
7755.5
12756.0
8747.0
4900.5
10954.0
9410.5
6129.0
5791.5
0
138.0
6869.0
848.5
1890.5
3827.0
10969.0
9302.0
7249.5
9503.0
6487.0
9689.0
9285.5
10949.0
9976.0
6482.5
11365.5
0
10075.0
11954.5
13386.5
5878.0
9490.0
6469.5
1367.5
2758.5
5378.0
0
7159.0
11895.0
10519.5
10240.5
10947.5
11886.0
5990.0
4032.5
9659.5
7272.5
12507.0
13606.0
10364.0
3949.5
6303.5
0
1861.5
11745.0
11593.0
0
10057.5
12800.5
2768.5
6664.5
5595.5
10538.0
7751.5
9002.0
10653.0
7651.0
10108.0
0
7543.0
5388.5
9491.5
8731.0
9016.5
10153.0
9172.0
9830.0
8694.0
2279.5
6604.0
2146.5
0
10048.5
10602.5
4561.5
4132.5
5565.0
253.5
0
10810.5
5006.0
0
5838.0
8543.5
5260.0
8552.0
6376.0
8180.5
3873.0
1241.5
8961.5
6100.0
4349.0
6255.0
7766.0
6726.5
4661.5
10658.5
3983.5
7491.5
10837.0
5785.5
5369.0
10048.5
1317.5
6193.0
12786.5
7096.5
10237.0
6536.0
9282.0
8261.0
11245.5
7503.5
1424.0
2073.0
10128.5
3545.5
3379.5
1382.0
6030.0
9245.5
7092.5
1009.5
11135.0
6667.0
10566.5
9484.5
10364.5
4618.0
1685.5
6303.0
1789.0
10151.5
11732.0
8711.0
10091.5
9340.0
2975.5
5793.0
9883.5
12410.0
7613.5
10794.0
8666.0
6257.0
6363.0
4134.0
8506.5
9647.5
0
2610.5
10525.5
8469.0
1090.5
6279.5
770.0
6592.0
10283.0
10120.5
11123.0
9487.5
8639.0
6166.5
0
6898.5
68.0
10558.5
5766.5
4073.5
5369.0
1497.5
3748.0
7128.5
12783.0
5236.5
0
581.0
6832.5
10835.0
6608.5
3901.0
3235.0
10147.5
6143.0
10947.5
8818.0
10071.5
6653.5
5029.5
8737.0
11626.5
6774.5
7069.5
1688.0
9640.0
4713.0
0
2654.0
545.5
1368.0
9220.5
11810.5
8230.5
10651.0
6889.0
4230.5
9139.0
10305.5
2536.5
10169.5
13100.0
0
9757.0
8335.5
7570.5
6070.5
758.5
5058.5
3936.0
1669.5
12941.0
6953.0
10804.0
7429.5
3023.0
11606.5
8895.5
3174.0
2314.5
0
10535.0
8719.5
10083.0
9420.0
2754.5
126.5
5802.0
3372.0
1550.5
10804.5
5648.0
4216.0
7217.0
8086.0
9037.5
9427.0
10476.5
7722.5
3542.5
10176.5
10877.0
10311.0
12280.0
12153.5
0
4261.5
8356.0
2814.5
4332.5
9519.5
8571.5
3803.0
10873.0
6652.5
10250.0
1651.0
4076.5
8242.5
4506.5
0
5403.5
10782.5
1609.0
12149.5
7636.0
9230.0
0
4242.0
6765.0
10375.0
10253.0
10899.0
7806.5
2328.0
0
10045.5
8469.5
10196.5
0
3649.5
68.0
9631.0
6663.5
887.0
4243.5
7282.5
7852.5
12680.0
12330.5
7877.5
9236.0
7398.0
126.5
9958.5
2990.0
5307.5
9623.0
5045.0
10538.0
5305.5
11540.5
5914.0
10186.0
1036.0
7439.5
908.5
10858.5
7131.0
6763.5
11150.5
497.0
10485.5
8845.0
2044.0
6696.0
0
1953.5
9183.5
8220.5
11488.5
7957.0
0
10278.0
751.0
11261.5
68.0
5497.0
10508.5
10116.0
10493.0
10262.0
11844.5
10721.5
7621.5
6744.5
11855.5
10066.5
10551.0
11505.0
9191.5
8042.5
10522.5
10405.0
1086.5
3167.5
11090.5
9961.0
4109.0
2305.5
2589.5
10806.5
10998.0
4896.5
8906.5
10673.5
12833.0
8684.0
11655.5
7779.0
7107.0
10171.5
9282.5
6888.0
10800.5
10124.5
1059.0
6417.5
4291.5
10227.0
12798.5
11560.0
7034.5
1835.5
231.5
7817.0
9654.5
4548.5
10175.5
0
2539.0
7739.5
10169.0
7082.0
9212.5
10711.0
7841.0
3314.5
6676.0
10041.5
11126.0
4481.0
11969.0
10236.5
2174.0
12087.0
11531.0
10225.0
10118.5
9201.0
8652.5
11234.5
1498.0
11978.5
8057.5
7560.5
6326.0
6108.0
7012.0
9165.0
6674.5
10053.0
424.0
8649.5
5517.5
0
9911.0
10402.0
4709.0
13156.5
9178.5
10167.0
9327.0
12906.5
11273.5
6421.5
12422.0
11282.5
4435.5
0
10193.0
489.5
8196.5
9732.5
10642.0
3657.5
12305.5
9400.0
6137.5
5627.5
10575.0
9301.5
7510.0
5675.0
0
1454.5
7867.5
8585.5
9567.5
11749.0
407.0
2973.5
8301.0
8074.0
10065.0
7131.0
6152.5
0
3728.0
9138.0
300.5
68.0
10254.5
0
4887.5
12880.0
11086.5
3235.5
12532.0
589.0
10267.0
10594.5
4467.5
6551.0
646.0
10269.0
289.0
10059.0
11712.5
9732.0
3495.5
12600.0
11583.0
11502.0
10072.0
11939.0
9338.0
13415.5
12474.5
2019.5
9143.5
6685.5
1926.5
5752.0
11700.0
9335.0
9317.5
10488.0
10228.5
7026.5
1932.5
2733.0
3979.0
7128.5
8320.0
13162.0
12357.5
13202.5
12996.5
10200.0
7989.0
6630.0
4076.5
11015.5
8120.5
10670.5
9714.5
0
5800.0
11008.5
9898.0
13157.5
8308.0
11166.5
10619.5
9196.0
10120.0
11047.5
3222.0
11260.5
8876.5
1052.5
6626.0
4220.5
13153.5
7592.0
10806.0
8886.0
4363.5
7561.5
2988.5
0
6050.5
9190.5
6746.5
656.5
1906.0
11834.5
9766.5
12278.5
11072.5
8831.5
5265.0
12727.0
8077.5
0
10521.5
11337.5
10490.5
0
68.0
2810.0
12071.0
10061.5
4852.0
10651.0
11078.5
9356.5
7005.0
8349.5
9914.0
10778.5
9626.5
12845.0
8035.0
11047.5
9456.5
5933.0
2534.0
11506.0
10754.0
9410.5
1725.0
3918.0
10945.5
2553.5
2228.0
4696.0
10744.5
6623.5
3841.5
10250.5
10195.0
5531.0
12403.0
5552.5
1907.0
9398.5
8430.5
6102.5
6504.5
9906.0
478.0
10605.5
4106.5
11155.5
8687.0
13305.0
0
4077.5
10084.0
10666.5
12035.0
424.0
10733.5
7365.5
10051.0
10582.5
0
7819.0
8273.5
10169.5
12263.5
11168.0
10993.5
9279.0
10641.0
0
1390.0
9371.5
9303.0
10132.5
8746.5
848.5
11043.0
955.5
10153.5
1804.5
478.0
12720.5
12086.5
10099.5
11794.0
10673.5
12811.5
8849.5
11070.0
10021.5
1925.0
10525.0
11963.5
11093.0
10109.5
11017.5
8186.0
6462.0
10120.0
0
8672.0
1442.5
12322.5
10987.0
7137.0
9030.0
10493.5
7119.0
3617.0
8257.0
3717.0
10609.5
8347.5
3540.0
6247.0
8462.0
6791.0
10580.5
7706.5
3044.5
6199.5
10111.5
0
9863.5
5634.0
10236.0
11424.5
10701.0
6215.0
9746.0
0
7097.5
10195.5
8327.0
7038.5
9583.5
8341.0
10259.5
5289.5
11726.5
11363.0
6260.5
8878.5
9350.0
4901.5
8170.5
4736.5
10062.5
8531.5
6168.0
7656.0
7231.5
12333.5
10655.0
10191.5
2362.5
7008.0
8351.0
10909.5
1413.0
11815.0
12607.0
12029.0
10149.0
5443.5
11391.0
7926.5
11081.0
2816.0
7850.5
8650.5
9348.0
7397.0
6446.0
10046.5
5768.5
10084.0
10466.0
10511.5
8332.0
7476.5
10501.0
9735.5
12572.0
9511.5
11908.5
10878.5
12203.0
12047.0
6282.0
7223.0
11050.0
12495.0
794.5
1583.5
11310.0
11141.5
10220.0
4846.0
11186.5
10142.0
6359.5
10563.0
8104.5
11649.5
7951.5
7368.5
10479.0
9570.5
6615.5
5505.0
7221.5
2683.0
6236.5
7165.5
9907.5
10118.0
3750.0
6771.0
3570.5
6780.0
6407.0
12642.5
5520.0
6977.5
11526.5
10751.5
10842.0
8701.0
10509.5
10857.0
10062.0
10100.0
10571.0
11410.0
2853.0
10497.0
10320.0
12257.0
4854.5
4438.5
1260.0
6207.0
1318.5
3405.0
8291.5
10615.5
10079.5
0
1246.0
11461.5
13050.0
7451.5
4605.5
0
7408.0
15556.0
4127.5
8045.5
9255.0
7977.5
11504.0
6746.5
8645.0
6674.0
10085.5
6417.0
10163.0
9046.0
13117.5
8501.0
11907.5
8698.0
8371.5
10154.0
11149.0
5732.5
9920.5
11115.5
8858.5
12618.0
11475.5
5670.5
5595.5
4044.0
10192.0
11551.5
10065.0
10101.5
10627.5
9213.0
3769.0
5383.5
6368.0
6371.0
0
12366.0
8276.5
11404.0
6114.5
10796.0
9829.0
5280.0
10005.0
1409.0
2676.5
7065.0
10963.5
7610.0
10051.0
4903.0
7041.5
3829.0
565.0
9928.5
12349.0
9822.5
9512.0
6403.0
10973.0
13040.0
10408.5
0
10540.0
0
11953.5
0
3331.0
12472.5
12471.0
10196.0
10220.0
11398.0
7350.0
10717.5
2835.5
10276.5
11026.5
10365.0
10107.5
5182.0
6124.5
4636.5
14267.0
10071.0
10159.5
4739.0
11185.0
6834.0
5473.5
10919.5
10652.5
10168.0
10614.0
9046.0
10045.0
8903.0
10630.0
6559.5
8691.5
11406.0
10674.5
10628.5
9932.5
6444.0
9194.5
7422.0
11587.5
6122.0
10099.5
8591.0
0
9107.5
7116.5
14191.0
9032.5
7823.0
8996.0
7734.0
10664.5
3232.0
11418.0
9716.0
9455.0
10064.5
8525.5
10313.0
10076.0
9951.5
10139.5
11216.5
759.0
13012.5
2005.5
1344.5
10974.0
8553.0
13099.0
11669.5
9066.0
3908.0
10290.5
0
12262.0
6684.0
11162.5
10263.5
8679.5
3737.0
12334.5
4914.5
14104.0
10966.0
7105.5
6472.5
9225.5
6951.0
6837.5
5596.0
10356.5
0
9362.0
11296.5
3134.5
6114.0
4408.5
7736.0
10165.5
11529.0
11457.5
10376.5
10262.5
12501.0
8285.5
9665.0
6135.5
7583.5
7922.0
2967.5
11358.0
2211.0
0
11121.5
4451.5
8220.0
11356.0
12387.0
3490.5
10662.0
8689.0
10705.5
9395.0
13106.5
828.5
8512.0
11372.0
10024.0
9115.0
13049.0
0
14119.0
0
2422.5
0
3794.0
5835.0
12394.0
11276.5
10212.0
10468.0
8784.0
10623.0
10537.0
12210.5
4975.5
9659.0
9993.5
10619.0
10301.0
9578.0
8224.5
9745.0
0
11225.0
1032.0
13401.0
5844.0
8116.0
2737.5
6917.5
9869.0
10565.5
10267.5
8251.5
4960.5
11050.5
11045.5
0
11314.0
2917.0
12135.5
12243.0
12429.0
7330.5
14703.5
10760.0
5507.0
138.0
11653.5
10852.5
10069.0
12112.0
11038.5
7299.5
9479.0
7404.5
5924.0
12861.5
652.0
11933.5
10298.0
7864.5
6902.5
10556.5
10966.0
1836.5
271.0
10085.5
3828.5
10667.0
12229.5
10126.0
4001.0
5362.5
0
10293.5
729.5
0
6345.5
2506.0
10567.5
11147.0
11078.0
4307.5
13782.5
10792.5
8760.5
10362.5
6635.0
10309.0
8901.5
1237.5
0
0
10071.5
9303.5
11644.5
12905.5
0
0
126.5
0
5951.0
13587.0
0
7923.0
4169.5
8139.5
10546.5
2772.0
8868.5
10496.5
2512.5
2274.5
7618.5
7506.0
10236.0
992.0
3702.0
10287.5
10066.5
12395.5
10286.5
10386.5
11042.5
11416.0
11016.0
10691.5
11710.0
10171.5
3197.0
11887.5
7627.0
13246.5
11841.5
8760.0
13392.5
8826.0
7028.5
2662.5
2024.0
9079.0
11330.0
8168.0
12272.5
13774.5
13153.5
0
6784.0
7074.0
11604.0
0
3943.0
8447.5
5814.0
9956.0
11173.5
5633.0
10070.5
13371.5
5620.0
10691.0
6884.5
9835.5
8228.5
0
1135.0
3029.0
9240.5
12331.0
11200.5
6641.0
10698.5
1941.0
10682.5
4131.0
5777.5
10070.5
8807.0
12387.0
12294.0
11738.5
10344.0
6487.0
9251.5
4006.5
12823.0
10312.0
3545.5
5521.5
0
12891.5
0
10062.0
0
10845.0
9753.5
9992.0
0
10100.0
13154.0
11173.0
10547.0
5932.0
11051.0
10049.0
0
8704.5
4397.5
13668.5
10778.5
8001.0
0
5609.5
8618.0
10109.5
7102.0
6706.0
13847.0
7535.0
11386.5
13156.0
9552.5
10867.0
10085.5
6912.5
793.0
10239.0
10178.0
11899.0
13135.0
7552.0
14617.0
9779.5
9059.0
8602.5
13700.0
9234.5
10133.5
11268.5
194.5
10707.5
9532.0
11563.0
10548.5
0
11717.5
11149.5
0
10654.0
0
7521.5
4921.0
6098.0
8096.0
0
11389.5
8988.5
13284.0
0
4040.0
4513.5
10052.5
934.5
12436.0
3581.5
11468.5
10047.5
12086.5
10529.0
11490.5
12231.0
10156.5
8945.0
11288.5
11833.0
12033.5
10824.5
13075.5
11095.5
9508.5
10163.0
10251.0
14377.5
7076.0
11295.5
0
4000.0
12852.5
6718.0
8742.5
10506.0
10959.0
0
10528.5
10553.0
6750.5
8166.0
10748.0
12894.5
12336.0
8563.5
10050.5
10390.5
12695.5
10673.0
13552.0
8504.5
0
10493.0
11463.0
12792.5
12554.5
3781.5
12261.0
8750.5
7192.5
10270.5
15281.5
11743.0
10750.0
7114.0
11445.5
11034.5
6765.5
10605.0
0
7888.5
10635.5
9612.0
10270.0
289.0
5638.0
9209.0
2964.0
0
12964.0
10718.0
13518.5
10800.0
0
7862.0
6784.0
10672.5
7637.0
7988.5
887.0
10578.0
11574.0
68.0
5040.0
9728.0
10313.0
3244.5
516.5
13916.0
3990.5
2953.5
8786.5
10463.5
7239.5
11121.0
12875.0
68.0
11845.5
8096.5
13610.5
9704.5
12966.0
3463.5
10478.0
10564.0
10288.5
10542.5
8312.0
14334.5
2595.5
6068.5
7842.0
8459.0
1224.5
10660.5
0
10417.5
6621.0
0
10338.5
10405.5
6374.0
11211.0
11042.0
11609.0
3563.0
12771.5
0
6929.0
0
10489.0
8512.0
0
8263.5
8538.0
10335.0
10588.5
9624.0
10562.0
12586.5
11974.5
9919.0
11114.5
10980.0
8462.5
9119.0
12393.5
10773.0
6198.5
7525.0
11996.5
8412.5
4167.0
0
10748.0
13628.0
11198.5
10348.5
11525.0
9948.0
9605.5
6063.0
10248.0
7499.0
13971.0
7547.5
11664.5
10119.0
10761.5
6756.5
5091.5
12836.0
888.5
0
5603.5
10132.5
9841.0
6715.5
7573.0
5837.0
10925.0
11005.0
13089.0
10848.0
4893.5
13088.5
0
12909.0
12646.0
6623.5
1790.5
12931.0
11588.0
8775.0
5372.0
11344.5
9263.0
8075.5
9517.5
10717.0
3100.5
0
0
68.0
1629.5
2999.0
6219.5
4818.5
12114.0
14424.0
10623.5
10922.0
0
1791.5
0
0
12861.0
10376.0
11945.5
13000.5
10753.5
11238.5
12516.5
11157.0
11251.5
13106.5
9950.0
12203.0
13498.5
11144.0
11153.0
8730.0
11742.5
7937.5
13601.0
10139.0
8642.5
2880.5
1535.5
10854.5
10046.0
9847.0
12752.5
10555.0
1565.0
12682.5
5903.0
4583.0
4008.0
13027.0
0
5743.5
8634.0
10165.5
0
0
11199.0
11249.0
6766.5
10509.0
11502.5
8988.5
10776.5
5863.5
12929.5
10709.5
10599.5
11568.0
11144.0
10222.0
10358.5
5083.0
7086.5
10581.0
10002.5
11375.5
8640.5
12942.5
13061.0
12587.5
5856.0
6373.5
8086.5
13331.0
10076.0
13404.0
8197.0
10478.5
9216.0
5085.0
0
13652.5
10531.5
10999.0
11818.5
10616.5
9996.0
7505.5
10170.5
10529.5
9326.0
10143.5
2775.0
11518.0
9418.0
9313.0
10718.5
10605.5
10115.0
13059.0
10043.5
9259.0
7187.5
11547.5
6685.0
582.5
12389.5
7761.0
10091.5
6265.5
11446.5
10287.0
8388.5
11453.5
11380.0
10342.0
6509.0
10284.5
5871.5
10674.5
6861.0
10504.5
13149.5
12210.5
9024.5
6684.0
12929.5
12410.0
10126.5
9875.0
12464.5
120.5
13744.5
11972.5
11169.5
0
10905.5
10787.0
9538.0
10797.5
9583.5
8674.0
9178.0
10632.0
7338.5
6265.5
9250.0
10301.0
5158.0
8478.5
11468.0
10557.5
0
10295.0
8791.5
10325.0
12443.0
13108.0
11961.5
10832.0
2847.0
12855.5
11074.0
8048.0
11851.0
9558.0
10113.0
9673.0
10047.5
3342.0
12103.5
11719.0
12075.0
6898.0
10801.5
8142.5
10062.0
4048.5
12433.5
0
10183.5
6921.5
0
8612.0
7118.5
11275.0
0
10611.0
12577.5
0
6864.0
498.5
11373.0
10971.5
12177.5
6543.0
2040.5
9385.0
68.0
6657.0
11652.5
2987.5
7363.5
9374.0
8665.5
12315.5
10360.0
14549.5
0
11454.5
10521.0
10759.0
11648.0
11438.5
12477.5
11529.5
6963.5
5637.0
11836.5
10994.0
7107.5
10085.5
3968.5
10774.0
6894.5
11343.0
6801.5
10520.0
11510.5
438.5
9310.5
6563.5
11144.5
1822.0
10540.0
68.0
0
11365.5
10653.0
8116.0
9723.0
7351.5
11842.0
9548.0
5508.5
10939.0
14501.5
10189.0
4561.5
11139.0
13294.5
1061.0
7811.5
10378.5
12177.0
5096.0
5856.5
11701.0
0
12852.5
10942.0
11518.0
2656.5
9998.0
0
9724.0
11071.5
11650.0
1308.0
7669.5
10230.5
9261.0
10362.5
10931.5
10319.5
12821.5
13197.0
4508.0
3740.5
11006.5
6660.5
11035.5
10055.5
11596.5
6890.5
13726.0
12867.0
12513.5
9787.0
10640.0
11161.5
11865.5
12584.0
4565.5
11074.5
7241.5
3035.0
0
9858.0
0
9182.5
10801.0
9689.5
10136.0
300.5
11693.0
0
8951.5
4375.5
11476.0
10265.5
8839.5
9831.0
9552.5
11616.5
11628.0
11673.0
10205.5
4514.0
10982.5
8476.0
583.0
0
10623.0
11823.0
8736.5
12277.0
12428.5
10365.5
11686.0
10987.5
438.5
8425.5
0
7250.0
1357.5
0
13197.0
9772.0
0
9001.0
11467.0
11408.0
9351.0
11012.0
0
10103.0
12724.5
10113.0
10607.0
10808.5
10536.0
8126.0
12354.5
4805.5
8443.5
10281.0
8263.5
11182.0
10274.5
12079.0
0
10071.5
0
9207.5
7477.5
11457.0
11158.0
8015.0
10595.5
11535.0
6094.0
6046.5
0
10156.5
6388.5
11214.0
11040.5
13413.0
12050.0
10762.0
6497.0
10935.5
11574.5
10349.5
9479.0
0
11849.5
6891.5
10762.5
8754.5
0
11941.5
0
9681.5
10193.0
3421.5
9226.5
8377.5
9119.0
6994.0
11738.5
10048.0
9319.0
10137.5
7504.0
10391.5
10703.0
12065.5
9174.5
10156.5
9301.0
10178.5
9173.0
10557.0
8423.0
5144.5
8966.0
10737.5
3385.0
10551.0
7692.5
802.5
10153.0
11505.0
8417.5
2583.0
0
2072.0
0
633.5
9043.5
2300.0
1146.0
11525.0
9401.5
11508.0
10144.0
10300.5
11062.0
8992.5
9436.5
12984.0
11629.5
10575.5
10593.0
3832.0
8703.0
8164.5
10596.0
12417.5
11463.5
8641.0
9043.5
10945.5
0
10821.0
1997.0
332.0
2534.0
435.5
1338.5
6172.0
2015.5
12416.0
11588.0
10502.5
10135.5
9067.5
5639.5
10217.5
11354.5
10909.5
9203.5
11534.0
6450.5
10455.0
2515.0
11154.0
10602.0
0
2549.0
6199.0
10603.5
10616.5
7739.0
10748.0
7118.0
0
10727.5
12435.0
10092.5
10971.5
12504.0
10695.0
10684.0
10983.5
10587.5
10810.0
568.5
0
5911.0
0
9529.5
0
0
10079.5
6709.5
10127.0
12033.5
10889.0
12808.0
8866.5
8890.5
5095.5
6618.5
8860.0
12540.0
10224.5
10576.5
9997.0
10660.5
0
10060.5
9901.5

0
10894.5
10295.5
12645.5
10692.0
2970.0
10697.0
13747.0
3846.5
10997.5
10744.0
12583.5
12297.5
9436.5
11434.0
10065.5
8644.0
1401.5
0
10163.5
10359.5
2864.0
10341.5
11620.0
1677.5
6498.0
10805.5
12368.5
5836.0
10066.0
10687.0
10275.0
12204.5
9545.0
12149.0
13394.0
12801.5
10928.0
10163.0
11216.5
11127.5
5820.5
3784.0
11135.5
4970.0
4732.0
12634.5
6565.0
7428.0
6075.5
9792.5
7395.0
775.5
9291.0
11126.5
474.5
10207.0
10643.0
9328.5
5680.0
10050.0
2202.0
7809.0
10787.5
8999.0
9334.0
0
3807.0
12779.5
10147.0
4240.0
10426.0
10768.5
3214.5
10136.0
11543.5
12197.5
11880.5
11930.5
9927.0
11451.0
7627.5
11080.5
10621.5
11348.0
3239.0
12376.5
841.0
1583.0
0
10678.5
12643.5
4604.5
10629.0
11063.5
8167.5
10823.5
6203.5
11053.5
5065.0
9456.5
0
10932.5
1640.5
8897.5
10221.0
10967.0
0
3228.5
11470.0
10769.5
12766.0
9505.0
10689.0
10212.5
3102.5
12733.5
1477.0
9994.5
10127.5
3677.5
0
6494.0
3374.5
10925.5
12011.5
11120.5
6654.0
12348.5
12165.0
10766.5
13760.5
13143.5
9710.0
7034.5
7565.5
10333.0
13083.0
13280.5
8652.0
0
8970.5
10604.0
10732.0
8400.5
9459.5
11140.5
8981.0
0
11799.0
11108.5
11328.0
12357.5
14508.0
10744.0
11552.0
8745.0
13549.0
0
11146.5
11451.5
115.5
11533.0
11114.5
11090.5
10197.0
9799.0
12840.5
12513.0
9599.0
8934.5
11024.5
12832.0
11493.5
2747.0
11880.0
12172.0
4040.5
8270.0
13576.5
12410.0
0
10927.0
4288.0
8240.5
11610.5
7066.0
0
10660.0
9832.0
10156.0
10082.5
10239.5
9831.5
10781.5
3686.0
11958.5
10481.5
8668.5
12895.0
2450.5
10252.0
12880.0
9834.0
10367.0
9839.0
12841.5
5781.5
8180.0
10794.0
11630.5
3587.0
10778.0
5577.5
126.5
7911.5
11581.5
8211.5
10272.0
11990.0
10886.5
10605.5
11848.0
11630.5
12099.0
3506.5
10511.0
10541.5
10010.0
12896.5
9373.5
11638.0
10668.0
10241.0
11167.5
13856.0
10988.5
5755.0
11005.5
11428.0
10526.0
12784.5
6716.0
11003.0
11684.0
9753.0
9616.0
7947.5
12819.0
12084.0
9294.0
10608.0
10179.5
7666.5
13879.0
5624.5
0
11050.0
10953.0
9761.5
5777.0
3859.5
68.0
10060.0
3793.5
9306.5
12845.5
7699.0
8557.0
10643.0
12298.5
4030.5
8415.5
10947.0
10196.5
10763.0
10310.0
10137.5
10055.5
742.0
8773.0
5436.5
12450.5
11558.5
0
10097.0
7572.0
9104.5
359.0
10509.0
11020.5
707.5
3971.0
10114.0
10274.0
11052.0
9972.5
5829.5
15405.0
13383.5
10990.0
10303.5
6410.0
8388.5
10917.0
961.0
8567.5
10478.0
1948.5
5217.5
10629.5
10678.5
11652.0
12371.5
11505.0
9576.0
11371.5
8490.0
12832.5
13008.0
13389.5
10566.0
12259.0
10706.0
12894.5
12781.5
700.0
9520.5
8734.0
11556.5
13031.5
12776.0
11498.5
15893.0
13666.5
11863.0
11930.0
11939.5
11584.5
8798.0
11894.0
11202.5
9154.0
12247.5
12018.5
10164.0
0
4049.5
10287.5
9515.5
8746.0
11416.5
14069.0
11012.5
8667.5
10921.0
13194.5
0
3477.0
10477.0
10222.5
1877.5
9641.5
6151.0
1906.0
10239.5
0
11906.0
11344.5
0
12261.0
10721.5
10174.5
10422.5
12882.0
8431.5
10184.5
10179.5
10753.5
12032.5
8461.5
10815.0
13171.0
9958.0
10389.5
9458.5
12850.5
12340.5
13123.0
13163.0
3984.0
10596.5
14084.0
3364.0
8169.5
10831.0
12260.5
2397.0
9267.0
10485.5
1299.5
11384.0
11652.0
348.5
13168.0
10567.0
2872.0
12431.0
10195.0
126.5
1426.5
12875.5
7952.5
9972.0
3242.0
10683.0
10223.5
11002.0
13102.0
11906.0
11848.0
2221.5
10253.0
10387.5
12443.5
12330.0
4168.5
11138.0
10075.5
10558.0
12662.0
10141.5
1934.5
10553.5
10250.5
10166.5
10504.0
10883.5
13582.5
0
7409.5
11617.5
3344.5
8446.5
438.5
10699.0
10890.0
0
11434.0
10605.5
10975.5
12573.5
10292.5
10966.0
11565.5
10226.5
13074.5
11142.5
8777.5
6791.5
10228.0
5752.0
10603.0
10577.5
8741.5
11139.0
4200.5
9787.5
12080.0
11349.5
10543.5
13696.5
2461.0
13313.0
12537.0
10840.0
6773.5
8960.0
8341.0
10636.0
4221.0
11558.0
11015.5
9105.5
14683.0
1809.0
15128.5
365.5
2917.0
12372.0
4016.0
8189.0
6425.5
10727.5
10583.0
13143.0
2885.0
10491.0
4682.5
9052.5
3695.5
1838.0
6925.0
12288.0
11429.5
12186.0
12172.5
8122.5
1784.5
10200.5
12059.5
8310.5
1924.0
7020.5
2703.5
1230.5
11024.0
5884.0
11925.5
5561.5
2763.0
10615.5
7765.0
12190.5
11110.5
11804.0
6576.5
10409.0
11285.5
10222.5
1106.5
12833.5
8818.0
13395.5
15344.0
12544.5
0
10622.0
2560.0
13609.5
10793.0
11662.0
11707.0
13211.0
13502.5
12931.0
12846.5
8715.0
5448.0
12606.0
12382.5
10579.0
3096.0
3061.0
8506.0
1555.0
11433.0
4454.0
126.5
0
7500.5
1321.5
126.5
11503.0
6344.0
11142.5
8496.0
6231.5
10973.0
0
10049.0
10529.5
0
12338.0
12558.5
9462.5
10654.0
11368.0
3802.5
10088.5
0
4927.5
10042.5
10607.5
3070.0
9179.5
12566.0
7900.5
9359.0
12147.5
11433.5
10173.0
10042.5
9390.0
12627.0
13654.0
10609.0
12377.5
10393.0
6919.5
2172.0
11357.0
9877.5
9397.5
10385.5
10134.0
13802.0
12961.0
13503.5
2515.5
10617.5
11764.5
11637.5
12253.0
1513.0
9205.5
13541.5
0
10905.5
4189.5
12880.0
1540.0
6666.5
12036.0
4857.0
8585.5
13129.0
12130.0
11175.5
14495.5
10127.5
10112.0
10547.0
8761.5
11713.0
9508.0
3531.5
8172.5
13417.5
10518.5
0
7564.0
10041.5
13088.0
0
9100.5
14972.0
0
9036.0
9103.0
0
11049.0
8604.0
10716.0
11724.0
3726.5
11373.0
11549.0
9906.0
0
2055.0
11334.0
11853.5
0
4387.5
10300.0
12914.0
10387.0
10128.0
13923.5
13646.5
7364.5
11004.5
5828.0
11452.0
10557.0
5181.0
11103.5
12826.5
10866.5
10657.0
7084.0
1174.0
419.5
10660.5
8338.0
9848.0
9277.5
10066.0
0
5794.5
11114.5
11600.0
9464.0
11702.5
1137.5
10372.0
12561.5
9708.5
10776.5
508.5
3279.0
9765.5
1258.5
11537.5
0
10107.0
10976.5
10048.5
0
5291.0
0
12937.0
9639.5
12020.0
0
3869.5
5057.0
68.0
10087.0
10724.0
9040.0
11981.5
11338.0
12778.0
8614.5
2124.5
10597.0
10729.0
12691.0
10749.5
8548.0
9576.5
11976.0
0
10427.0
9052.5
11882.0
11068.0
0
8374.5
9374.0
12300.0
13311.5
11387.0
6228.5
11817.0
11970.0
9977.5
4802.0
13624.0
8360.5
11404.5
5694.5
10664.5
13060.0
10293.5
0
13140.5
11660.5
10279.0
10046.5
1579.0
0
10172.5
413.0
8419.5
11905.5
10493.5
10672.5
438.5
7980.0
11194.5
0
9965.5
1621.5
68.0
12030.0
2094.5
12515.0
13539.5
11126.0
10584.5
2789.5
11627.0
10557.0
13025.0
1799.0
11392.0
13712.5
2115.5
10149.5
1011.0
10721.0
10961.5
10820.5
10759.0
13103.0
14580.5
7598.0
0
1421.0
10607.5
1243.0
11186.0
13147.5
6324.0
11138.5
8327.0
13106.5
8754.0
594.5
0
844.5
10705.5
1175.0
4964.5
9796.0
12192.5
14170.0
12071.5
6360.5
10078.5
8331.0
876.5
10896.5
11018.5
2709.5
13448.5
0
13417.0
10497.0
10144.5
11701.5
6287.5
10144.0
10237.0
11634.0
10392.0
0
7657.0
12518.5
11343.5
9534.5
11869.0
13032.0
10944.0
576.0
7264.0
6530.0
7920.5
5172.5
10598.5
3495.0
10847.0
8656.5
12958.5
8674.5
9975.5
13137.0
138.0
6456.0
12831.5
11509.5
9544.5
868.0
6360.0
5667.0
10553.5
10372.0
11846.5
12286.5
10250.5
10767.5
12006.0
11500.5
10053.0
8057.0
10212.0
5751.0
13461.0
12756.5
10113.0
10084.5
9050.0
11376.0
13999.0
8722.5
10069.5
10724.5
12823.0
11496.0
10068.0
5846.0
11410.0
9214.5
10140.0
12008.0
9488.5
10042.5
8626.0
3151.5
11553.5
0
8318.5
12941.0
13027.5
13234.5
10269.0
13211.5
9769.5
12450.5
3121.0
13765.5
13238.0
12485.0
11578.5
10132.5
10207.5
9551.0
11309.0
10193.0
10192.0
10581.5
9887.5
11925.5
6310.5
2551.5
0
12160.0
10354.5
11259.5
11380.5
6227.0
10235.0
7297.0
9867.5
13029.0
1783.5
12511.5
6001.0
1067.5
12790.0
7423.5
10169.5
10055.0
7934.0
0
10151.0
13344.0
0
11461.0
0
9790.0
13121.0
11381.0
10542.5
0
10866.0
1338.0
12436.0
0
9782.5
0
6559.5
11763.5
1943.5
4297.0
9575.5
11026.0
11345.0
4531.0
12447.5
10712.0
0
10373.5
11979.5
7245.0
639.5
6304.5
13593.0
9709.5
11091.0
11138.5
11188.0
10538.5
9765.0
10880.0
6451.5
10233.5
10172.5
13682.0
10196.0
11178.0
11787.0
10096.0
11182.0
12130.5
11433.0
12029.5
9541.5
11630.5
9900.0
6587.0
10410.5
10794.0
7630.5
10531.0
2905.5
10629.5
11879.0
12199.0
6650.5
8533.5
13729.5
11095.0
10785.0
10060.0
10227.0
10572.5
11413.5
11422.0
11112.5
12763.5
12917.5
12523.5
10697.5
13383.5
0
10628.5
14297.0
6599.0
13018.0
10241.0
11843.5
11014.5
10864.5
11646.5
7777.5
10649.0
12805.5
8832.0
10360.0
13105.5
11768.0
9123.5
10491.0
12045.5
10249.0
13491.0
10107.0
10569.5
10098.5
13526.0
13249.5
11984.0
11548.5
13014.0
12952.0
10294.0
5657.0
10190.5
10070.5
7203.5
10757.5
11983.5
11930.0
10153.0
13491.5
7152.0
11412.5
1473.5
12905.0
10444.0
11911.5
11212.0
7676.5
10992.0
10894.5
10248.5
1416.0
10127.5
11413.0
11294.0
9994.5
68.0
10967.5
7748.5
2555.5

1925.0
3371.5
12729.0
2819.0
10247.0
10335.0
12255.0
13176.0
416.0
5683.0
12404.5
8638.0
0
10336.0
12413.5
13981.5
11183.0
6367.5
12688.0
10327.5
10314.0
0
0
761.5
1573.0
6340.0
8504.0
8642.5
12240.0
11832.5
5085.5
0
9732.0
13119.5
14243.0
6218.0
0
10168.5
12274.5
10194.0
11613.0
10498.0
11155.5
13026.0
13188.0
12429.0
10794.5
666.5
12179.5
10221.0
11851.0
11415.0
9757.5
8845.5
8328.5
10740.5
13295.0
10203.0
9645.5
6929.0
7855.0
12974.0
1727.0
1708.0
1108.0
6243.0
11493.0
6127.0
5810.5
6274.0
12020.5
370.5
4005.0
10447.5
10578.0
12845.5
10298.0
10272.0
0
5824.0
11535.0
6947.5
10771.5
11583.0
12126.5
12849.5
721.5
11488.0
6957.0
11940.5
10430.0
10508.5
3221.0
8979.0
955.5
13903.5
10988.0
1073.5
12390.0
4635.5
10646.5
3636.0
4439.0
6583.5
7683.5
11137.5
9021.5
860.0
13230.5
11003.0
12303.5
10083.0
5455.5
11389.5
11153.5
0
2331.0
13232.5
14061.0
10952.0
2094.0
11070.0
12151.5
10247.0
10415.0
8797.5
2936.0
11033.5
2574.0
1626.0
10546.5
5879.0
9596.0
6245.0
9872.0
11868.5
9343.0
11584.5
10687.5
11923.5
10279.0
10742.0
12875.0
12397.5
12925.5
9252.5
12915.5
10105.5
10505.0
11669.0
14317.0
11492.0
11003.0
12999.0
11142.0
10280.5
8304.0
8368.5
6089.5
6220.0
13214.5
13667.5
359.0
0
14400.0
11265.5
10303.0
10070.5
10376.5
8012.5
9989.0
10362.0
120.5
4021.5
12363.0
11715.0
5728.0
10163.0
12339.5
10606.0
8615.5
8714.0
12872.5
10484.5
10767.0
1327.0
3592.0
11314.5
10622.0
8089.5
11101.5
12928.5
10405.5
10734.5
13566.5
10910.0
12476.0
13599.5
0
419.5
10544.0
459.5
2633.5
11169.0
6580.0
11972.0
10225.0
4060.5
9048.5

10286.5
10602.0
10273.5
10646.0
3600.0
11129.0
11007.5
13998.0
2216.5
10502.5
10916.0
8785.0
3165.0
10054.5
13433.0
10776.0
13600.0
12514.5
10070.0
11096.5
10958.5
12813.0
9776.0
10173.5
10068.5
138.0
4578.5
13177.0
8910.0
10228.0
10627.0
12707.5
13080.5
10241.5
11281.5
10120.0
13282.0
0
12034.5
13465.5
11279.0
8479.5
11958.0
10202.0
10139.5
10493.5
10005.5
1019.5
10636.5
9661.5
10213.0
10185.5
0
10160.0
11192.5
10197.0
1426.0
14936.5
11436.0
10589.5
0
13182.0
12494.5
0
5044.5
7631.0
0
10594.0
10552.5
10059.5
10156.0
11388.5
11904.0
7153.0
12032.0
13294.0
14720.0
0
10541.5
11508.5
0
8984.0
953.0
0
12471.0
10482.0
7625.0
13378.5
0
12349.5
0
9256.0
11632.5
11530.0
10255.0
0
8542.0
700.0
11906.0
13665.0
0
10411.0
12266.0
8179.0
9997.5
4601.0
1774.5
14490.0
6732.0
10611.0
6536.5
8625.5
11196.0
0
9549.0
7910.5
11593.0
601.0
10138.0
10595.0
12850.5
10081.5
10057.5
14783.5
12065.5
10502.5
10513.5
13553.5
13831.0
10077.5
1163.5
12479.0
13075.0
14776.5
2593.5
4765.5
0
8397.0
2421.5
11062.0
11832.5
9033.0
7788.5
6014.0
11070.0
10059.0
8179.5
10518.0
12655.5
11418.5
2857.0
11721.0
8213.0
9626.5
12309.0
0
13594.5
0
9725.0
11341.0
14039.5
12727.0
9637.0
726.0
11461.0
0
9600.0
12870.0
9242.0
10168.5
11438.0
6186.0
7197.5
9169.5
10713.0
7274.5
14888.5
13369.5
1974.0
10084.5
6188.5
11465.0
10269.5
0
7737.0
12891.0
11635.5
10692.5
6151.0
7501.0
419.5
10129.0
11579.5
8146.0
12844.5
6267.5
3635.0
11249.5
0
726.0
13182.5
10470.0
11141.5
10322.5
7263.0
522.5
10051.5
8059.5
12178.0
10286.5
359.0
13137.5
3450.0
11151.0
8736.5
2560.5
10435.0
11273.0
0
11861.5
668.0
2084.0
10607.0
11189.5
15326.0
10356.0
13973.5
12701.0
10502.0
12863.0
10762.5
11624.0
10858.0
9722.0
8249.0
4395.5
10355.5
5579.0
12484.0
12497.5
7103.0
138.0
7975.0
10364.0
6163.0
12590.0
3171.5
13131.5
10055.0
6310.5
11394.0
0
11990.5
12832.0
4289.0
2566.5
10102.0
7667.5
2014.5
11881.5
9319.5
12238.5
11634.5
8132.0
11150.0
9752.5
11928.0
10725.5
11013.5
2786.0
11190.5
5187.0
13880.0
6124.5
13253.5
68.0
12698.5
10290.0
3159.0
9456.5
0
12917.5
13263.0
11164.0
13292.0
6915.5
6300.5
11634.0
12225.5
8594.0
6764.5
10049.5
11152.0
6791.0
10793.5
8207.0
10707.5
11666.0
11154.0
12480.0
11487.5
9092.0
13175.0
7822.0
12758.0
8258.0
2910.5
2488.0
11253.0
3755.0
7013.5
0
10516.0
13300.0
9435.0
12458.5
6287.5
6798.5

424.0
10714.0
7202.0
6294.5
9557.5
10146.5
6944.0
7126.0
829.5
0
13639.0
12984.0
11165.0
10194.0
11974.5
7999.0
848.5
11497.5
12244.5
11494.5
760.5
7067.0
8153.5
12328.5
2084.0
1861.5
10734.0
7269.5
10143.5
6047.0
12770.0
10231.0
10198.0
8753.0
12194.5
10223.5
10670.0
3889.0
11213.5
11439.0
13190.5
12355.5
8351.5
6182.5
11324.0
13113.5
10933.5
11913.5
13394.0
2421.0
5536.0
4836.0
896.5
10921.5
8240.0
2477.0
3813.5
8931.0
6544.0
10777.0
7763.0
10107.0
2460.0
1578.5
8084.0
12954.0
11737.5
11249.0
10878.0
4734.0
10166.5
9567.5
10146.0
9163.0
12856.5
12415.5
68.0
12995.5
11565.0
10199.0
8770.0
2956.0
11013.0
10560.0
11397.0
10085.0
10107.5
1377.0
3521.5
3192.5
2265.0
10051.0
6658.0
9996.5
0
6811.0
10553.5
13340.5
10626.0
12894.5
10453.0
6250.5
11178.5
10547.5
6019.0
10588.5
5853.5
4774.5
5760.0
0
11100.5
10137.0
9306.5
12752.0
10481.0
13159.0
10157.0
8915.5
11525.5
10241.5
13555.5
11452.5
7088.5
0
10286.5
0
10079.0
10361.5
3401.5
5681.5
9677.5
9503.0
10215.0
6464.0
13211.5
1567.5
10599.0
4020.5
0
736.0
11849.5
11650.0
13337.0
10331.5
11520.0
6052.0
13179.0
11190.0
11283.0
459.5
2552.5
10441.5
583.0
12053.5
7702.0
11849.0
9463.0
879.5
11080.5
10727.0
9600.5
13599.0
11577.5
348.5
12047.0
2872.5
10690.0
9826.0
12260.0
10570.0
10477.5
11072.0
5899.5
8846.5
68.0
4934.0
2430.0
10646.5
10572.5
5225.0
138.0
6504.0
0
6803.0
12862.0
7458.5
13946.5
12059.5
478.0
5981.0
11058.5
10139.5
11124.0
10737.5
9356.0
10999.0
11015.0
7474.5
7656.0
8028.0
5590.5
11653.0
10302.5
10048.5
8338.0
374.5
8867.0
10566.5
11637.5
6975.5
10504.0
11606.0
9840.5
11297.5
11958.5
10612.0
8160.5
2142.5
10823.5
7220.0
10728.0
11014.5
10918.0
9432.0
12895.5
10561.5
10262.0
1146.0
13346.0
12268.5
12118.0
13090.5
10903.0
13770.5
10167.5
9963.5
10674.5
10474.0
11867.5
10466.5
13077.0
10137.0
10774.5
10198.0
4248.5
7989.0
8511.0
8758.0
2635.0
11679.0
12372.5
11609.5
12246.0
10354.5
9925.5
10247.0
12852.0
10250.5
0
12910.0
8877.0
11384.5
13511.5
10117.5
11670.5
10151.0
11861.0
0
11968.0
11158.5
12071.5
11886.5
4420.5
8446.5
11470.0
2573.5
11446.0
4159.0
12126.0
126.5
11836.0
7085.5
6584.0
4309.5
10245.0
13110.0
9831.5
8821.5
12531.5
1621.0
0
1893.5
8660.0
12717.5
10562.5
6017.0
8622.0
1936.0
1108.5
1890.5
964.5
3255.0
1158.0
11861.5
12854.0
10393.5
5995.0
12104.5
0
11593.5
10131.5
11192.5
11638.0
12601.0
2372.5
10126.5
4210.0
0
7482.0
12035.5
13606.5
10317.5
11137.5
6743.0
12537.5
3187.0
11551.5
10056.5
10613.5
13597.0
9552.5
11716.0
8655.5
2475.0
12268.5
12276.5
13745.0
9104.0
10940.5
0
10091.0
12109.0
11146.5
7948.5
10159.5
3112.5
13972.0
9930.5
10057.0
8683.5
11472.5
4564.0
8291.5
5075.5
14287.0
5489.0
10805.5
13513.5
7008.0
0
4381.5
12115.5
3042.0
10577.0
13430.0
11548.0
10340.5
10379.5
9203.5
9356.0
10843.0
13354.0
11163.0
10146.0
0
11300.5
6805.0
12911.5
11666.0
10536.0
11687.0
10616.5
9996.5
0
8793.0
11134.5
10461.5
11831.0
13236.0
10576.5
8949.0
10286.0
10368.5
8485.5
13421.0
13191.0
12700.5
1870.5
0
9899.5
5957.0
10054.0
3397.5
13845.0
10181.5
4746.0
10541.5
3736.5
11532.0
6622.0
6097.5
11172.0
10228.5
10325.0
7928.0
12532.0
10083.5
6991.5
10310.5
12885.0
10883.5
6654.0
4485.0
0
9978.0
11022.5
3760.0
3565.0
11682.0
6425.5
9599.0
12804.0
9992.5
10262.5
10129.0
438.5
12684.5
0
11614.5
11394.5
1913.5
12834.0
8422.0
3457.0
12059.0
8206.5
3384.5
11849.5
10959.5
11644.5
7792.0
13739.5
7044.0
13741.0
5890.5
13340.0
10086.0
5823.5
7734.5
8391.0
10223.0
2983.0
11181.5
2134.0
12316.5
8187.5
13666.0
6989.5
4387.0
0
3581.5
9254.5
10224.0
10169.5
3435.0
10166.0
10306.5
3176.5
12708.5
10667.0
10639.0
8588.0
10700.0
6969.5
13649.5
14512.0
7280.0
11396.5
12866.0
9126.5
10869.5
10721.0
12080.5
6131.5
6076.5
13163.5
4821.0
9649.5
9286.0
4078.0
11542.0
10089.5
11400.0
0
9024.5
10978.0
11135.5
10585.0
13193.0
7798.0
9338.5
12244.5
12895.0
10257.5
12200.5
10488.5
11506.5
0
10491.5
8894.5
10940.5
11840.0
11129.0
4179.0
11196.0
7156.5
0
10603.5
11406.5
11694.5
10246.5
10520.5
14505.5
11183.0
14234.0
6671.5
1932.0
10845.5
11570.0
13530.0
4864.0
10591.5
11216.0
13477.5
12978.5
11302.5
10215.5
12376.5
12698.5
12999.0
13135.5
11560.0
14542.5
10556.0
12815.5
0
10843.5
12549.0
14172.5
14389.0
10044.0
12644.0
12908.5
13416.0
5880.5
11399.0
11837.5
10264.0
720.0
10357.5
10217.5
757.0
9600.0
15052.0
11458.5
10301.0
11579.5
10112.5
8937.0
11108.5
6895.0
11131.0
1887.5
0
13603.5
11310.5
10438.0
11206.5
2217.0
4925.0
10421.5
9585.0
12527.0
6773.0
10675.5
4762.5
0
14313.0
11378.5
13210.5
12993.0
12985.0
12859.0
10849.0
0
11383.5
11921.0
10071.5
10277.0
11786.0
11838.0
12048.0
11414.5
12566.5
10690.0
11378.5
8922.5
11011.0
10211.0
3344.0
11148.0
3641.5
9703.0
10157.5
10199.5
12423.5
0
13909.5
11638.5
3231.5
11828.5
8360.5
0
10571.5
10521.5
11708.0
9745.5
12520.5
12616.0
11172.5
10476.0
10946.5
13879.5
11856.0
11085.0
11115.0
9033.0
8608.0
12694.0
10271.0
9997.5
11207.0
12823.0
10735.0
11752.0
7171.0
10805.0
68.0
68.0
0
3890.0
4051.5
11529.0
14257.0
6382.0
13198.0
11138.5
12408.0
9031.5
845.0
0
11649.0
1886.0
11115.0
12301.5
4600.5
8574.5
12822.5
10264.5
12690.5
242.0
10246.0
11327.5
10022.0
6246.5
9056.5
12060.0
11601.5
13157.5
10983.0
10148.5
10131.0
9805.5
11987.0
11574.5
3465.5
13184.0
12715.0
2589.5
12569.5
11481.5
1405.5
8669.0
10132.0
12416.5
4405.0
10647.5
264.5
11469.0
7246.5
13030.5
10695.0
10714.0
12549.5
10294.0
10066.5
11123.0
10782.0
14574.5
11430.5
2896.5
11401.5
11552.0
11079.0
12749.0
13876.0
10593.0
11474.5
14592.5
11180.0
12933.5
2416.5
12864.5
2080.5
1090.5
13609.0
12787.0
10708.0
11142.0
10882.0
11134.5
7178.0
14240.5
12125.5
8144.0
14281.5
2202.0
0
8435.5
0
9591.0
2806.5
13155.0
10170.0
0
14566.0
11590.0
14343.0
10094.0
0
13603.0
11523.5
11105.0
2282.5
126.5
11110.0
1193.0
12896.5
4725.5
15244.5
7280.0
11556.5
13808.5
11187.0
11577.5
13163.5
10488.5
12800.5
11549.5
11172.0
10207.0
13093.5
15822.5
5895.0
10244.5
3108.5
9931.0
10848.5
14920.0
14011.5
11633.5
6783.0
10647.0
14160.0
10728.0
10057.5
14270.0
4138.0
9189.0
13201.5
12427.0
10258.0
12876.5
10637.5
11934.5
10645.5
5926.0
1530.5
11068.5
3156.0
12492.0
12612.5
12898.0
14722.5
8463.5
11505.5
11613.0
12448.0
14225.5
10407.0
10256.5
7735.0
4206.0
1332.5
12903.5
12888.5
9682.0
2629.0
13606.0
11732.5
11761.0
10499.5
10114.5
12916.0
11100.0
10481.0
0
13168.5
12009.0
15084.5
13884.5
11054.0
9128.5
14914.0
10201.5
12042.0
10250.5
8968.5
1875.5
0
2792.5
10623.5
11081.5
10878.5
13781.5
13639.0
11443.0
13182.5
11038.5
11906.5
10840.5
11930.5
652.0
16093.0
10136.5
10266.5
11166.5
12236.5
1824.5
14025.0
14077.0
3222.0
13581.0
9746.0
11510.5
10216.0
10850.5
0
14220.5
12765.0
11064.0
9191.5
11992.5
13956.5
11220.0
1712.5
10229.0
2528.0
10592.5
10175.0
5338.0
14789.5
13466.0
10738.5
4159.5
13356.0
10239.5
441.5
9120.5
0
12942.5
10237.0
9664.5
13253.5
11036.5
12460.5
138.0
4129.5
12862.5
10957.5
12034.0
12613.0
3082.0
13905.0
2443.5
5031.0
10612.0
10264.0
12367.5
13170.5
13771.5
0
13918.5
15593.5
12270.5
0
10276.5
12474.5
11969.5
9284.0
8605.0
13150.5
6942.5
13218.0
2556.0
10931.5
7305.0
13019.5
10162.0
11284.0
11007.5
10164.0
14618.5
10528.5
8419.0
8534.5
8793.0
13819.5
2370.0
13402.0
5820.5
10131.5
12959.0
2447.0
12041.0
14353.0
11110.5
13082.0
14582.0
10731.0
10983.5
11359.5
13065.5
12594.5
2530.0
12002.0
3978.5
12953.5
10504.5
11330.0
11998.5
11930.0
126.5
68.0
12946.0
7761.5
10967.5
9629.5
14529.5
13470.5
12516.5
11283.5
12797.0
7297.0
10052.5
5878.0
126.5
68.0
11478.0
0
11994.0
10822.5
10939.0
1211.5
0
1939.0
11310.0
13423.0
0
6594.0
6459.5
10082.0
11037.0
12923.5
478.0
12939.5
9676.0
12841.0
12724.5
13204.0
10685.5
11523.0
11017.5
789.0
9117.5
12332.0
10589.0
13085.5
11944.0
13051.0
10468.5
13223.5
12918.0
13761.0
11142.0
13262.5
13912.5
8345.5
10750.5
0
4001.0
0
12793.0
13263.0
13375.5
12519.5
8164.0
13727.5
126.5
10572.5
13170.5
14833.0
2703.0
12989.5
12092.5
7836.0
6561.5
12472.0
11591.5
13376.5
12366.5
10271.5
6214.5
12900.5
13774.0
13423.5
2288.0
9293.5
5590.5
10360.0
12083.5
11018.0
12195.5
2209.0
0
3023.5
12986.5
11239.0
10053.5
8359.5
68.0
6402.0
12800.5
11364.5
11415.0
12957.0
8686.5
8323.0
11474.0
7933.0
13002.0
12445.5
11990.5
9860.0
12039.5
10235.0
15289.5
12740.0
14632.5
3932.0
12066.5
9539.5
12048.0
13318.5
12542.0
10442.5
9105.5
2118.0
8370.5
13004.0
2425.0
2478.0
11302.0
9514.0
12448.5
10941.0
8116.0
2705.0
9874.5
8997.5
12462.0
9474.0
14669.5
11972.0
14237.0
10432.0
1096.5
0
0
5984.0
2063.5
9653.0
7960.0
7493.5
10587.0
12939.5
9090.0
3168.0
10296.0
14282.5
0
9901.5
8893.5
7923.5
11326.0
13284.5
10096.5
12546.0
10599.5
12072.0
10801.0
8755.0
10411.0
9011.5
1963.5
10485.0
10897.0
0
14973.0
0
9168.5
13303.0
10372.5
10217.0
6921.0
11361.5
10495.5
12075.0
10514.5
0
11392.0
0
9355.5
14560.5
14384.0
12402.0
11486.0
3979.5
0
11905.5
13316.0
12200.0
7818.5
11265.5
453.0
11430.5
0
11942.0
0
4388.0
5744.5
4147.5
612.5
11227.0
11232.0
10745.0
10388.0
15074.0
12952.5
16221.0
11538.5
10265.0
12819.5
1370.5
14150.0
7801.0
1511.0
10600.0
12061.5
13579.5
13852.0
5339.0
13127.5
8416.0
12897.5
679.0
13811.0
10258.5
11093.0
12056.5
0
10532.5
11510.0
10573.5
10028.0
11825.0
12270.0
10135.0
13505.5
10294.0
14379.0
11193.5
11649.0
10957.5
3241.0
12989.5
13400.0
10943.0
11532.0
9157.0
9411.5
12854.0
11852.0
6318.0
68.0
13301.0
0
13070.5
13640.0
1790.0
12168.5
7089.5
7588.0
0
10678.5
10345.5
9998.5
6122.5
6063.5
11836.0
10313.0
0
7146.5
11317.0
0
14100.0
11591.5
10064.0
11332.5
861.5
9187.5
13526.0
13363.0
0
14907.5
8871.0
10177.5
10206.0
10733.0
11805.5
9541.0
14681.5
11205.5
11464.5
14314.5
11854.5
13120.0
10167.5
12484.5
10348.5
9923.5
7285.5
10210.0
14774.0
12460.0
16426.0
14637.0
748.0
2622.0
10096.0
1380.0
13044.5
0
13655.0
5836.0
14943.5
0
12136.0
7876.0
12417.5
4513.0
12415.5
10823.0
13480.0
5851.5
5703.0
8671.5
11094.0
3561.5
14607.5
10876.0
10690.5
8530.5
10329.5
0
242.0
12911.0
10443.5
9969.0
10052.5
5251.5
0
10587.0
6177.0
11128.0
11912.5
11709.0
10065.5
10442.5
10712.5
6470.5
10782.0
10514.5
6010.5
10334.0
10259.0
2281.0
10354.0
9314.5
5931.0
138.0
5034.0
12441.5
5431.0
10540.0
11052.5
11988.0
10798.0
8240.0
11948.0
10975.0
10074.0
11045.5
12862.5
1106.5
13997.5
7002.0
13471.5
11442.5
8917.0
10215.5
5947.5
0
11144.5
2067.5
7214.0
10628.5
8540.0
10835.5
10117.0
895.0
11005.0
11465.0
0
0
5782.0
10218.0
10188.5
13323.5
2746.0
8731.5
13799.5
13125.5
8678.5
2767.0
10115.0
10087.0
10227.5
10765.0
1813.5
8611.0
12974.0
7204.5
0
11103.0
12282.5
8499.0
6234.5
0
10968.5
8200.0
11108.5
8628.0
10692.5
11121.0
11226.0
8976.0
6684.0
10808.0
9625.0
8851.0
9236.0
10754.0
12845.0
9679.0
13702.0
13371.0
9225.0
4456.0
11172.0
11234.5
13569.0
12993.0
11502.5
0
10254.5
13771.0
11557.5
7042.5
2719.0
10874.5
6313.0
10855.5
9442.0
13021.5
4044.5
2732.5
7762.5
9923.0
9126.5
11950.5
9774.5
10319.5
13210.5
6509.0
11581.0
13725.0
12824.5
8368.0
9545.0
9073.5
6501.5
11149.0
6959.0
13098.0
10166.5
8083.0
2007.5
7416.5
7854.0
2657.5
2235.0
2709.5
10385.5
13191.0
7428.0
10656.5
11148.0
8946.0
11377.5
10126.0
10370.5
7169.5
9551.0
10215.0
13088.0
10616.0
2136.0
13149.0
12392.5
10703.0
8506.5
12348.5
10954.5
11104.5
10628.0
13773.5
5633.5
5694.5
6048.5
8564.0
7406.5
2763.0
11389.0
11190.5
10953.5
10523.5
10254.5
10051.5
12808.0
0
10994.5
10135.0
10695.5
0
12645.0
13935.5
7174.5
0
0
10161.0
13509.0
3913.5
11692.5
7805.5
9040.5
8136.0
4125.5
10410.0
10739.0
9561.0
6195.5
0
12357.5
7224.5
12073.5
10541.0
8300.0
10833.0
13649.5
8510.0
2723.5
8615.0
13688.0
12904.0
7763.0
9506.5
7734.0
11613.5
11487.0
11139.0
9745.5
3381.5
5663.5
6637.5
10507.5
13330.5
10297.0
6925.5
11915.5
8326.5
11703.5
7663.0
11856.5
6188.5
5696.0
12052.0
11938.0
10520.5
9209.0
9257.0
6738.5
0
546.0
8824.0
10857.5
12719.0
8561.0
1432.0
10665.0
5548.5
8734.0
13751.5
9638.5
11462.5
0
11074.5
7858.0
12352.0
12258.5
10146.0
7666.0
8473.0
9781.0
11435.0
11429.5
11880.5
10518.5
8597.5
13391.0
14801.0
14781.0
11139.0
12883.5
126.5
13495.5
10280.0
12610.0
12060.5
9055.0
2202.5
9028.0
9086.0
4095.5
13157.0
11763.5
12437.0
1990.0
8231.5
11656.5
9393.0
13333.0
10089.5
10808.5
14721.5
1287.5
12830.0
13034.0
10789.5
0
13241.0
12699.5
11195.0
2732.0
9518.5
11662.0
10330.0
10032.5
11459.0
11588.0
13430.0
7277.5
0
12335.5
10072.5
2502.0
4578.5
9706.5
7827.0
656.5
13222.0
11702.0
11811.5
12533.5
10990.5
10450.5
14636.0
138.0
9153.0
8680.5
8378.5
13083.5
0
10162.5
9303.0
10056.5
14893.0
7648.5
2442.0
7799.5
14120.0
5594.0
6291.0
11365.5
9246.0
3835.0
5656.0
11023.5
10250.0
8216.0
8888.5
5688.5
13093.5
9117.5
11003.5
10807.0
1536.5
0
12379.0
138.0
12251.5
14084.5
10207.5
10101.5
424.0
9490.0
13324.5
11017.0
11480.0
10494.5
13733.0
9129.5
9373.5
6135.0
9254.0
12381.5
9948.0
13784.5
12704.0
10463.0
0
10633.5
11631.5
9669.5
10178.5
9791.0
6553.5
11406.5
6868.5
0
12111.0
9057.0
2300.0
10610.5
10560.0
138.0
13077.0
9618.0
8887.5
10797.5
8134.5
10331.0
14534.0
13071.0
10939.0
7545.5
12524.5
5798.0
10509.5
9757.5
5585.0
2555.0
11499.0
8592.5
10173.5
9285.5
7597.5
10484.5
10076.0
2171.5
10799.0
1977.0
13891.5
11414.0
9468.5
13533.0
8616.5
11117.5
14905.0
10782.0
10967.0
6298.0
9348.5
9159.5
6133.0
12713.5
9930.5
10971.5
11140.0
8575.0
10119.0
6990.0
11816.5
10600.5
12860.0
6197.5
13262.0
11188.0
10050.0
10684.0
12413.5
11225.5
10651.5
10697.5
12351.5
13475.0
11564.0
12531.5
6601.5
10813.5
13301.0
10924.5
0
13628.5
14626.0
6925.0
0
11137.0
10909.5
10970.0
12373.0
13047.0
11325.0
6115.0
11054.5
0
11854.5
11782.5
13838.5
13206.5
10544.5
15219.0
10990.5
11649.5
10047.0
9532.5
10119.5
14743.5
12098.5
576.5
14560.0
14250.0
9373.5
1807.5
12699.0
8604.0
13564.5
0
14176.5
12189.5
10671.5
10064.0
11536.0
7466.0
13529.5
11679.0
10313.5
10175.5
13811.0
12111.0
8270.5
12709.5
0
10410.0
8896.5
5958.0
15236.5
14475.5
11122.0
12164.0
13031.5
10516.5
10249.0
12970.5
8727.0
9861.5
10918.0
11199.0
15238.0
5671.5
3851.0
9295.0
7729.0
6843.0
10457.5
9243.5
13613.0
10620.5
14374.0
10152.5
6348.0

10726.0
10278.5
12877.5
11194.5
4382.0
7146.5
6247.0
13164.0
12729.0
11854.5
10077.0
11069.0
10382.0
12284.5
13254.0
13895.5
11311.5
13287.0
6249.5
0
10695.5
10134.0
10047.5
12928.0
8940.5
12461.0
11502.0
1651.5
14345.0
2487.0
10917.5
7519.0
9237.5
10202.0
10858.0
9160.0
4560.0
12792.0
12509.0
6626.0
14485.0
9389.0
6512.5
7274.5
115.5
10592.0
12124.5
6809.5
1179.5
13457.0
12953.0
10129.5
0
14472.0
0
10280.0
0
8811.0
6624.0
13576.0
539.5
11125.0
10034.0
13548.5
11162.5
9440.5
10247.5
10744.0
10104.5
6133.0
7209.5
0
12799.0
12909.0
10299.0
6685.5
7534.0
0
14211.5
0
0
12086.5
8590.0
0
9733.0
11040.5
10659.5
12943.5
10523.0
14042.0
0
11198.0
10730.0
10715.5
5813.5
12284.0
13768.5
5684.0
7466.0
11058.5
13462.0
6724.0
10062.5
7132.0
12600.0
11583.5
13677.5
10662.0
14164.0
3522.5
9082.5
11270.5
12307.0
10773.0
10214.0
11183.0
3926.0
12878.0
8290.5
10646.0
10378.0
14202.0
10667.0
13428.5
10991.0
11453.5
6721.5
12773.0
11359.5
11827.5
11577.0
6602.0
13495.0
10077.0
10659.5
5627.0
5724.5
13283.5
11828.5
0
11993.5
11096.5
6550.0
126.5
6148.5
11609.5
10067.0
2395.5
11671.0
9390.0
11051.5
12359.5
10554.5
8915.5
10086.0
7500.5
12847.5
4368.0
5918.5
5779.5
0
8298.0
11873.0
13633.5
68.0
10553.0
11085.5
6124.5
11449.5
8872.0
10751.5
2996.5
1543.5
10463.0
3629.5
8868.5
6978.0
10606.0
13087.5
12348.0
10052.5
13819.0
6314.5
14025.0
12179.0
0
9645.0
11049.0
8009.0
6547.5
7325.0
10357.5
10780.5
9150.0
12167.0
11558.0
7209.0
11477.5
14046.0
8341.0
10988.0
2093.0
0
10548.5
4414.5
13727.0
0
9228.5
9464.0
9311.0
9757.0
10162.5
10087.5
12418.0
10959.5
9430.0
9933.0
11155.5
8056.5
4163.0
12766.5
13882.5
9843.0
13413.0
9175.5
9843.5
10252.5
9543.5
12824.0
11884.5
8716.5
9214.5
7013.5
427.0
12794.0
13066.0
13026.0
12543.5
138.0
7785.5
11049.0
9016.0
9071.5
13867.0
12263.5
7916.0
11163.0
15400.0
10930.5
11441.0
10193.5
10184.5
5711.5
10628.0
11561.0
11651.0
10222.5
12906.0
13142.5
11476.5
11839.0
11981.0
13017.0
10853.5
13176.5
10996.0
1001.0
12063.0
11564.5
11105.0
13908.0
10732.5
12075.0
10451.0
11259.0
10305.0
11645.5
10829.5
12914.5
10224.0
8135.5
13188.0
867.5

12490.0
12614.0
9398.5
11822.0
0
92.0
1651.5
5219.0
11288.5
13632.0
14046.5
11208.0
8307.5
13553.0
10953.0
10636.5
14616.5
13056.0
10511.5
10702.5
11502.5
12986.0
12486.0
11041.5
11529.5
9479.5
4753.0
10352.5
11021.5
10139.5
413.0
9917.0
11400.5
13184.5
6079.0
11497.0
6743.0
13130.0
0
8941.5
595.0
12154.5
11951.0
10623.5
11454.0
11485.0
11988.5
12827.5
11112.0
10050.0
7195.5
10879.5
6078.5
12953.0
0
10991.5
10085.5
12466.0
11131.5
1666.0
478.0
14488.0
7074.0
11969.0
10627.5
11350.5
10462.0
9818.0
967.0
11574.0
11141.5
0
13024.0
5904.0
10754.0
1813.0
14774.5
14320.5
13773.5
1778.5
12924.5
5951.0
2558.0
11151.0
15043.5
9896.0
11873.5
15733.5
126.5
12382.0
8971.5
13500.5
11118.5
13091.0
7695.5
13089.5
12192.5
12730.0
11658.0
8425.5
9553.0
12624.5
11904.0
10683.0
11052.0
10087.0
10068.0
6816.5
12117.0
11569.0
10094.0
10792.5
13505.0
14038.5
6594.5
14445.5
10950.5
4088.0
12919.0
13140.5
10300.5
15405.0
10578.5
11323.0
0
68.0
12821.0
9614.5
13744.5
10666.0
11479.0
2852.5
12999.0
138.0
12120.5
5989.0
8951.0
10813.5
0
13456.0
12276.0
13242.5
10501.5
9020.5
9356.5
14015.0
10147.0
14502.5
12533.5
10382.5
10123.0
729.5
10923.0
10837.5
7314.0
11596.0
14253.5
4721.5
4409.5
3061.0
5377.0
10919.5
12734.0
1672.5
10353.0
12240.5
11330.0
13246.5
11831.5
6223.5
138.0
10160.5
2689.0
3043.0
1710.0
12237.0
2652.0
7277.0
12787.5
12030.5
11070.0
10556.0
12011.5
1203.0
12775.5
11845.0
15158.0
12462.5
10099.5
7125.5
1775.5
2446.0
12142.5
13899.0
11111.0
12967.5
12014.0
13845.5
3632.0
11158.5
12526.5
12974.0
14489.0
8162.0
0
11538.5
13166.5
13017.5
12979.5
10171.0
14407.0
12819.0
3605.0
12834.5
14308.5
7331.0
11174.5
9716.5
10693.0
12582.5
10562.0
6256.0
7765.0
10885.5
14483.0
13227.5
12426.5
10320.5
11467.5
3909.5
11163.0
10839.0
13110.0
10490.5
10441.5
15086.0
4437.0
0
10583.0
10381.0
11427.5
13935.0
10655.0
10269.5
12091.0
11556.5
10719.5
10863.0
15037.5
6901.0
13163.5
126.5
10577.5
10665.5
10539.0
4261.5
11393.0
8407.0
10062.0
10491.0
11045.5
13352.5
7838.5
8629.0
12870.5
1881.5
12808.0
10070.5
11147.5
10863.5
10812.5
10997.0
13267.5
10815.0
10956.5
0
12825.5
12628.5
13001.5
11452.5
11458.0
9553.5
8658.0
13049.5
13422.0
5862.5
10518.5
10963.5
11131.0
10516.0
5397.0
7649.0
14599.0
7799.5
13239.5
10148.0
12329.5
13736.0
10761.5
11451.0
13528.5
12184.5
11249.0
10503.0
10173.5
12692.0
11383.5
11295.5
12125.5
9704.0
5162.0
12358.0
6739.5
10270.5
10698.0
11402.0
10639.0
12984.0
14406.5
0
2094.5
10403.0
0
12512.0
13862.0
13020.0
2472.0
11619.0
6011.5
12911.5
12514.0
5700.0
10946.5
11437.5
1365.0
11838.0
5011.0
2385.5
12328.0
10321.0
10636.0
9437.5
10819.5
10502.0
12536.5
13811.5
10592.0
8900.5
10203.0
10760.0
10259.0
0
12857.5
10308.5
14451.0
11582.0
13262.0
10721.0
10549.5
14486.0
9785.5
12471.5
0
931.0
12612.0
10567.0
8875.0
7871.5
11890.0
10717.0
11613.0
12119.0
10569.0
9217.0
11125.5
10141.0
11024.0
5615.5
10084.5
5797.0
0
11362.5
12186.5
11060.0
11131.5
925.5
13702.5
11663.5
13183.5
7673.0
8738.0
13236.5
10694.5
12732.5
9480.5
12823.0
10880.5
14569.5
11402.5
12868.0
14244.0
12804.0
14207.5
1370.0
7160.5
13019.0
12873.5
10809.5
12879.5
11819.5
10825.5
11046.5
10660.0
9877.5
10697.5
10358.5
5757.0
12456.0
9225.0
14634.5
6787.0
6843.0
12907.5
6122.0
11485.5
11705.0
10573.0
11500.5
6569.0
11511.0
10147.0
12677.0
6018.5
7170.5
11792.5
10750.5
13954.0
10843.5
10163.0
13495.0
11210.0
10602.0
7923.0
10068.5
12813.5
11917.5
11506.5
10334.0
10598.0
9116.5
12166.5
0
14532.5
9764.5
12817.0
12228.0
12054.5
8920.5
10093.0
10599.0
765.0
11838.5
11498.5
9870.0
6343.0
11772.5
12118.0
8626.0
3570.5
10990.0
10564.0
11537.0
0
12903.0
8784.5
5710.5
10934.0
11617.0
14373.5
13155.0
5508.0
13119.0
7765.0
10810.5
10700.5
12463.0
14260.5
10064.5
1815.5
13761.5
11172.5
7441.5
1519.0
5230.0
11153.5
4051.0
0
10045.5
5654.0
6774.0
3295.5
11894.0
13266.0
12093.5
15910.0
5637.0
13671.0
2625.0
10730.0
10523.5
11186.0
459.5
11570.0
10273.0
10569.5
9437.0
11133.0
13668.5
11847.5
12113.5
15050.5
11282.5
11505.5
3594.5
0
13033.5
68.0
7570.0
1856.0
12727.0
6209.5
10127.0
1059.0
10482.5
12007.5
0
12941.5
10677.0
10751.0
11875.5
11721.5
12859.0
9505.0
11840.0
14717.5
14435.0
11442.5
9115.5
11102.0
10931.5
11491.0
12619.5
13056.5
5056.0
4787.5
12552.5
12117.5
0
9557.0
0
12921.0
12700.0
9684.5
10840.0
9507.0
9557.0
10666.0
10913.0
13384.5
8778.5
14682.5
10231.0
10413.0
10875.0
10394.0
14219.5
5583.0
6044.5
11232.5
10514.0
13212.5
10324.5
10382.5
9744.5
1680.0
0
13577.5
10270.0
12657.5
14461.5
5513.5
10706.0
9064.5
1160.5
1793.5
10676.0
9424.0
10042.0
9852.5
5849.0
3561.5
5849.5
467.0
10281.0
1706.0
11929.0
12820.5
8003.0
11497.5
12941.0
10272.5
8927.0
10163.0
12097.5
11680.5
13234.0
10597.0
1902.5
9871.0
14888.5
7562.5
4127.5
12526.0
12462.0
8682.0
13305.0
12710.0
11333.0
12373.5
13187.0
11256.0
0
10254.0
769.0
12094.5
14242.5
6359.5
8590.5
11325.0
6716.0
744.5
10340.0
9507.0
10199.5
10075.0
10724.0
7803.5
12749.5
8172.0
7247.0
9438.0
10184.5
13236.0
10434.5
653.5
13198.5
11749.0
11125.5
10299.5
407.0
1746.0
10002.5
0
7397.0
4034.5
11890.5
10277.0
11188.5
9783.0
11659.0
9144.0
10162.5
2826.0
11992.5
9879.0
12564.5
9049.0
10116.5
11055.0
0
10422.5
7261.0
8814.0
13687.0
6116.5
11827.0
9668.5
2320.5
0
8942.0
10623.5
0
7192.0
11826.5
10246.5
12865.5
9795.0
13262.0
3587.5
6550.0
11851.0
12916.0
9501.0
6840.5
6243.5
10017.5
2630.0
12456.0
9169.5
8636.5
6581.5
6973.5
9402.5
11468.0
10956.5
14557.0
10769.5
10894.0
9221.5
10162.0
11213.5
12461.0
15220.5
6494.0
11502.0
9644.5
6703.0
6827.5
10566.0
11929.5
9993.0
10181.0
7330.5
13849.5
8372.0
3732.5
14289.5
11063.5
9916.5
10202.5
10959.5
12949.5
4928.5
7995.5
11963.0
13274.0
6687.5
4648.0
5244.5
12843.0
12783.0
10208.0
0
736.0
11679.0
9915.5
1129.0
0
11071.0
5013.0
9489.0
8292.5
1477.0
8511.0
4068.5
12374.0
5647.0
10237.5
581.0
9512.5
13042.0
12860.0
10223.0
10288.0
8652.0
2466.0
8419.5
126.5
11579.0
6319.0
11716.0
14181.0
12326.0
11725.0
10704.5
10231.0
9072.5
0
13182.5
0
12125.5
9441.5
8329.0
1280.0
2822.5
8334.5
10030.5
10157.0
9222.5
242.0
11555.5
6387.0
13830.5
11924.0
68.0
11104.0
13037.0
291.0
10675.0
13656.0
2181.0
12842.0
6112.0
13246.0
13317.5
13242.0
10291.0
1238.0
12632.0
11677.5
12514.0
12976.5
12906.5
0
0
12360.5
11634.0
13801.0
11515.5
902.0
0
11242.5
13056.0
13179.0
6636.5
11882.5
10176.0
10921.5
10677.5
0
10108.5
13767.5
10303.0
12254.5
12032.0
9403.5
11222.5
6100.5
12369.5
10648.0
10753.0
5327.0
12657.5
12465.0
13552.0
12485.0
16431.0
12202.5
16562.5
886.5
474.5
9670.5
9323.5
5176.0
0
11088.5
10086.0
8844.0
11633.5
10142.0
10578.0
9771.0
1461.5
13305.0
13983.5
10486.5
7036.5
8925.5
6892.0
9176.5
11607.5
10317.5
5905.5
2319.5
13071.5
6117.0
9727.5
11038.0
8417.0
12005.5
10544.0
8991.5
12891.0
5835.5
11001.0
8911.5
10993.5
15040.0
10750.5
1882.5
126.5
8854.5
12274.0
8694.0
11755.5
9930.5
10612.0
10433.5
11861.5
0
8010.5
9405.0
10356.5
10134.5
10195.0
4761.0
10826.0
11948.0
0
10063.5
10922.0
13631.5
10065.5
12508.5
11638.5
0
8973.0
14210.0
8732.5
10115.5
11964.0
12324.0
11403.0
11730.0
9345.5
8837.5
10208.5
0
8861.0
11652.0
9816.0
0
13085.5
5852.5
6944.0
1217.5
10181.5
11747.0
13118.5
12209.5
12548.5
9194.5
10855.0
11518.5
14198.5
13206.0
10655.5
9123.0
6269.0
8634.5
9695.0
10746.0
11602.0
10984.0
11777.0
11656.5
13033.5
10790.0
10117.5
12835.5
11187.5
12362.5
10245.0
12356.0
8151.5
11670.0
138.0
0
9193.0
12790.0
11559.0
12016.0
13605.5
497.0
10076.0
11571.0
12115.0
5637.5
5616.5
13149.5
11651.0
12462.0
11486.0
10290.5
10122.5
10857.5
1752.5
9707.5
0
10159.0
10287.5
12973.0
13181.5
12414.5
12301.5
6198.0
12186.5
12172.0
10980.5
13344.5
7344.5
4681.0
7555.0
6398.0
6092.0
7921.0
6141.0
6492.0
12878.0
10605.0
14582.5
11701.0
9413.0
14541.0
12948.0
12545.5
11906.5
10255.5
12083.5
12234.0
11394.5
11180.0
10527.0
1157.0
12811.0
10226.0
9903.5
12610.0
13993.0
2440.5
11963.0
10037.5
13136.0
12292.5
11858.0
11732.0
10058.0
10400.5
12822.0
13580.0
13053.5
10749.0
7949.5
10858.0
10310.5
0
12833.0
10705.0
11409.0
12153.0
10833.5
8639.5
8339.0
9146.5
11272.5
8034.0
10394.0
11718.0
13143.0
13539.0
10766.0
10647.0
10066.0
9775.5
7761.5
11694.5
9179.0
2861.5
9786.5
12297.0
12203.0
12051.5
2547.5
13113.0
11120.5
7210.0
13240.5
0
0
13565.5
8980.5
10900.5
0
12451.0
13140.0
13653.5
11854.5
9075.5
12940.0
11442.0
11616.0
14973.5
9801.5
1425.5
11199.0
11022.0
11198.0
12268.0
12421.5
13460.0
10099.5
12892.0
10195.0
8310.0
10849.5
12578.5
13044.0
12822.5
11101.5
14201.5
2030.0
10497.5
12955.0
7816.5
8093.5
13091.5
11142.5
11128.5
5642.5
12153.5
0
0
11818.0
13021.5
10722.5
14057.0
11271.5
12737.5
0
10279.5
11575.5
3365.5
12811.0
11128.5
6290.5
11677.0
0
13845.0
12771.5
10612.0
11455.5
13270.0
7793.0
11809.5
7817.0
11039.5
6193.5
8959.5
8328.5
10111.5
8187.5
11100.0
11872.5
5781.5
13164.5
13128.5
10007.0
11241.0
6813.0
9617.0
11088.5
7468.5
12794.0
6311.5
11006.0
10180.0
11110.5
0
13166.0
10205.0
0
8026.5
8036.0
10054.0
10059.0
6521.5
11081.5
12414.0
11124.5
10945.5
10230.5
9162.0
5478.5
9963.0
13405.0
10978.5
10705.0
10621.5
13746.0
10499.0
10533.5
10730.0
12185.0
10715.0
4274.0
1073.5
11488.5
368.5
6575.5
10690.0
11624.5
0
11993.0
14544.0
8057.5
8523.5
9172.5
11468.0
10715.5
3801.5
6492.0
10119.5
6217.0
13076.5
13613.5
12072.0
0
8754.0
0
11048.0
8985.5
13559.0
12878.5
5610.0
12289.5
10344.5
11166.0
13123.5
11383.5
9187.0
10266.0
12976.5
12972.5
7505.5
10948.5
10062.0
6173.5
253.0
8364.5
12458.0
7429.0
12865.5
11206.0
11394.5
12142.0
11152.5
12917.0
2371.5
8605.0
7499.5
9849.5
10417.5
10336.0
13023.0
9694.0
11506.0
8673.5
2875.5
10311.5
12775.5
13009.0
138.0
9892.0
0
11580.0
7545.5
0
11863.0
10706.5
0
11222.5
11194.5
12431.5
8783.5
6602.0
10068.5
7145.0
6901.5
11045.5
12649.0
10627.0
8186.0
11429.0
9124.0
8355.0
13235.0
10305.5
6782.5
9516.0
11760.0
10430.0
5611.5
10261.0
12452.0
0
5061.0
1620.0
11932.5
2810.0
10240.0
13113.5
6257.5
10719.0
10447.0
0
4307.0
12799.0
10163.0
7046.5
10644.0
13150.5
9370.0
10600.0
13600.5
13942.0
12502.5
13248.0
11174.5
12501.5
13351.5
14608.5
2698.0
10265.0
10108.5
11466.0
12778.0
13155.5
12830.0
13254.5
10277.5
10982.0
10277.5
12581.5
10756.5
12476.5
13219.5
0
14040.0
0
12373.0
0
12295.0
10297.5
10276.0
10287.5
14075.0
8124.5
13204.5
9241.0
11470.0
12793.5
13166.5
7484.0
14104.0
7155.5
12650.5
10646.5
6563.5
2327.5
7473.0
10104.0
10208.0
12013.0
14693.5
497.0
10662.5
12447.0
9419.5
12113.5
13497.0
11067.0
10927.5
13589.5
10300.0
8618.0
10194.0
11256.0
7998.5
10181.0
10083.0
12022.0
9882.5
12070.5
11832.0
5678.0
11448.5
10739.0
10297.5
8661.5
6975.5
9758.0
10541.5
2309.0
11559.5
2105.0
7229.5
1946.0
13339.0
13649.5
10742.5
13094.0
11974.5
10311.0
10938.0
13515.0
5218.0
9075.5
11150.0
1726.0
13742.5
13979.5
12814.0
13482.5
2335.5
14493.0
13157.5
10836.0
13024.0
12899.0
11735.5
10456.0
0
10062.0
4814.5
1340.5
9615.5
9701.0
0
7045.5
10018.5
13648.0
14199.5
12698.5
11364.0
12288.5
11033.0
2343.0
12193.5
8541.5
10699.0
11596.5
12851.5
13745.5
0
10135.5
13686.5
11177.0
11658.0
13717.0
8580.5
12936.5
7488.5
10993.0
10375.0
9229.0
11191.0
9088.5
0
9472.0
8993.0
11060.5
10250.0
7024.5
10434.0
0
8270.5
7526.5
10963.0
7796.5
10867.5
0
9573.0
5436.5
6077.5
8716.0
13754.5
11571.5
5078.0
11594.5
10603.5
12309.0
11002.5
10462.5
11848.0
12787.0
6477.5
12761.0
7509.0
7334.0
9803.0
13175.5
11874.5
9155.0
8378.5
11574.0
10670.5
7570.5
6407.0
11087.5
5677.5
11620.0
5949.0
11125.0
10072.5
0
11587.5
6148.0
7163.5
12303.5
11599.0
0
6646.0
13135.0
11980.0
11760.0
12818.5
7565.0
12391.0
7920.0
11410.0
8188.0
7806.0
10148.5
12453.5
12841.0
4802.0
0
14281.0
10057.5
10094.5
12017.0
13017.5
2269.5
11152.5
12052.5
13041.5
12897.0
11337.5
10747.5
4335.0
11429.0
7441.0
12042.5
10933.0
10202.0
10623.5
9303.5
12606.5
10207.5
8844.0
13035.5
10231.0
12889.0
11090.5
12958.0
8599.5
7749.0
6359.5
11088.5
9668.0
10347.5
10655.0
3507.5
10962.5
12253.0
10746.0
13049.0
13308.5
9231.0
10343.5
11163.0
7142.0
2632.0
12212.5
10359.5
11633.5
11195.5
14172.5
10197.5
0
13597.5
12875.5
13101.0
12798.5
13343.0
12919.0
13645.5
10914.0
10568.5
4834.5
12036.0
9180.5
11235.5
8763.5
13429.0
10172.0
0
12903.5
10091.0
13857.5
14113.5
10196.0
10847.0
11540.5
14749.0
4935.5
15558.0
12829.5
9469.0
0
11878.5
0
12019.5
10328.5
0
12424.5
12438.0
13700.0
10748.0
0
4553.5
7238.0
13033.5
14005.5
11494.5
3189.5
9171.5
10188.0
10287.5
10252.0
12382.0
10230.0
12816.0
13183.0
7085.0
0
12179.0
2583.5
12008.0
12731.0
11187.5
10156.0
11017.0
11503.0
12453.5
10075.0
10452.0
13257.0
13214.5
10748.0
12807.0
10657.0
7529.5
10174.5
7806.5
10221.0
10106.5
10407.5
0
0
9368.5
10054.5
10130.0
13196.5
12892.0
10884.0
10565.5
0
13261.5
7225.0

11374.5
11392.5
8036.0
9237.5
7433.5
11491.5
14056.5
12002.0
7359.0
9599.5
10963.0
10282.5
11191.0
3868.5
11201.0
7464.5
11705.5
12240.5
10453.0
11337.5
10807.5
14304.0
5465.0
13673.5
5972.0
9131.5
5927.5
11083.5
13880.0
5722.0
13046.0
11009.5
6432.5
5377.0
6167.0
12008.5
9131.0
5853.0
13451.5
5215.5
2936.0
10476.0
11906.0
13571.0
6536.5
5601.5
10900.0
10554.0
8645.0
2783.0
11211.0
10512.5
13634.5
12434.5
8139.5
11559.0
10252.5
10111.5
8719.0
11091.5
13029.0
13787.5
7970.0
11585.0
11054.5
10900.0
9057.0
3651.5
14659.5
6114.0
13048.0
13165.0
9771.0
7936.5
4586.0
10190.5
9619.5
11996.0
8264.5
12097.5
9820.0
11496.5
8284.0
11589.0
6948.0
1543.0
10846.0
11645.0
12039.0
8361.5
9882.5
12999.0
12356.0
11862.0
11139.0
7214.0
2153.5
10339.5
12211.0
1526.5
12786.5
6668.0
11037.5
14460.5
12496.0
7685.0
12419.0
8382.5
13321.5
12523.0
11698.5
10062.0
13130.0
13064.5
5632.0
10675.0
11490.0
10626.0
9431.0
10054.0
9558.0
6984.5
12256.0
12782.0
9188.0
11470.5
8437.5
8622.5
6249.5
13092.5
10833.5
12340.0
12328.0
9189.5
2781.5
12072.0
5169.0
12368.0
7826.0
10308.5
12777.5
5251.0
7281.5
12891.0
11000.0
10370.0
0
12120.0
14105.0
12817.5
9521.0
13294.5
11426.5
7090.0
11264.5
10266.0
13790.0
11848.5
12187.0
6642.0
12839.5
12997.5
8072.5
11969.0
8427.5
11185.5
8955.0

8602.0
11078.0
13716.0
0
12622.0
10103.0
11088.0
14165.0
10382.5
10146.0
7565.0
14349.5
10653.0
13716.5
11190.5
7802.5
10280.5
11002.0
8548.5
12224.0
9723.0
12631.5
10509.0
8870.0
13069.5
10788.0
10977.0
11831.5
11338.5
11077.0
8379.0
12852.5
12495.5
10467.0
13768.5
12828.0
10463.0
7114.0
4956.5
4028.5
10944.0
13924.0
10993.5
7876.0
68.0
12354.5
0
14271.5
7834.0
12300.0
0
11633.0
13097.5
12134.5
8881.5
14472.0
12894.5
8540.5
0
10068.5
9397.5
0
12838.5
8150.5
13380.5
10552.5
12100.0
12116.0
12578.5
14400.5
15559.0
7761.0
10067.5
11649.5
9754.0
3992.5
11416.5
13370.5
12180.0
10259.5
10224.0
11038.5
12185.5
0
11522.0
7781.0
13361.5
9146.0
12397.5
7609.5
0
0
5283.0
2520.0
8925.5
6291.0
3594.0
11439.0
11610.5
5431.0
0
10401.5
12532.0
9570.0
10559.5
9416.0
13523.0
0
68.0
10685.0
10323.5
11121.5
8358.0
11568.0
10887.0
10502.5
10700.0
9819.0
11504.0
0
10312.5
8052.5
12506.5
9208.5
10476.0
9413.0
11519.0
1112.0
12348.5
10804.5
10282.5
9322.5
8728.0
11128.0
9434.0
11080.5
10521.5
13479.5
12264.5
14683.0
11099.5
11550.0
6895.0
9560.5
10052.5
12808.5
10168.0
7268.0
10952.0
4015.5
13378.5
9756.0
10837.0
10718.5
11814.0
10379.0
10665.0
10178.5
11981.0
9600.5
8319.0
10203.5
11096.5
14021.5
4887.5
11392.5
4796.5
8284.5
10059.5
6315.5
12032.5
7915.0
6709.0
11562.0
13009.0
10663.0
11578.0
11990.5
11079.0
11098.0
7587.5
16312.5
10726.0
12446.5
13184.5
12049.0
13103.5
12585.5
13235.0
10102.0
0
8961.5
10769.5
8313.5
10008.5
11813.0
12882.0
8635.0
0
9670.0
12294.5
10440.5
9914.5
11967.5
13398.0
10227.5
9155.0
10483.5
11120.5
10132.5
11603.5
6760.5
4135.0
10882.0
9270.5
13678.0
9504.5
10696.0
10725.5
10703.5
12797.0
10533.0
10967.5
12494.5
12183.5
8691.0
10566.5
10309.5
12895.0
12290.0
11316.5
7446.5
11594.0
8395.5
8838.0
5950.0
10154.5
11899.0
11866.0
10622.5
13947.0
9844.5
12937.5
9195.0
4495.0
8383.0
11899.0
12020.0
10642.0
5807.5
10697.0
11016.0
12721.5
13040.5
14767.5
12782.5
12948.0
10926.0
0
10698.0
9187.0
7076.0
13168.5
2852.5
0
10113.5
10424.0
12499.0
13058.5
13303.0
12293.5
8779.5
13231.5
10548.0
12994.5
9876.0
12944.5
11429.5
10153.0
12831.0
12990.0
0
13165.0
8997.0
13658.0
9403.5
12778.5
14927.0
9071.5
11555.0
12970.5
9204.0
10269.0
10743.5
11066.0
11919.0
10789.0
9294.0
11056.5
12890.0
10272.0
13417.5
11613.0
0
12052.0
12228.5
13067.5
12515.5
12999.0
12051.5
11409.5
12734.0
13606.0
10408.5
10366.5
10531.0
0
12829.0
11298.0
10679.0
10740.5
10993.5
0
14295.5
14528.0
13362.0
7003.5
0
12919.5
12651.0
12955.5
4497.5
11890.5
10745.5
10043.5
12891.5
6529.0
0
14831.5
14066.0
13312.0
9556.5
11580.5
10506.5
5357.5
9609.5
9617.0
12072.0
10983.5
8659.0
12002.0
13763.0
13670.0
11133.0
8856.5
12695.0
11579.0
11668.0
13202.5
13686.0
4227.5
8804.5
7503.0
12621.0
13891.0
13398.0
10624.5
11103.0
12256.0
13348.5
9001.5
11034.5
10057.0
12662.5
10654.5
10222.5
1670.5
13198.5
13278.5
4753.5
12084.5
13702.0
0
13262.5
11387.0
12771.5
12450.0
14036.5
10914.0
8629.0
10292.5
10749.0
12810.5
8000.0
8895.5
2531.0
10267.5
10199.0
6655.5
8634.5
11988.5
12222.0
12950.0
12996.5
12785.0
10263.0
14554.5
12018.0
10580.0
12234.5
13781.5
9869.0
10114.5
13016.0
0
13062.5
12272.5
2708.5
4396.5
11194.0
10561.0
13267.5
12726.0
11479.5
3440.5
11187.0
6579.0
12068.0
12466.0
13630.5
11829.0
10963.0
4557.5
0
12913.0
6670.5
12459.0
10127.0
13023.0
13117.5
11231.0
9417.0
11112.5
12175.5
12134.5
3751.0
10132.5
10424.5
12945.0
10451.5
11621.5
5453.5
10256.0
10731.0
11493.5
7261.5
9327.5
11873.0
10633.0
13049.0
11672.0
13277.0
11418.0
10101.0
9612.5
11947.5
10081.5
811.0
11306.0
10654.0
12162.5
13499.5
438.5
13609.0
11174.0
10919.5
13132.0
11506.0
12890.0
10931.0
11283.5
12426.5
13279.5
4347.0
12341.0
12181.0
10573.5
12466.0
13185.5
11780.0
10155.5
12895.0
14625.0
10738.5
10724.0
8049.5
11019.0
8016.5
13443.0
11371.5
10863.5
11976.5
13215.0
14182.5
6904.0
11863.0
11365.0
13127.5
12825.0
11397.5
14512.5
12302.0
13761.5
4779.0
11097.5
13483.0
13224.5
12077.0
11202.0
10132.5
14579.5
13827.0
0
13828.5
12922.5
9754.0
10510.5
8924.5
13114.5
3453.5
12953.0
10013.5
13609.5
13275.5
4376.0
10701.0
13234.5
11914.0
10127.5
13125.5
11122.0
13588.0
10197.0
10687.0
0
13250.0
13320.5
13978.5
13061.5
12113.0
7132.0
13498.0
14016.5
8899.0
13113.0
14207.5
8533.5
11229.5
1391.5
10546.5
12761.0
13293.0
10554.5
10209.0
10685.0
10063.5
10676.0
6507.0
12062.0
11621.5
12080.0
10979.5
10916.0
10156.0
1490.0
11576.0
10075.0
9305.0
11718.5
4204.5
10592.5
9762.5
10044.0
11993.5
11123.0
14156.0
12837.0
10639.5
11409.0
11250.5
12265.5
10432.0
3124.0
0
2201.5
0
11334.0
14092.0
11815.0
12800.5
9335.0
13001.5
9121.5
10262.5
9850.5
10221.5
11866.0
13046.0
14085.5
10388.0
12872.5
12322.5
11966.0
9104.0
12838.5
10201.0
10337.5
9532.0
12902.5
9623.5
8077.5
13691.0
4892.0
0
10225.5
10639.0
11043.5
12021.5
13091.0
13199.5
12814.5
10620.0
5427.5
10507.0
5987.5
12551.0
7171.0
11440.0
13450.5
8622.5
10549.0
16806.5
11386.5
14292.0
13008.5
10740.0
9327.5
8897.5
11557.0
10063.0
10179.5
9703.5
15089.0
3690.5
13020.0
2863.5
10691.5
12837.5
13118.0
11147.0
5843.0
10269.0
10720.5
13655.0
0
13278.5
12294.0
4380.0
10163.0
11511.0
12439.5
12998.0
11516.5
6323.0
12684.0
10448.5
11163.5
13598.0
11881.0
12967.0
5771.5
6630.5
10757.0
8527.0
13263.5
12014.5
10991.5
11602.5
12922.0
8557.5
10599.0
12485.5
10640.5
6588.5
11641.0
10704.5
16724.5
12072.5
9159.5
12921.0
11799.5
6238.5
5957.5
13139.5
10608.5
13052.0
10667.5
12974.0
10157.5
13963.5
9728.0
12601.5
10679.0
13253.5
8869.5
12880.0
13045.5
13758.5
13349.0
8767.5
15174.5
9044.5
10160.0
1906.0
12685.0
4025.5
11234.5
0
8471.5
10721.0
0
9280.5
12721.0
11612.5
10230.0
10956.5
10284.0
2522.0
11081.5
719.0
13817.0
11630.5
11510.0
12730.5
11185.0
12973.5
13021.5
11564.5
13048.0
13148.5
8531.5
7608.5
9804.0
10765.5
13189.0
10339.0
10214.0
11026.0
12152.0
1139.0
7544.5
6747.5
10117.0
10959.5
8812.5
11454.5
13024.5
8891.5
11107.0
12952.5
13259.5
13663.0
13609.5
11518.5
10660.0
12946.0
13466.0
0
13398.5
0
13220.0
12776.5
13048.5
12027.0
10101.5
11406.5
10710.5
11544.0
8548.0
13418.0
10626.0
9000.5
13732.5
8798.5
10719.0
14298.0
13165.5
10666.0
10193.0
12986.0
11514.0
11256.0
11669.0
12949.0
13304.0
13093.0
11592.0
15379.5
10484.0
12934.0
12915.5
13990.5
14376.0
8941.5
8609.0
9884.0
13777.0
11988.0
10919.5
13304.5
11163.5
11397.0
0
13069.5
13462.0
11187.0
9554.0
9631.5
10619.0
9025.0
0
11217.5
15385.5
10039.0
0
12076.5
13434.0
11485.5
10113.0
12998.0
13278.0
12803.5
0
15350.0
10430.5
10524.0
2871.0
12751.0
6151.5
11924.0
3413.5
11416.0
10063.5
14364.0
11641.5
11550.0
13642.0
13433.0
11541.0
2129.5
13142.5
12776.0
2221.0
10517.0
10976.5
2071.0
13208.0
12876.0
10176.0
11156.0
13112.0
13749.0
11582.5
10604.5
13095.5
12718.5
12866.5
13214.0
10489.5
12264.0
11608.0
8041.5
138.0
1903.5
13854.0
12418.0
11545.0
13412.5
13297.0
13026.0
12939.5
13697.5
13579.0
10733.0
11616.5
13485.0
13589.0
4698.0

13203.5
10305.5
13688.5
14298.5
1411.0
13463.5
13868.0
12832.5
10332.0
12953.0
1444.5
10522.0
10692.5
13122.0
13163.5
13170.5
10324.5
10725.0
9564.5
12783.5
2277.0
10293.0
11585.5
13161.0
2721.5
11141.5
13601.0
7086.0
15044.5
12852.5
14626.5
9548.0
11120.0
14377.5
11157.0
13097.5
607.5
12809.5
1624.0
12002.0
10552.5
11684.5
11317.5
8532.0
10301.0
11057.0
12037.0
13540.5
14024.5
11154.5
9538.5
10526.0
11144.0
11069.0
10726.5
11443.5
6594.5
11034.5
10694.0
11026.5
13231.5
11078.5
13313.5
11876.0
10344.0
10698.0
11482.5
8318.5
9533.0
10976.5
13556.0
10067.5
14080.0
7131.0
13210.5
13019.5
11682.0
12829.5
12535.5
12599.0
11209.0
11577.0
11515.5
0
10458.5
10077.0
1794.5
12975.0
12731.0
14642.0
10044.0
10309.0
12056.0
13379.5
11574.0
9128.0
12050.5
7062.5
11614.0
12856.0
13382.0
13704.0
13297.5
12079.0
10231.5
10055.5
11431.5
7084.0
3608.5
0
12749.5
12524.5
11982.0
13074.5
13038.0
12993.0
7997.5
13366.5
12500.0
12798.0
12540.5
10132.5
12460.0
0
11289.5
13318.0
9198.0
10049.5
12470.0
11186.5
7024.0
13166.0
5345.5
12503.5
12483.0
3112.5
789.0
10561.0
11418.0
3969.0
11478.5
8898.5
12750.5
10638.5
10389.5
12407.0
13142.5
11374.0
0
599.5
0
0
7946.5
11471.0
1279.5
12338.5
10313.0
13164.5
11779.5
13045.5
10623.5
12351.0
11505.0
12740.5
11559.5
13215.5
12797.0
11549.5
7318.0
0
2889.0
13204.0
6979.0
9947.0
13860.0
10045.5
13458.5
10807.0
10227.0
10939.5
6557.5
14687.0
13580.0
12828.0
10448.0
12840.0
8959.0
10814.0
12841.0
13885.0
12099.0
13156.0
12884.5
3651.0
633.5
1517.0
12075.5
7403.5
478.0
11942.5
7543.5
0
1139.0
10755.0
12910.0
424.0
1288.5
14772.0
10378.0
2137.5
0
10949.5
9210.5
10234.0
10400.0
13353.5
1026.5
6462.5
9771.5
13353.5
