68.0
771.0
665.0
1146.0
1514.0
1431.5
1359.5
1256.0
1009.5
1438.5
2097.0
2104.5
424.0
458.0
2177.0
596.0
2594.5
837.5
1969.5
882.0
2327.0
3066.0
126.5
759.0
3040.0
1830.5
2987.0
1142.5
834.5
648.5
1186.0
1010.0
1664.0
3148.0
2521.5
3392.5
2984.0
2531.0
1412.5
586.0
1004.0
68.0
1412.5
1477.5
926.0
582.0
663.0
816.0
1966.0
5018.5
492.0
637.0
4187.5
1252.5
2337.0
3532.0
1269.0
565.0
68.0
419.5
300.5
1843.0
243.5
316.0
253.5
714.5
0
879.0
489.5
0
710.5
1173.5
0
1365.0
726.0
2154.0
582.0
1223.5
0
1559.0
1982.5
1760.0
512.0
419.5
2440.5
2152.0
1116.0
1804.0
0
359.0
257.0
508.5
717.0

586.5
4035.0
722.0
138.0
1255.5
300.5
401.0
1025.5
2043.0
424.0
633.5
1200.0
882.0
2429.0
276.5
2311.0
1100.0
68.0
432.5
1018.5
895.0
438.5
1383.0
734.5
1542.0
768.0
956.0
126.5
0
675.5
126.5
438.5
815.5
771.0
2340.0
419.5
1086.5
348.0
948.0
489.5
1337.5
699.0
1944.0
1160.5
68.0
1316.0
401.0
348.5
120.5
1073.5
637.0
497.0
1726.0
419.5
302.0
365.5
478.0
419.5
1773.5
2405.0
1777.5
2158.0
896.5
1036.5
667.5
1099.0
863.5
829.5
1581.0
1832.5
365.5
2346.5
523.5
1074.5
2063.0
2667.0
1344.0
3608.0
2085.0
1003.5
1786.5
300.5
1566.5
700.0
1422.0
348.5

569.5
2310.0
2606.5
1669.5
717.0
2020.5
1383.0
401.0
6324.0
1533.0
359.0
370.5
558.5
2131.5
605.0
1256.5
0
300.5
896.5
68.0
1276.0
1518.5
535.0
1841.5
3294.0
1924.0
2941.0
1315.5
1336.0
4843.5
3011.5
3015.0
4016.0
5784.0
3033.0
2151.5
2448.0
1720.0
424.0
7254.5
6186.0
5597.0
1791.0
2754.0
4123.5
8516.5
5686.5
1464.5
0
700.0
2403.0
5346.0
4726.5
3309.0
7502.5
289.0
4743.0
2296.0
7135.0
4805.0
5534.0
6914.5
10107.0
3927.0
2667.5
1731.5
2390.5
7128.0
3892.5
6214.0
2869.5
1922.5
6784.5
734.5
1717.5
519.5
138.0
1727.0
3150.0
424.0
6233.5
4071.0
5499.0
1747.5
1914.5
2158.0
11805.5
2533.5
2111.0
9500.5
2649.0
1652.0
1407.0
5212.5
5384.0
2606.0
3897.0
2077.0
3901.5
752.5
0
2491.0
1711.5
10256.5
2335.0
4767.5
4461.5
4613.5
2643.5
6772.5
419.5
1512.5
68.0
2602.5
3874.5
1321.0
2507.0
593.5
5293.5
3164.5
4128.0
1321.5
3134.5
5126.5
3623.0
1401.5
9249.0
2070.0
3057.5
3303.0
2616.0
1460.0
752.5
768.5
2078.5
7121.5
6809.0
0
4935.0
7416.0
1609.0
12012.0
1953.5
2046.0
4849.0
2651.5
3671.5
2222.0
9861.5
407.0
5080.0
6615.0
3344.5
5615.5
3059.5
4545.0
1729.5
6748.0
2136.0
4323.5
3847.0
7352.5
6645.0
10175.0
1968.0
8792.5
1799.5
6515.5
4805.5
1922.5
4455.0
4489.5
3338.5
5494.5
4191.5
2318.0
1280.5
8174.0
3454.0
5872.0
6836.5
4805.5
5850.0
2502.5
3804.5
2110.0
459.5
1458.0
2693.5
2380.5
7232.0
3800.5
1759.5
7155.0
6035.5
7965.0
6645.0
3952.5
2726.0
4027.5
2899.0
6470.5
348.5
5501.5
2901.5
6129.0
3573.0
1665.0
68.0
12407.0
1124.0
807.0
1118.5
7910.5
648.5
4689.5
2221.0
8635.5
2992.0
438.5
3976.5
1263.0
3242.5
6340.5
3420.0
2029.0
4290.0
2561.0
4799.5
7942.5
4238.0
4584.5
1220.5
6490.5
2860.5
2624.0
8969.0
5052.5
6461.5
1167.5
2017.0
2777.0
5001.0
4840.5
3793.0
7711.5
3350.5
1773.0
5099.0
8632.0
5122.5
10527.5
5881.5
7258.0
756.5
2107.0
4020.5
5251.0
7176.0
4427.0
3783.0
6057.5
2324.0
4288.0
4690.5
2114.0
8756.5
1422.5
2610.0
2275.5
7024.0
4802.0
956.5
3075.5
2024.0
2727.5
0
6090.0
8930.0
4781.5
2209.0
2690.5
2292.5
8834.0
4474.0
1320.0
4282.5
5785.5
1006.0
6218.0
6869.5
438.5
3954.5
887.0
1843.0
2203.0
6547.5
1622.5
5881.0
2566.5
8862.5
5920.0
4555.5
1667.5
1851.0
1846.0
8090.0
341.0
0
4055.0
2046.0
775.5
7419.0
5719.0
6011.0
1872.5
4924.5
1649.0
68.0
4455.5
6486.5
7794.0
5723.0
8138.0
5806.5
7796.5
3550.5
5516.0
4483.0
5732.0
1972.5
0
3581.5
5622.5
8999.5
1751.0
7459.0
6473.5
5824.5
5692.0
3639.5
2554.0
6104.0
7775.0
7335.0
2234.0
2607.0
1087.5
1826.5
5921.5
8354.0
2223.5
3462.0
5321.0
4417.5
5033.5
3319.0
6605.0
1675.5
7933.0
915.5
1587.5
4172.0
3746.0
3620.5
2985.0
719.0
6119.0
1161.0
5541.5
2266.5
3053.5
2273.0
4174.0
9148.5
2774.5
138.0
6649.0
1970.0
9134.5
9109.0
5746.0
2217.0
659.0
5620.5
1790.5
0
0
10509.0
2748.5
2153.0
4435.5
8046.0
4253.5
7113.0
3214.0
7486.0
5360.5
2792.5
5918.5
9111.5
6659.0
6234.5
4821.0
9111.0
10636.5
0
6528.5
7327.5
7620.5
4063.5
7277.5
6486.0
3333.5
2228.5
0
6732.0
7633.0
9400.5
3035.5
7850.0
4532.0
2326.5
7682.0
10143.5
3433.5
6952.0
2271.0
9201.5
183.5
6970.5
1961.5
10375.0
5638.5
438.5
302.0
588.5
0
3996.0
10259.0
6291.5
11357.0
5954.0
5292.5
7405.0
2197.5
8737.5
2890.5
7587.5
7940.0
6682.0
6967.0
10317.5
9596.0
790.0
2640.5
3272.0
2826.0
6898.5
7827.5
3054.5
7476.5
4192.5
4730.5
3987.0
3626.0
5277.0
5224.5
8949.0
6275.5
7410.5
2019.0
3404.0
5605.0
5762.0
614.0
9634.5
4574.0
3795.5
5762.5
8099.5
6896.5
10616.5
6089.0
6299.0
3414.5
2280.0
5667.5
6049.0
10218.5
2867.5
6545.0
0
6722.0
348.5
4867.0
424.0
3671.5
257.0
6456.5
5728.0
6044.5
9800.0
6981.0
4358.5
6343.0
4536.5
2094.5
7581.0
2915.0
4081.5
7985.0
9429.0
8567.0
6955.0
2781.5
6747.5
2789.5
2634.0
9313.0
5794.0
4409.5
5055.0
3650.0
9826.0
115.5
6032.5
4970.0
4916.5
5609.0
10011.0
6585.5
8739.5
9064.0
8742.5
8215.5
10513.0
6245.0
7268.5
1268.5
2709.5
5155.5
8035.0
478.0
10523.0
5964.0
4716.5
1146.0
8373.0
4520.0
8086.0
6071.5
3769.0
243.0
4962.0
7842.0
1235.5
7084.0
12040.5
7458.0
4477.0
2623.5
8705.0
2539.5
9000.5
179.0
11243.5
0
6583.0
3971.0
5723.0
4690.5
2729.0
7950.0
0
5335.0
8056.5
6284.0
3954.0
6378.0
712.0
6620.0
4940.0
10076.0
5842.5
3191.0
6423.0
10840.0
667.0
3130.5
6259.5
2363.5
4401.5
6292.0
8402.5
5418.5
11135.0
3173.5
8484.0
5510.5
2500.0
6904.5
8755.0
10741.5
2503.0
3545.5
8500.5
2072.0
2257.0
3744.5
7528.5
4383.5
7095.0
7578.0
5734.0
2314.0
6425.0
4116.5
3811.5
4676.0
3272.0
1744.0
8680.5
7409.5
10981.0
9473.5
8750.0
9185.5
2982.5
7665.0
934.5
5352.5
9300.0
8860.0
5563.0
438.5
1365.0
7233.0
9309.0
3687.0
8085.5
9859.5
9147.0
7150.5
4970.5
2372.0
0
2063.5
0
5892.5
6610.0
6009.5
10121.5
2496.5
10352.0
7141.5
6084.5
5055.5
8102.0
0
8884.0
8950.0
5652.5
3792.0
2423.0
11518.5
3627.0
8547.0
7533.0
1202.0
2732.5
6280.5
6747.0
4470.0
4653.5
8252.5
7539.5
1186.0
841.0
8574.0
6161.5
7427.0
6135.0
7613.5
1652.5
8070.0
4812.0
5456.0
419.5
1165.0
419.5
6983.0
6368.0
6951.5
8182.0
7781.5
5652.0
1022.5
6859.0
7288.0
7620.0
8349.5
2937.5
7538.5
11455.5
5805.0
4215.5
6166.5
6891.5
7623.0
10048.0
8061.0
1160.5
3964.5
11098.5
4809.0
6213.5
3192.5
4906.0
1602.5
5082.0
3657.5
4749.5
6268.0
4600.5
6881.0
7315.0
1267.5
6000.5
10083.0
7737.0
4493.0
6347.5
6116.5
4408.0
2729.5
7950.0
8494.0
11283.0
667.0
4618.0
5599.5
9744.0
8418.5
10317.0
0
6158.5
2429.0
6189.0
11644.0
9795.0
2985.0
8043.0
8657.5
2985.0
9719.0
8387.0
11049.5
7749.5
0
1057.0
7888.0
10677.5
8693.0
8276.0
11412.5
8392.0
3525.0
4066.0
8552.0
11656.5
1040.0
10176.0
9399.5
3314.5
4202.0
9474.5
6829.0
0
10008.5
5249.0
4863.5
6944.5
9125.0
9390.5
2318.5
8421.0
3551.5
8272.5
1829.0
5993.0
2079.5
1051.5
9214.5
1794.0
3795.5
10214.5
8494.5
2861.5
9934.5
11267.5
10685.5
2112.0
9944.0
3774.5
9020.5
11733.5
10955.5
5116.5
7659.0
3691.0
5794.0
6575.5
8634.5
9388.0
3632.5
6332.0
7368.0
4781.5
10373.5
7960.5
12755.0
7396.5
3339.0
8536.5
9202.0
5999.0
9652.5
478.0
7514.0
1409.0
1219.0
7871.5
7448.5
4149.0
8464.5
3515.5
2114.0
6923.5
4116.0
9480.5
5100.0
9344.0
3829.0
0
10264.5
5338.0
14325.0
7645.5
2363.0
5278.0
710.5
6951.5
2866.5
8883.5
7770.5
3489.0
8241.0
0
1960.0
6644.0
3464.0
3930.5
5609.0
6465.0
7209.0
8923.5
8694.5
680.5
4899.5
6983.5
3402.0
11011.0
4754.0
2328.5
8670.0
3284.0
6841.0
6208.0
68.0
4465.0
8450.0
5489.0
4410.5
6587.0
3741.5
7601.0
5585.5
4034.0
2680.0
7757.5
2204.5
7575.5
2842.5
194.5
5515.0
68.0
6745.0
8053.0
8155.0
9081.5
0
6404.0
5316.0
8432.5
4750.5
8140.0
5704.5
10318.0
10699.5
8894.0
10543.5
7801.5
3921.5
4040.5
2326.0
7477.0
790.0
7182.0
10593.0
8312.5
2609.5
979.0
7754.5
6286.5
7674.0
2624.0
6491.5
10167.5
7082.0
8102.0
6248.5
3468.0
3095.5
3320.5
7667.0
10237.5
9193.5
3678.5
8476.0
2979.5
5399.5
10276.5
383.0
3497.5
9083.0
3618.0
3944.5
11116.0
6370.0
528.5
1948.5
5823.5
11163.0
6379.0
1590.0
5477.0
10067.0
4644.0
3307.0
6113.0
4936.5
3840.5
2466.0
7993.0
5867.0
559.5
2846.0
7816.5
7415.5
3219.0
6283.5
6577.0
11119.0
9985.0
8957.5
8212.5
9182.5
5834.5
5748.0
5719.0
7203.5
3858.5
7703.5
10321.0
1681.5
12070.5
5160.5
10831.5
3568.5
10977.0
1733.0
5325.5
2977.0
8723.5
4580.0
12248.5
4788.0
9532.5
4277.0
10529.5
1898.5
8915.5
5526.0
9756.0
10172.0
8443.0
4785.5
0
2866.5
4509.5
2610.0
2807.0
10128.0
8920.0
6713.5
4770.5
2872.0
7671.0
2505.5
3607.5
7780.0
3684.5
7809.5
8642.5
5768.0
6705.0
9256.5
1138.5
5179.5
9083.5
4837.5
9303.0
10733.0
10716.0
4076.5
3680.0
12022.0
6188.5
10289.0
9164.0
1189.0
5498.0
6981.5
0
771.0
9980.0
6240.5
9050.0
4069.5
3283.0
3598.5
9189.0
8351.5
8224.5
5903.0
9683.5
0
11601.5
1277.5
2218.5
14304.5
7548.0
7868.5
11060.5
9318.0
10347.0
11071.0
6095.0
6973.5
8621.5
9382.0
10323.0
10982.5
6252.0
12757.0
11832.0
4095.5
11379.5
7362.0
7905.5
7631.5
3580.5
6759.0
3837.0
3111.5
3401.0
13796.5
8974.5
9009.5
68.0
9325.5
9758.5
6967.0
4094.5
4502.5
0
4246.5
4625.0
8221.5
12153.5
4703.0
10770.0
12218.0
11046.5
719.0
9360.5
2128.0
11818.5
11552.0
10064.5
3467.5
3679.0
11146.5
7602.5
10682.0
13208.0
3283.5
13052.0
10960.5
7010.0
7695.0
5661.0
2124.5
10835.0
4297.5
10333.0
10111.5
8009.0
3111.0
9796.0
9381.0
0
9370.0
14286.0
1803.5
11010.0
1506.0
3505.0
6044.0
9727.5
5959.0
1999.5
2389.5
6148.0
8890.0
5516.0
13527.5
12429.0
11264.5
3617.5
9466.0
8134.5
4903.0
6621.5
1949.5
3653.5
4263.0
5553.0
3154.0
7329.5
11786.0
871.0
1181.0
10996.5
12193.5
1528.5
6617.0
6137.5
9618.5
10044.5
11448.0
10066.0
11210.5
3905.0
11045.5
10068.0
11556.0
10060.0
2670.0
138.0
0
1484.5

10732.5
9552.0
5446.5
10056.5
11224.0
1085.5
10854.5
10699.5
435.5
9701.0
3322.0
10673.5
11383.5
11147.0
8858.5
9585.0
138.0
11396.0
13269.0
11482.0
11493.5
4550.5
2333.0
1965.0
10032.0
1160.5
7122.5
10864.5
9943.0
5369.0
1352.0
11537.0
11872.5
2142.0
5453.0
13263.5
10287.5
13385.0
3937.5
14533.0
365.5
11985.0
12382.5
11586.0
8500.0
12382.5
4989.0
2873.0
2365.0
2011.5
4034.5
8240.5
6285.0
8113.5
13828.5
5540.0
11667.0
11609.0
5689.5
7341.5
12707.0
6452.0
2470.0
6533.0
10721.0
11077.0
14121.5
11705.5
6486.0
11748.5
11468.0
9578.5
0
2203.0
9867.5
996.0
11460.5
7206.0
10789.5
2861.5
3042.5
6044.0
2824.0
12635.0
8614.0
10566.5
13853.5
13660.5
4523.5
4508.0
13210.5
10989.0
7493.5
12863.5
6641.5
841.5
11049.0
11399.0
14001.0
8645.0
10578.0
12360.5
2823.5
12141.0
1951.0
11647.0
11560.0
14077.0
2791.0
10574.5
427.0
497.0
10678.5
15481.0
3112.0
2063.0
14197.0
9541.0
12356.0
2848.0
4333.5
1264.5
8908.5
12203.0
1811.5
2800.0
717.0
5843.5
6122.5
2675.5
3300.0
14126.0
10468.0
10549.5
3093.5
9443.0
7675.5
2840.5
4633.0
13061.0
11615.0
10978.5
4127.0
14122.0
10425.0
12708.5
1195.5
10606.0
11559.5
9471.5
7684.0
4359.0
9952.0
11016.5
10130.0
8096.5
5035.5
3204.5
4326.0
10241.5
5903.0
11077.0
11349.5
10687.5
13835.0
1882.0
9706.5
9997.5
11106.5
9326.5
8705.0
10233.0
11854.5
1124.0
10376.0
4462.0
7657.5
6508.0
11792.0
2629.0
12554.5
4628.0
2860.0
11882.5
14512.0
6196.5
10561.5
12306.5
11866.0
11668.5
6233.0
10993.0
11912.0
10251.0
12935.0
10666.5
13747.0
7581.5
12375.5
11867.5
11452.0
14694.0
11846.0
8407.0
11945.5
11005.5
1219.0
8719.0
4490.0
3994.0
10655.0
12788.5
1859.5
6136.0
13090.5
1570.5
10723.0
126.5
2885.0
14674.0
2899.0
3503.5
9150.0
10983.5
9516.0
11074.0
3600.0
3372.5
1830.5
8341.0
10428.0
4565.5
10073.0
11431.0
10554.0
2907.5
126.5
3000.5
1145.0
3140.0
2637.5
11093.5
2525.0
6082.0
13074.0
8888.0
5303.5
10229.5
438.5
12445.0
5147.5
12785.0
13590.5
5463.0
10507.5
10983.5
68.0
9489.5
3141.5
11690.0
10640.5
10423.5
12993.5
14980.0
10782.0
5700.5
2764.5
11516.0
8604.5
7293.5
2176.0
10059.5
3035.5
10145.5
2266.0
138.0
11008.0
2320.0
1707.0
13030.5
1601.0
11866.0
3290.0
12009.5
10224.5
10365.0
528.0
10626.5
11028.5
0
13619.5
11014.5
11976.0
12482.0
10286.0
10893.5
11885.0
13368.5
13649.0
14426.0
4133.0
7189.5
3731.0
1517.5
12769.5
10523.0
11066.0
2085.0
4503.0
8858.5
9620.5
8954.0
3571.5
9391.0
3031.0
10059.0
3231.5
10194.5
13273.5
4626.0
5695.5
12281.5
138.0
12921.0
10378.0
8451.0
2830.5
11474.0
10637.0
14905.0
9647.5
7951.0
8114.0
11647.5
4189.5
11557.0
1687.0
10573.0
10200.5
13691.5
12038.5
1618.0
13170.5
12401.5
5292.5
14242.5
13230.5
12808.5
9063.5
11093.5
1381.0
7743.5
9450.0
10105.5
9918.5
5026.5
11656.5
10586.0
0
10046.5
4750.5
10585.5
14188.5
14462.0
11027.0
8070.5
10341.0
10458.5
2616.5
12406.0
10065.5
3168.5
12795.5
13473.5
3646.5
12947.0
2103.5
11535.5
11006.5
10888.5
3333.0
13565.5
11693.0
10064.0
9141.0
7721.0
2122.0
12713.5
13546.5
13746.0
5605.0
13727.0
12994.0
4606.0
419.5
10743.0
9012.0
11010.0
11876.5
14519.5
10111.0
2363.5
10246.5
15503.0
13264.0
12600.5
13694.5
2285.5
10168.0
11427.0
8408.5
10964.5
13664.5
11184.5
6618.5
10484.5
2727.0
10501.5
12546.5
10132.5
3857.0
698.5
13217.0
7931.0
4592.5
1009.5
10527.0
11888.0
3694.5
11088.5
2382.0
2895.5
11260.5
10881.5
12052.5
9814.5
11317.0
12043.5
11536.0
10197.0
11391.0
8079.0
5014.5
7912.0
2131.0
10332.0
14205.0
12126.0
5120.5
4725.0
10481.0
10110.0
12802.0
2331.5
10142.0
15133.5
2060.5
9285.5
10942.0
10166.5
2333.5
14155.0
3379.5
11197.5
12012.5
3518.5
10148.5
9083.0
68.0
10379.0
10274.0
14272.0
3704.5
13486.5
4447.0
9832.0
13682.0
11765.5
10654.5
12742.0
8602.0
12456.0
12994.5
948.0
9430.0
11115.5
11800.0
13660.0
13186.0
13010.5
8080.0
2560.5
13499.5
9995.0
11060.5
10090.5
10686.5
11211.0
14344.0
11145.0
11096.0
14564.5
11493.0
10484.0
1521.5
5272.5
10983.0
9103.0
14814.5
10554.0
8116.5
4363.5
2957.5
13025.5
10023.0
10068.5
4817.5
10150.0
2095.0
13871.5
9130.0
3140.5
12524.0
2895.0
13791.0
10978.0
9732.5
0
438.5
4704.5
649.0
10944.5
13557.0
5064.0
12310.5
13204.0
13314.0
1673.5
13721.5
12044.0
12621.0
10248.5
14113.0
12920.0
12426.5
11206.0
12793.0
8704.0
14238.0
9972.0
2552.5
11438.0
14322.5
10970.0
10098.5
13268.5
11386.5
12531.0
8538.5
10172.0
2053.5
11606.5
11915.0
12054.0
13620.0
3084.0
10553.5
231.5
10650.5
10492.5
13163.5
1617.0
14549.0
7332.5
10084.5
11417.5
12038.5
10992.0
4414.5
14217.0
4577.0
12895.0
6785.5
10911.0
13635.0
3765.5
14401.0
6080.5
528.0
8176.5
10659.0
4281.5
700.0
11390.5
12011.0
11579.5
6730.5
7653.0
11580.0
9174.5
4853.5
898.5
14323.5
11182.5
9789.5
10529.5
12534.5
15257.5
10556.5
13049.0
3626.5
9135.0
12502.5
771.0
8656.5
13992.5
14739.5
7741.5
13799.0
13330.5
14496.0
13316.0
0
0
13720.0
0
3108.0
3774.0
8399.0
3756.0
13586.0
11913.0
1528.5
10167.0
14391.5
8069.5
10102.0
9325.0
10780.0
13316.5
8174.0
4151.0
10521.0
10110.5
14135.0
2533.5
12646.0
1616.0
2027.5
13274.0
10052.0
12981.0
10223.5
10488.0
11722.0
9196.5
10655.0
13624.5
13179.0
9974.5
5418.5
2025.0
10354.5
12963.5
9074.0
14454.5
10976.5
1299.5
11078.0
2703.5
3576.5
9172.5
10836.5
14317.0
10931.5
10980.5
14100.0
14101.0
2072.5
13319.5
12898.5
8649.5
1498.0
14741.0
11875.5
13048.5
13358.5
2940.0
13375.0
12728.5
11144.5
11694.0
10063.0
3033.0
6320.0
3201.0
10737.0
0
11361.5
9546.5
1512.0
11159.0
6960.0
9226.5
6007.0
12206.0
5150.5
10127.5
14562.0
12211.0
12271.5
8656.0
12846.0
12060.5
14423.5
2370.5
1354.5
9332.5
68.0
12266.5
2663.5
10654.0
11866.0
3097.0
7215.0
9137.0
10942.5
5923.0
11040.5
13328.5
12788.0
11950.5
6882.5
10598.0
12345.5
9951.5
7929.0
10981.5
11016.0
12740.0
7008.0
1088.5
10998.0
12332.0
12666.0
10066.5
13928.0
12535.5
8892.0
10343.0
10510.0
10496.5
10595.5
12221.5
13275.5
10951.5
12818.0
10044.5
2024.0
10918.5
13892.5
10294.0
7565.0
10467.0
6655.0
12888.5
12346.0
7456.5
14791.0
10044.0
10053.5
7777.0
14603.0
14015.5
1883.0
4549.5
2006.0
9494.5
6398.5
12889.5
13310.5
9322.5
10511.0
12285.5
11309.5
3551.0
2821.5
10868.0
13312.0
3029.0
11717.0
11122.0
8735.5
6660.0
12084.0
8772.0
10108.0
11977.0
13831.0
11425.0
3153.0
9076.0
10042.0
11934.0
6624.0
10067.5
13413.5
1068.5
13324.0
12685.5
14130.0
0
15125.0
3841.0
11664.0
10701.0
12856.5
11931.5
11809.5
13352.5
13190.0
11538.0
13930.5
1757.5
10315.5
14331.5
12779.5
12248.5
9036.0
8119.5
14174.5
11569.5
3459.5
1570.5
7461.5
13373.5
7724.0
14396.5
8120.0
7619.0
5260.5
497.0
13789.5
9629.5
9905.5
8997.0
13632.0
14479.0
14133.0
5306.5
14074.5
11667.0
11022.5
10186.5
14767.0
9175.5
11606.0
3911.5
10983.0
14150.5
12626.5
13045.0
419.5
12852.0
11957.0
12034.0
10285.5
10193.0
12767.5
12848.5
10864.0
3357.0
14443.5
14154.0
13443.0
13959.0
12457.5
13985.5
10822.0
12309.0
13981.0
6320.0
2962.0
14181.5
10585.5
13893.5
8648.5
12660.0
13747.5
6872.0
7030.5
4112.0
7113.5
9086.0
6137.0
12668.5
11870.0
9118.5
14798.0
5755.0
13300.0
738.5
5193.0
6353.5
13834.0
11255.5
0
6720.5
9531.0
10019.0
13380.5
11304.5
11064.5
8169.5
4960.5
8130.5
11205.5
14594.5
13096.0
11084.0
459.5
11924.5
13652.0
14319.5
12493.0
4738.5
10471.0
12825.5
14156.0
68.0
12666.5
5016.5
10902.0
10134.0
10714.0
7858.5
9177.0
1695.5
10420.5
12128.0
13433.5
987.0
11011.0
13543.0
13580.5
7657.0
5163.0
3074.0
11081.0
4136.0
7617.5
15293.5
14628.0
12336.5
10462.0
0
7043.0
10565.0
11089.0
3801.0
10132.5
10709.5
11859.5
4891.0
9121.5
12690.5
1161.5
13999.0
11859.0
13442.0
10993.5
11034.5
12712.0
12492.5
11360.5
11557.0
6710.5
12551.0
6474.5
13557.5
7855.0
5356.5
2002.0
4622.0
10075.5
10014.5
13498.5
14688.0
15552.5
13234.0
14115.5
13851.5
12834.0
13654.5
12778.0
13957.0
12637.0
12084.0
15211.0
13549.0
13587.0
10510.5
10045.5
12874.5
14348.5
13408.5
14065.0
11116.5
8808.5
2145.0
12705.0
14740.5
9666.5
13006.0
11545.5
7795.0
12711.0
15089.0
10871.5
12411.5
1144.5
11442.5
13843.0
10537.5
4826.0
13287.5
0
370.5
12044.5
9596.0
15170.0
9567.0
5482.5
13859.5
5390.5
4329.5
12815.0
5915.5
14654.5
787.0
10159.5
14321.0
11179.0
10305.0
10968.5
12285.5
14519.0
9629.5
11078.0
10649.0
13873.5
7221.5
0
11481.0
11617.5
10546.0
5764.0
14046.5
4829.5
11637.0
15779.5
14072.0
1110.0
9687.0
12118.5
4359.0
10214.0
12958.0
12484.0
12426.0
8977.0
10780.0
13488.0
10049.5
12480.5
13416.0
13838.0
10846.5
5062.0
11013.5
14166.5
11794.5
13197.0
11016.0
15187.5
9641.5
11656.5
12702.0
11862.0
1386.5
6455.5
13350.0
13336.5
14116.0
4859.5
10573.0
7929.0
7119.0
5515.0
12371.5
15014.0
12109.5
10916.5
11413.5
419.5
10932.0
11542.0
13088.5
4125.5
10135.5
13261.5
11629.0
10942.5
10720.5
9175.0
11999.5
13609.5
13721.0
11627.0
11259.5
14027.0
11071.0
4554.5
653.0
14468.5
11840.0
0
9050.5
11437.5
13236.5
10394.0
126.5
10414.5
15111.0
13366.0
11038.5
14192.0
1200.0
13074.0
7095.0
11262.5
8645.0
12787.0
13205.5
12663.5
12657.5
68.0
12086.5
11850.0
11012.0
1160.5
13264.5
2602.0
10131.0
10513.0
0
11108.0
4002.0
13363.5
14272.0
11627.0
13384.5
843.5
5629.5
13676.0
11081.5
13621.0
12721.5
8027.5
6819.0
419.5

12604.0
10627.5
13724.5
13367.0
6135.0
0
16030.5
11928.0
11972.0
7066.0
13066.5
11111.0
13654.0
7935.0
10190.5
13528.5
12087.5
11974.0
10945.0
5975.0
12366.5
9914.5
11023.0
14849.5
10067.0
13690.0
1553.5
10315.0
12559.0
15409.5
10986.0
14045.5
12128.5
10367.5
12818.0
9057.0
10933.5
13000.0
13566.5
10524.5
7524.5
13279.0
10053.0
1436.0
11633.0
11900.5
11485.5
13939.0
13247.5
10982.5
15321.5
7670.5
11443.5
7696.0
13514.5
13283.5
7083.5
14606.5
12317.5
898.5
10976.0
10663.5
10231.5
13959.0
8888.5
13869.0
1902.0
13203.0
13032.5
0
12687.5
11914.5
10116.5
12790.5
10346.5
9302.5
12737.0
13070.0
9109.0
13172.5
11636.0
12360.0
6341.0
12001.0
13029.5
13965.5
13739.5
13073.0
2904.0
14156.0
11476.5
10461.5
0
12145.5
10522.5
12267.5
11130.5
0
14899.0
10117.5
13524.0
1146.0
12768.5
12483.0
12568.5
11873.5
14836.0
15869.5
11835.5
10210.5
6632.5
14670.0
14292.5
14075.5
11017.5
13822.5
12765.0
11294.5
11730.0
12735.0
11611.0
0
0
7193.0
10577.5
14464.5
6220.5
11150.0
6073.0
10684.5
12745.5
0
13962.0
13855.0
2887.5
14080.5
6846.5
13547.5
11626.5
0
68.0
879.0
10143.0
15937.0
14957.5
12735.0
0
4917.5
12285.0
3890.5
2722.5
7826.0
68.0
14780.5
11970.0
1329.5
11929.5
10615.0
1607.0
2234.0
12807.0
6893.0
12350.0
13948.0
12790.0
3221.0
10194.0
4080.0
0
5031.5
14414.0
4302.0
5753.5
10820.5
14033.0
1706.0
3457.5
13930.0
15042.0
12541.5
5425.5
10558.0
10262.5
11538.0
8620.0
11550.5
12183.0
12438.0
10997.0
12626.0
10042.0
9461.0
15066.0
8357.0
2584.5
10362.5
10132.5
12327.5
8050.0
10559.5
10300.0
5873.0
10155.5
2074.5
14480.0
12646.0
10167.0
11850.5
3155.5
12245.0
14089.0
12036.0
8021.5
9087.0
11075.5
5386.5
11389.5
10811.5
1142.0
10122.0
13029.5
14076.5
13050.0
14228.5
6351.5
14178.0
9405.0
10504.5
16089.0
11017.5
10179.5
12856.5
9328.0
14243.0
2848.5
14156.0
7045.0
13698.5
14256.0
13662.0
15075.5
11525.5
14198.0
12471.5
11885.5
4326.5
12083.0
7047.5
12531.0
11822.0
6143.5
11903.5
12340.5
68.0
12439.5
13944.5
10072.5
6478.0
12509.5
9949.5
12907.5
12689.0
12391.5
11124.0
11620.5
6974.5
10544.0
12421.5
10098.0
13415.5
9644.0
12514.5
13390.0
10955.0
12448.5
11396.5
10117.0
14411.0
12086.5
12493.5
11927.0
14402.0
14403.0
961.0
374.5
5828.5
6930.0
10611.0
9129.0
1351.5
12737.0
8798.0
10250.5
13814.0
12641.5
13934.5
9848.5
348.5
12288.0
5873.0
10961.5
11101.0
14207.5
7218.0
10616.5
10205.0
6159.5
12901.5
10551.5
13226.0
12082.5
3178.0
10069.0
12064.0
14298.0
10296.0
7362.0
12149.5
9999.5
13681.5
7370.5
12758.5
348.5
2635.5
15030.5
11441.0
12998.5
13746.5
13401.0
9137.5
11023.5
11516.5
10617.5
11100.0
14548.0
10128.0
13072.5
1419.5
13318.5
13439.0
13359.5
2088.5
12461.0
12072.0
822.5
12015.5
13572.0
10126.0
13642.5
6348.5
11619.5
12244.0
10417.0
14142.5
10647.5
13069.0
12765.0
12920.5
10972.5
12376.0
6334.0
10282.5
4529.5
2967.5
12317.0
11940.0
11042.5
11705.0
11044.0
2217.0
12041.5
15233.0
14396.0
8664.0
12361.0
5952.0
12312.0
11898.0
9293.5
12520.5
13042.5
11993.5
5725.5
10725.0
13403.5
13140.0
751.5
11049.5
10567.5
6277.5
14218.5
14384.5
12852.5
10711.5
2809.0
5092.5
11072.5
12253.5
13234.0
12869.5
68.0
13247.0
10555.5
13281.5
10941.5
13456.5
13756.0
11385.0
9836.5
9584.5
11998.5
12461.5
12979.5
7861.5
12937.5
1456.0
15432.0
10288.5
14393.0
11129.5
3914.0
2668.5
4522.0
12157.0
2016.5
4120.5
11959.5
9743.0
13913.0
10617.5
12295.5
686.5
10434.5
11940.5
10642.0
6604.0
879.5
12929.5
2840.5
10370.0
10116.5
14441.0
11472.0
11576.0
8365.5
8436.0
68.0
11004.0
13796.5
6545.5
14672.5
2269.0
12578.0
12782.5
11864.5
13427.0
5195.5
11105.0
14350.0
12946.5
10565.5
2772.0
3157.5
11082.0
12435.5
11630.0
0
11182.5
14098.0
13314.5
6979.0
12992.5
11442.5
9159.0
10796.0
3581.0
14385.5
809.5
7571.0
11858.0
15061.0
13283.0
2959.0
8610.5
6621.0
9215.5
12937.5
2809.5
14209.0
13525.5
11665.0
10999.5
13972.5
11838.5
10044.5
997.5
12547.0
10048.0
0
13909.5
14551.5
7451.0
11197.5
10260.0
10941.5
10529.0
14616.0
11882.0
2247.5
10515.0
14862.0
1831.0
13619.5
13191.0
13061.0
14620.0
13828.0
0
14564.0
7854.0
3166.0
10853.0
13178.0
12984.0
8052.0
4051.5
10750.0
12826.0
10441.0
2963.0
14794.0
5699.5
11387.5
11883.0
13624.5
10528.5
5480.5
0
10744.5
0
14159.5
14517.0
0
27.5
10402.5
5538.0
14643.5
14267.5
13254.0
10176.0
1515.5
12587.0
12530.5
3077.0
11143.5
11111.0
11500.0
12401.0
5521.5
12013.5
14442.0
9217.5
10181.5
13248.0
12839.0
16041.5
10330.0
9179.0
10667.5
10606.0
13727.0
15351.5
6086.5
12115.5
11980.0
11339.5
10571.0
4243.0
9330.5
13314.0
15043.5
8507.0
9544.0
11213.0
15060.5
11425.0
3316.5
15049.5
6024.5
12142.0
0
10106.5
15091.0
12346.5
12645.0
729.5
12100.5
5831.5
7794.5
12065.0
12724.0
11752.0
1087.5
12869.5
10986.0
10507.5
11167.0
1708.5
14540.5
13844.5
12777.5
14244.5
10885.5
13587.0
13653.5
10597.0
11074.5
497.0
12712.5
10224.0
5588.0
12906.0
10104.5
11843.0
14900.0
10961.5
12506.5
5351.0
10235.5
13203.0
11014.0
2703.5
1729.5
11057.5
12310.0
14462.5
14269.0
14797.5
3834.0
10476.0
10710.0
12404.0
10590.0
12800.0
10412.5
11020.5
12667.5
13790.5
14101.5
13723.5
13279.5
12795.0
12787.5
6406.0
11075.0
15179.0
10256.0
484.0
11022.0
10114.0
11756.5
1883.5
14045.5
9121.5
14113.5
11036.5
5305.0
10893.0
11295.0
7218.5
8408.0
13418.0
8996.5
12113.0
11669.5
11291.0
12340.0
10141.5
14410.0
9586.5
12257.5
11467.0
13691.0
11432.5
11225.5
14220.5
10949.5
7872.5
12071.0
10071.5
10952.5
11527.5
11646.0
13644.5
10022.0
13339.0
15624.0
1141.5
13506.0
15518.0
11964.5
10119.0
1245.0
1104.0
8791.0
11871.5
12000.0
12836.0
12781.0
2126.5
14145.0
10426.5
12506.5
10151.0
6187.5
11338.0
6954.0
11026.5
10124.0
10703.5
10931.5
6906.5
0
2009.0
7819.0
10087.5
14172.0
0
87.5
11450.5
4163.0
11596.5
13209.0
12448.0
9620.0
14842.5
11018.0
10103.0
12724.5
10508.0
12450.0
10255.5
11335.0
11045.5
12293.0
4186.0
126.5
9854.0
5985.0
10982.5
6734.0
10537.5
2088.0
11739.5
1630.5
5690.5
13657.0
10381.5
453.0
10192.0
15423.5
419.5
435.5
13232.5
10270.0
8537.5
9534.5
11485.0
11442.0
13617.5
13350.5
13865.0
10070.0
11580.5
11186.5
10507.5
11889.5
10087.5
6503.5
11181.0
3207.5
10954.0
1984.5
12803.5
12928.0
10098.5
10167.0
126.5
13172.5
11227.5
10126.5
478.0
68.0
11010.5
12959.5
13789.0
0
13346.5
0
11395.0
9719.0
7242.0
12759.5
12499.5
5776.5
11874.0
10522.5
14859.0
9141.0
11588.0
8105.5
13449.0
15761.0
10045.5
8609.5
13348.5
10695.0
6896.5
11031.5
6814.0
438.5
10841.0
68.0
10074.0
11068.5
8707.5
13299.0
10523.0
115.5
13709.0
9719.5
10167.5
13107.0
12742.5
0
14522.5
6767.0
6468.0
13259.5
11376.0
14899.5
11615.5
11782.5
12733.0
2143.0
13250.0
12334.5
11497.5
10478.5
12809.0
14512.5
11001.5
14473.5
11546.5
13652.0
12141.5
15431.0
471.0
11074.5
14241.5
10073.0
8483.5
13684.5
10313.5
10485.0
12524.5
7114.5
1084.5
13302.5
11609.0
5641.5
12753.5
14786.0
12470.0
11444.0
10549.5
13800.0
6006.5
7523.5
5401.5
10235.5
13817.5
9615.0
12909.0
11404.5
10726.5
7774.0
14686.0
13079.0
10563.5
13409.5
13341.0
1002.5
11217.5
10965.5
5326.5
10594.0
13302.0
11277.0
14365.5
12284.0
14141.0
8823.0
14333.0
13936.0
11096.5
10963.0
68.0
1179.5
13181.0
9081.0
6933.0
12037.0
10509.0
13698.5
12729.5
8571.0
13618.0
13331.0
14132.0
13708.0
10921.5
10237.5
13727.5
12166.5
9319.0
12932.0
12525.0
13832.0
12455.5
11029.0
7961.5
11820.0
12408.5
13285.0
12364.0
8274.5
13193.0
5049.0
14316.5
10091.0
14108.5
3126.0
14967.0
12842.0
10240.0
7032.5
12775.5
4405.0
12721.0
10360.5
6204.5
14453.0
12579.0
12097.5
1044.0
12298.0
13358.5
11866.0
10519.5
126.5
2783.0
9425.5
7751.5
13557.0
5316.0
6094.0
12505.5
1096.5
0
13625.5
0
14437.0
13536.0
11162.0
14160.5
9671.0
15418.5
11390.5
13767.5
13709.5
8147.0
2924.5
14769.0
10666.5
10079.5
13070.0
13249.5
9997.0
12280.5
12765.0
14133.0
10072.5
13671.0
12081.0
11390.0
12570.5
12565.5
10221.5
13414.0
10741.0
9572.5
11403.5
5347.5
13555.0
1833.0
14785.5
5527.5
13164.5
12685.0
1766.0
12246.5
10870.5
14507.5
10977.0
11610.5
11595.0
11250.5
10977.0
0
11107.0
13444.5
10947.5
2060.0
16311.5
14546.0
14414.5
1439.0
11380.0
11833.0
14315.0
12248.0
126.5
14251.0
1087.5
10555.0
11958.0
13293.5
13719.5
10316.0
14272.5
11055.0
13140.0
1461.0
8295.0
11440.0
9023.5
11886.0
13610.5
8085.5
1531.0
13232.5
10208.0
8737.5
13632.0
126.5
2083.5
11976.0
13365.0
10952.5
10079.0
13744.0
13677.5
12773.5
13038.0
12725.0
12694.0
3433.5
14398.5
2160.5
7478.0
13656.0
12852.0
9889.0
12347.0
13771.5
4756.5
497.0
8026.5
10089.5
3442.0
11598.5
13237.0
11869.0
10532.0
13308.5
14171.0
5897.5
10151.5
11398.5
13244.0
13304.0
7075.0
13923.0
10067.0
12777.5
12334.5
14237.5
10927.5
9049.0
10128.5
12630.0
6819.0
11302.0
14123.0
13398.5
5727.5
14137.0
10981.5
13195.0
12964.5
12958.5
10255.0
14577.5
10177.0
12802.0
2087.0
11088.5
13518.0
11713.5
12456.0
11524.0
10527.0
5644.5
1810.0
12471.5
12723.0
11405.0
10623.5
14295.5
13612.5
12856.5
7266.0
8939.5
8581.5
14681.5
12327.0
5670.0
8578.0
6059.0
11570.0
13732.0
13223.5
11529.0
9130.5
0
13125.5
10206.0
14634.5
11939.0
13042.5
11058.5
14592.0
9782.0
14407.5
12517.5
8668.0
11466.5
11104.0
11275.0
13942.0
11968.0
13032.0
12297.5
0
14629.0
14292.5
9416.0
8773.5
4438.5
13408.0
7469.5
14322.5
2498.0
11496.5
7047.0
11047.0
12481.0
10152.0
11891.0
11094.0
1181.5
12126.0
12485.5
10832.0
13770.5
13193.5
13132.5
15456.0
13715.0
10120.0
10153.0
14508.0
13810.0
4000.5
10575.0
2343.5
13717.0
10905.0
12134.0
13707.5
13410.0
11874.5
14258.5
11033.5
13793.5
9903.5
10771.5
12499.0
12071.5
14398.0
12980.0
14491.0
438.5
10588.0
12225.0
13220.0
4812.0
12875.0
11275.0
12839.5
10854.5
12038.0
12887.5
13885.0
12666.5
12222.5
8010.0
13410.5
9510.0
13479.5
2034.0
10679.0
13818.0
15123.5
10634.0
11549.0
4384.0
14507.5
13186.0
5298.5
14002.0
12456.5
11126.5
13052.5
12923.5
9825.0
14018.0
15037.5
12936.0
11926.5
10372.0
2835.0
2940.0
13350.0
14369.5
13265.5
13738.5
6388.0
12801.5
13936.0
13305.5
7211.5
12966.5
10063.5
10427.0
12919.5
13269.5
4929.5
11334.5
11711.5
9912.5
12384.0
11000.5
11841.0
6538.0
11857.0
10631.5
13725.5
13041.5
12291.0
10085.5
11823.5
12883.5
15272.5
11759.0
13910.0
13764.0
4364.5
12475.5
13807.5
4751.5
15142.0
14593.5
0
10673.5
12971.0
11824.5
12094.0
12981.0
13621.5
13650.5
15380.5
0
2326.5
10993.0
13658.0
12550.0
12551.5
13601.0
12008.5
15393.0
3727.5
13144.0
13799.0
11900.0
11915.0
13870.5
812.0
14284.0
13003.0
10890.5
12989.5
10942.5
11836.5
12828.0
14407.5
10190.5
126.5
10703.0
8023.5
14706.0
11661.5
6221.0
13412.5
11399.5
13367.5
14872.0
11010.5
14537.0
11810.0
10542.0
7838.0
13687.5
14745.5
2218.5
5436.0
12339.5
11878.5
11976.5
11129.5
5534.0
13070.5
2587.0
12698.5
13726.5
14330.5
11818.5
0
438.5
12915.0
13734.5
15946.0
12072.0
12057.0
11002.0
13012.5
13058.5
13549.0
9282.0
13981.0
13957.5
9148.0
12498.5
14426.5
10503.0
1889.5
10712.0
10571.0
14728.0
15507.0
12138.5
10225.5
14980.0
12047.5
13895.5
12865.5
10998.5
10231.0
7442.5
2213.5
15023.0
13992.0
516.5
11449.0
6031.5
10172.0
3194.5
14423.0
14392.5
10555.0
10158.0
12081.5
12599.5
14878.5
14675.0
15125.5
11987.0
8743.0

14301.5
138.0
14463.0
13498.5
14753.5
13670.0
12779.0
12156.5
14766.0
2074.5
11943.0
2076.5
7188.5
5679.5
10073.0
13300.5
14098.0
2038.5
11271.0
11195.5
14458.0
12502.0
12762.0
12563.5
10313.0
6110.5
2643.5
10615.0
11366.5
15441.0
12144.5
12669.5
14007.0
14712.0
10727.0
14267.0
11140.5
12785.0
13526.0
10899.0
12350.0
14269.5
0
14168.0
11335.5
14513.5
14888.5
10965.0
12382.0
6431.0
14248.0
8643.0
11150.5
11395.0
7302.0
10218.5
14184.5
14727.0
15162.5
13752.5
10094.0
12356.0
14937.5
12416.5
11903.5
11119.5
12298.5
12666.5
9652.0
11642.5
5872.0
13648.0
12036.0
15262.5
12518.5
10048.5
15220.0
14176.5
11318.0
13392.0
11412.5
11037.5
13018.0
13052.0
6583.5
12331.5
12826.0
12500.5
14804.5
10423.0
9587.5
10271.0
10165.0
1033.0
13255.5
15700.5
14018.5
12644.0
13163.5
4759.5
10404.0
7147.0
13219.0
13095.0
12661.0
14001.5
14105.0
11759.0
14516.5
14345.5
12357.0
7445.0
14543.5
12308.5
10300.0
15071.5
2407.0
15273.0
14729.5
0
12761.0
8543.5
13606.0
11539.5
13676.5
13614.5
15794.0
10444.0
11022.0
7091.0
15453.0
13029.5
13176.0
12356.5
12344.0
2478.0
11090.0
10327.0
13189.0
13968.5
13124.0
13561.5
13275.0
11217.5
13669.5
13269.0
10583.5
16025.0
13653.0
12458.5
10739.0
11462.5
12943.0
8654.5
8621.0
15129.0
7700.0
11416.0
9667.5
2485.0
11899.5
5631.0
10636.0
2927.5
11585.5
11002.5
14138.0
14444.5
7641.0
13297.5
5943.0
13091.0
14100.0
11711.5
14563.5
13299.0
3073.5
13348.0
15841.0
14797.0
1865.5
11624.5
10962.5
12855.0
2323.5
1846.0
13250.0
13753.5
13892.0
4718.0
13338.0
11005.0
12103.0
13556.0
10193.0
13587.0
10053.5
14537.0
12022.0
2480.0
0
11301.5
10479.5
14519.0
14274.0
13077.0
11938.0
14784.0
14386.5
10232.0
14525.5
14312.5
14384.5
14275.0
14821.0
15028.5
13654.5
10099.5
14622.5
12808.5
13993.5
13780.0
13089.0
11382.0
10583.5
13905.0
11034.0
13068.0
6488.5
14703.0
10249.0
11619.5
12002.5
11526.5
10236.0
14038.0
13048.5
14246.5
15009.0
12275.5
13157.5
13597.0
12861.0
12758.5
13895.5
13172.0
15221.5
11845.5
13814.5
10977.5
10175.5
9497.0
14796.5
15675.5
11419.0
12759.5
13762.5
11013.5
12200.0
10069.0
12004.0
10118.5
13213.0
2987.0
11148.0
10802.0
1086.5
14574.5
13225.0
5883.5
14622.0
11006.5
9249.5
10119.0
14323.0
10547.0
13225.5
4259.0
13011.0
11522.5
16432.0
14635.5
13129.0
14066.0
13838.0
12075.5
10945.5
12398.0
14253.0
14379.5
12504.0
12443.0
12295.5
11426.5
12369.5
12462.5
868.0
10469.0
1965.0
14668.5
13019.0
10166.5
6574.0
1158.5
13705.5
7506.5
14551.0
9530.5
1181.5
10085.0
15083.5
12163.5
14851.5
6983.0
12277.5
12199.5
8514.5
14976.0
12797.0
13803.5
13225.5
11828.5
13812.0
13409.5
10502.5
14834.0
9891.0
2546.0
6874.5
14685.5
14373.5
12476.0
14499.5
15599.0
10290.5
0
10163.5
13193.0
14613.5
13097.5
14185.5
68.0
10932.5
10053.5
14331.0
11014.5
14100.5
3834.5
13341.0
10734.0
14566.0
9683.0
14440.5
12698.0
11944.5
6480.5
10628.5
126.5
0
15026.0
14550.0
14102.5
10514.5
13610.5
11455.5
12302.0
12564.0
12380.0
572.0
10144.0
15008.0
7721.5
0
10872.0
2789.0
11030.5
15582.0
12980.0
2624.5
15828.0
13030.5
8086.0
14285.5
11033.5
8147.0
11870.5
2526.5

1504.5
10152.0
14474.0
13623.5
14793.5
5618.0
0
14186.5
6436.0
13640.0
13616.0
12264.5
14132.0
11923.0
12715.0
2460.5
13662.0
0
12755.5
7943.5
13316.0
6812.5
13626.5
14546.5
11419.5
12035.0
9812.5
13936.0
12334.5
15746.5
6384.0
13215.5
1809.5
11036.0
12053.0
14607.0
13360.5
0
12567.5
15953.0
1464.5
12590.5
11637.5
5828.5
13204.0
2426.0
5188.0
7162.0
11458.5
4600.5
13795.5
15580.0
12391.0
13862.5
13172.0
12644.0
13305.0
419.5
5385.0
12173.5
8638.5
10374.5
11425.5
8072.0
16779.0
15203.5
14230.5
13204.5
0
6665.5
13275.0
12712.5
2470.0
11432.0
14539.0
13204.0
11118.5
2888.0
138.0
13041.0
4310.5
1797.0
14680.5
14557.0
14496.5
13691.0
0
13372.0
14102.5
0
11601.5
9132.0
13323.5
138.0
6941.0
13473.5
10619.5
13150.5
12869.5
2290.0
14020.0
15209.0
10897.0
14541.0
13850.5
11869.5
3482.5
13422.0
14358.0
14624.0
5480.0
12486.5
13742.5
14373.5
11934.0
7187.0
12274.5
14419.0
13553.0
14291.5
6595.0
10525.0
13737.0
10120.0
11227.0
7904.0
7538.0
13353.5
10729.0
9637.0
10152.0
9597.5
6964.0
7296.0
13266.0
12970.0
12032.0
12394.5
12181.5
12531.5
11947.5
13483.5
14914.0
6430.0
12419.0
5011.0
6032.5
13579.5
11012.5
8402.5
138.0
14257.5
12458.5
14726.5
15427.5
14924.0
10832.0
11726.5
8717.5
14963.0
12676.5
4200.5
13950.5
10137.0
13328.0
15984.5
14088.0
3145.0
11430.0
13936.5
13596.5
6183.0
10345.5
13723.5
11481.0
6786.0
15312.5
12020.5
365.5
13147.5
10525.5
10530.0
809.5
10333.5
13824.0
11777.0
6782.0
13644.0
12492.5
10965.5
10156.5
10593.5
12065.0
10557.5
12706.5
14951.5
14384.0
6953.0
14278.5
13223.0
13478.0
14967.5
11057.5
10172.5
10409.5
14620.5
12720.0
15244.0
7852.0
11468.0
8970.5
14890.5
16081.0
13935.5
11586.5
8462.0
14287.5
12406.0
4885.5
11018.0
0
9852.5
3238.5
11596.0
13004.5
11054.0
13576.5
12541.5
2810.0
2236.0
10183.0
15182.5
11991.5
14053.5
14031.5
12480.5
13194.0
15179.5
11644.0
12023.5
13789.5
11185.5
10257.0
13731.0
5383.5
13132.5
10088.5
0
0
2144.5
12553.5
6926.0
13816.0
10594.5
13125.0
5034.5
8590.5
10331.0
12536.5
12734.5
15646.0
11682.0
6077.0
12988.5
13016.0
8132.5
10996.0
13807.5
11565.0
13812.5
10127.5
11192.0
2401.5
14132.5
2902.5
14256.5
14510.5
0
8653.5
14632.5
13755.5
13109.5
8517.0
13062.5
14793.0
1461.0
0
12220.5
8896.0
2164.5
13136.0
13226.0
11551.0
14933.5
5192.0
11761.5
2174.5
14951.5
14778.0
0
13131.5
1476.5
13177.0
13368.5
11286.0
13959.5
11862.0
4654.0
12115.0
13707.0
13530.5
10534.5
15222.0
13167.0
10493.5
14132.5
4839.5
10746.0
10624.5
7615.0
383.0
14139.5
11506.5
14290.5
12169.5
11304.0
11605.0
13379.0
14616.0
12574.0
13322.5
13675.5
14375.5
12055.5
11488.0
12791.0
14032.0
10239.5
11399.0
0
12293.5
15830.0
13776.5
13824.0
4724.0
8648.0
13583.0
11014.0
10101.5
13258.5
13073.0
13728.0
14172.5
11635.0
10988.5
9561.0
12310.5
11585.0
12034.0
14262.5
0
13777.0
11405.5
809.5
10147.0
12598.5
13180.5
12647.0
14324.0
12313.5
7631.5
14206.5
2211.5
12410.0
14076.0
12373.5
14209.5
11458.5
12782.0
14190.5
0
13045.5
13802.5
11497.5
14067.5
0
14311.5
6426.0
14403.0
14416.0
14796.5
12759.5
12148.0
2937.5
11563.0
6822.0
8370.5
13655.0
14536.5
12350.5
2960.5
12627.0
11579.0
2017.0
13151.5
2797.5
8124.0
14839.5
13260.5
10996.0
11870.5
12876.0
10503.0
13803.5
13189.0
13058.0
2740.5
13453.5
13960.0
14404.0
11941.5
15504.5
13688.5
13272.0
467.0
13985.5
14011.0
15374.5
13807.5
5923.5
10546.0
10507.5
14292.0
14617.0
11666.5
12426.5
14333.5
11343.0
12562.5
12799.0
13377.0
0
10497.5
13724.0
12789.5
2579.5
10321.5
13241.0
14805.5
10856.0
12344.5
10548.0
10074.0
13724.5
6001.0
13237.0
4692.0
13667.5
12231.5
11885.5
13320.0
11971.0
13035.5
13132.0
12349.0
138.0
10958.5
14869.5
14001.5
7830.5
9529.0
15878.5
0
0
13549.0
12779.0
12346.5
5373.0
11826.5
5247.0
13163.5
14536.5
5825.0
12042.0
13613.5
3843.5
12738.0
13342.0
12426.5
13021.5
13079.0
1362.5
11292.5
13209.5
5831.5
13678.0
6561.0
11624.5
14873.5
4844.5
10074.5
13160.5
0
9935.5
14513.0
12728.0
11139.5
13810.5
2569.0
14377.5
12181.5
3619.5
10574.5
2736.0
13644.0
14366.0
9802.0
15024.5
10923.5
14778.5
12124.0
10228.5
15161.5
0
13740.0
11382.5
11123.5
13590.5
13221.0
5098.0
13304.0
13521.0
14081.0
10059.5
3456.5
2426.5
11901.5
14807.0
14899.0
11036.0
13332.0
10786.0
0
0
13988.5
13981.5
11838.0
5745.0
10685.5
12409.0
3843.5
8534.0
12761.5
11704.5
3153.0
12758.0
5357.0
12174.0
13709.5
13661.5
12441.0
13219.0
9390.0
10076.0
13182.0
0
12537.0
12082.5
13495.5
14770.5
12213.0
13561.5
10694.0
4467.5
13348.0
5610.5
14010.0
12774.0
10572.5
7257.5
10178.5
12324.0
4755.0
8140.5
12180.0
10086.5
12749.0
11388.0
0
13806.5
4922.5
790.0
0
12775.0
11896.0
9188.0
6226.0
10714.0
12846.5
11446.5
13473.0
3936.0
1789.5
12703.5
13771.5
4505.0
9741.0
1744.5
11385.5
1755.5
0
10145.0
13242.0
13365.0
13308.0
680.5
12262.5
13174.5
13445.5
2219.5
12598.5
14479.0
7021.5
10805.0
10889.5
11838.0
13131.0
0
13964.0
0
6812.0
14258.5
12074.0
5316.0
11436.5
11804.0
4590.0
2191.0
13595.5
13976.0
3611.5
10475.0
14152.5
8397.5
11086.0
14971.5
1794.5
12646.5
10761.0
0
6070.5
0
1860.0
15242.0
10590.0
14961.0
14753.0
13868.0
7594.0
12914.0
12372.0
15002.5
13375.0
15099.5
0
10328.0
10531.0
11405.5
13066.0
8102.5
14169.5
14545.0
5017.0
10639.5
2490.0
7710.0
6400.0
13253.5
11874.5
10280.5
13982.0
6257.5
5635.5
14492.0
14397.5
14996.0
10633.0
10256.0
11053.0
10595.5
68.0
13803.5
2629.5
11387.5
13610.0
2569.0
11444.5
12203.5
14973.0
13036.0
10318.0
68.0
12200.5
12918.5
11055.0
12821.0
13872.0
14737.0
8264.0
13146.5
12897.0
0
10157.5
1212.0
12995.5
10613.0
15250.5
13530.0
13131.0
11421.0
14766.5
5475.5
14937.5
13493.0
2452.5
11555.5
13468.0
3799.5
10144.5
13506.0
11721.0
14372.0
11846.0
5889.5
13327.0
13395.5
14775.5
15179.5
11054.5
6844.5
5736.0
13276.5
15043.5
13458.0
8669.5
14899.0
12284.0
0
14740.0
2661.5
11278.0
14177.5
13813.0
68.0
2980.0
10983.0
11783.5
5429.5
14740.5
13493.0
4819.0
4238.0
11391.0
15651.5
13610.5
12103.0
12641.0
10048.5
9112.0
10545.5
10985.0
13898.5
11095.5
6053.5
12416.0
12521.0
13405.0
9594.0
13656.5
12037.5
10404.5
13254.5
6133.5
9738.5
12165.5
7993.5
13535.5
10178.0
14868.5
11926.0
13322.5
11554.0
3113.5
13949.5
4999.0
11040.0
11713.0
8800.0
15058.5
14606.0
13226.5
13757.5
13714.5
12847.0
10019.5
14252.0
12296.0
14513.5
3552.5
12174.0
9126.5
12159.0
13908.5
0
11107.5
5605.5
8158.5
13769.0
10407.5
0
4247.5
13492.0
1496.5
13656.0
10168.5
3174.0
9756.0
13065.0
13636.0
2051.5
12332.5
12334.0
13071.5
12002.0
12602.5
12926.0
15007.0
13189.5
14190.5
14571.5
11518.5
11191.0
13007.0
2516.0
12999.5
15266.0
12493.0
12378.0
13343.5
12037.5
11053.0
14174.5
11850.0
13869.5
13811.5
3314.5
12156.5
5644.0
12018.0
12439.5
0
14696.5
0
12757.5
14874.5
13469.0
9572.0
2847.5
13205.5
12089.5
15251.0
12776.0
11863.5
11387.0
14630.0
13884.5
12206.0
9449.0
6916.5
10336.0
10915.5
12441.0
2215.5
12968.0
14688.5
419.5
12590.0
11881.0
13332.5
11651.5
8440.5
7251.0
4669.0
13997.5
14577.5
12734.0
12408.0
11432.5
5958.0
5890.5
13974.5
13067.0
0
13751.0
14712.0
12893.5
11564.5
4307.5
14241.0
11130.0
10572.0
10060.0
14281.5
11057.0
15220.0
13907.0
734.5
8678.5
14617.0
12900.5
10521.0
10627.5
11714.0
0
0
11070.0
710.5
15825.0
1582.5
13958.5
10955.0
14423.0
9668.0
10727.5
12985.5
0
6978.5
12157.5
13343.5
0
9109.0
15474.0
12828.5
14620.0
14220.5
14529.0
13549.0
15430.5
10923.0
13375.5
3058.0
14002.5
3217.0
13936.0
5461.5
0
0
13582.5
13816.5
13604.0
12902.5
12385.5
13310.0
11736.5
13242.0
14426.5
2242.0
12915.0
12905.5
13648.0
11556.0
11005.5
12467.0
438.5
13544.0
10153.5
809.5
11850.0
11595.5
10454.5
10596.5
775.5
12203.0
14010.0
9116.0
2708.0
10766.0
4555.5
14313.0
12181.0
4189.5
13341.0
13517.5
13778.0
13558.0
14103.0
10757.0
11290.5
9686.5
12683.0
7068.5
14123.0
7820.0
1089.5
11540.0
9757.0
13942.5
13166.0
12611.5
10145.5
13667.5
12705.0
3219.0
12406.0
2925.5
14081.0
13189.0
10048.0
13333.5
6373.0
13296.5
13639.0
12448.5
12721.0
14546.0
3901.0
12119.5
3512.0
497.0
6404.0
14849.0
14768.0
7473.5
14438.5
5241.5
14825.0
13370.0
10051.5
12495.5
13326.0
14351.0
12710.0
11725.0
14854.0
11107.5
12617.0
12316.0
14632.0
14852.5
10438.0
14664.0
14595.0
12152.5
12406.0
11064.0
3239.5
14112.5
11845.0
11434.0
14186.0
14779.5
14309.5
15497.0
13585.0
11419.0
4784.5
4377.5
8820.0
11404.5
1059.0
12801.0
3902.5
11479.0
14739.5
5504.0
13613.0
12022.5
10137.0
3701.0
8830.5
14923.0
4979.5
13104.0
12347.0
6159.0
10639.5
9984.0
12146.0
14273.0
13500.5
12162.5
12411.0
13623.5
12069.5
13437.0
14667.5
11085.0
14404.0
10963.5
13662.5
14893.5
14517.5
9619.5
6415.5
13139.5
13540.5
10944.0
13412.5
10227.0
13240.5
13612.0
14495.5
8750.5
10138.0
11037.5
13311.5
11464.5
15288.5
12813.0
12973.0
15546.5
12317.0
13063.0
6592.5
11415.0
10652.5
14554.5
12344.0
15206.0
13497.0
10630.0
14594.5
6388.5
13366.5
13027.0
13808.0
5610.5
11900.0
11384.5
12102.0
7556.0
12802.0
13734.5
12063.5
12008.0
14368.0
13697.0
12929.0
0
11942.0
11654.5
8950.5
0
13622.5
15200.0
4475.5
0
10284.0
3668.5
14804.0
0
15117.0
13366.0
11222.0
0
13984.5
4706.5
12755.0
9927.5
12583.0
126.5
14916.5
12552.0
9204.0
11516.0
13441.0
5962.5
4583.0
12093.0
5736.0
3532.5
0
11279.0
9956.5
14673.5
12979.0
0
10213.5
9823.5
11593.5
5911.5
0
0
8526.5
13235.0
10329.0
13775.5
13701.5
3959.0
4918.5
5376.5
11883.5
13704.0
8780.5
3631.0
14312.0
15047.0
6711.0
13210.5
8550.0
11830.0
14544.0
10740.5
10496.5
13841.5
11590.5
2847.0
8440.5
13709.5
771.0
12100.5
2141.0
5405.0
15023.5
12397.0
11096.5
13220.0
5637.5
13844.5
2431.0
14602.5
0
10604.0
9020.0
12070.0
12254.0
8783.5
14794.5
9855.5
3280.0
12650.0
13131.5
10975.5
734.5
6645.0
13118.0
4545.0
13548.0
13740.0
3524.0
13247.0
11062.5
11033.0
13247.5
3287.5
0
12402.0
11673.5
10551.5
13236.0
138.0
2183.5
1863.5
4575.0
13763.5
0
4140.0
8907.0
4976.0
8321.5
10400.5
13193.0
11139.0
8133.0
11641.5
12628.0
11028.5
11439.0
12921.5
10609.0
11378.5
13161.5
13342.5
14911.0
1141.5
7937.5
10121.0
0
2997.5
11413.0
13993.0
1421.5
10235.0
7992.0
11906.5
13021.0
9132.0
5763.0
6186.5
13694.0
4201.5
7831.5
0
11942.0
1807.5
8593.5
13749.5
9513.0
12827.0
12830.5
15106.0
3888.5
13969.5
14065.0
13969.5
2648.5
13170.0
5913.0
126.5
13480.5
11647.5
10513.0
3588.0
15272.5
14605.0
14470.0
13281.5
12310.0
8926.5
10129.0
9367.5
12087.5
14148.5
13448.5
10088.5
12738.0
0
4603.0
3655.0
13201.5
13487.0
14522.0
13947.0
11481.5
14058.5
12051.0
10835.0
14951.5
10085.0
11409.5
10523.5
9186.0
12318.0
14077.0
11900.0
14343.0
5399.0
12829.0
9068.0
14427.0
14275.5
1609.5
14011.0
12933.5
13268.5
6957.0
10888.5
5740.0
6899.5
11282.5
12103.0
13653.5
7329.5
68.0
14729.5
14980.0
5772.0
10684.5
4083.5
10537.0
10567.5
0
13125.5
12873.5
10094.0
15668.0
15215.0
13452.0
11432.5
14501.0
5185.5
13739.0
13161.0
7018.0
13334.0
8658.5
11904.5
13361.5
9988.0
14537.5
3738.5
11640.5
4013.5
11908.5
13439.5
10981.0
4326.5
12915.5
11923.5
13212.0
14518.0
12002.0
13404.5
11642.5
13427.0
11627.0
0
10145.5
13293.5
2500.0
11443.5
4367.5
2892.0
13956.0
9946.5
11851.0
11757.5
10531.0
7928.0
6773.0
14578.0
10277.0
10525.5
13612.0
12962.5
12945.0
9003.5
7722.5
10572.0
12931.5
10162.5
6170.0
10516.5
0
10167.0
13071.5
13058.0
5701.0
13668.0
1760.0
10159.0
13753.0
13810.0
5198.5
1953.5
1812.0
10515.5
2631.5
1578.5
68.0
13820.0
14710.0
10087.5
12843.0
14462.0
13262.0
6764.0
15160.5
15269.5
9649.0
8388.0
5083.5
8199.0
13024.0
11510.0
12211.0
787.0
6432.5
14873.5
10925.0
13130.0
12935.0
12061.5
11929.5
14312.0
12012.0
9129.5
14177.0
12589.0
13788.5
6246.0
9467.5
10679.0
12417.0
10610.0
15135.0
14226.0
10128.5
15552.0
13009.5
13093.5
14277.5
15865.5
11515.0
4887.0
13789.0
14290.0
13668.5
14297.0
10998.0
12482.0
10143.5
12611.0
4315.5
3874.0
13550.5
5312.0
11127.0
6643.0
12374.0
10726.0
11640.5
11771.5
14443.0
6696.5
13601.5
12562.5
13830.5
14750.0
12151.5
15257.5
10079.5
12014.0
11473.5
13433.5
3008.0
16270.5
11526.0
11411.5
10106.0
15161.0
9801.0
13748.0
13202.0
13817.5
3493.0
13747.0
4309.0
13928.0
11358.0
11091.0
8205.5
1478.0
13410.0
11957.0
0
11067.5
10630.0
11849.0
11441.5
10246.5
11215.5
8630.0
11767.0
11413.0
14836.5
10287.0
12157.5
14832.5
12798.0
12395.5
5049.5
6038.0
13904.0
12723.0
15200.5
13814.0
12876.5
3682.5
12828.0
13971.0
14387.5
13206.5
3242.5
14968.0
14359.0
13454.0
10154.0
14283.0
6302.5
13240.0
14616.0
12836.5
4552.0
10759.0
13807.5
14085.5
11632.0
7628.5
11118.0
13303.5
10126.0
14809.5
68.0
4594.5
13930.0
13053.0
13540.0
14379.5
12323.0
14096.0
13227.0
11380.0
14072.0
12790.5
13121.0
3076.0
10804.0
13362.5
12092.0
11905.0
11209.5
10590.0
14504.0
11882.5
2581.5
13887.5
4884.0
0
0
2493.5
13455.0
15042.0
12172.5
14949.5
5704.5
11085.5
1138.5
126.5
8077.5
11431.0
2980.0
7909.0
9925.0
13265.0
13040.0
12274.0
6865.5
13609.5
14379.0
11961.5
15361.0
10407.0
13609.5
12581.0
10728.5
13258.0
12657.5
12037.5
5031.5
11270.5
10071.0
6421.0
15029.0
10960.5
0
10184.5
10779.5
8072.5
13699.5
12328.0
13513.5
11480.5
11013.5
13972.5
13963.0
14730.5
10254.0
15272.0
12017.5
10181.0
12277.0
14211.5
1793.0
9785.5
14027.5
10381.0
14889.0
14452.5
10695.5
0
13272.0
9423.5
10136.0
10794.5
14605.5
2088.5
13847.5
11473.0
126.5
6416.5
12594.5
2920.0
10108.5
13974.5
14849.0
13594.5
9784.5
13695.0
3900.5
10991.5
11088.0
14391.0
12375.5
12302.5
14186.5
4934.5
13404.0
13985.0
4981.0
12634.0
12464.5
13845.0
12648.5
12900.5
12200.5
6165.5
13023.5
13003.5
15380.0
12953.5
0
12837.0
6700.5
5680.0
13659.5
11576.5
10323.0
12480.0
10088.0
15665.0
13445.5
15075.0
10602.5
14974.5
11073.5
10506.5
15635.0
11811.0
10080.0
12470.5
11306.5
14636.5
14627.5
10408.5
13271.0
7554.5
15118.5
15128.5
12955.5
14010.5
1368.0
13280.5
4941.5
13867.5
12808.5
12563.5
13015.5
10217.5
4955.0
12380.5
12894.0
12586.5
10352.0
13226.0
4493.5
12549.5
11896.0
14265.5
13834.5
13031.0
4790.0
13363.5
11030.5
13639.0
10425.5
13683.5
14037.5
11185.5
10122.5
9017.5
12776.0
10098.0
12268.5
13216.0
6714.5
11929.5
12139.5
14352.5
13653.5
12966.5
11672.0
13974.0
10108.5
8778.5
12484.0
11104.0
14614.0
9648.0
13832.5
13632.0
11138.0
576.5
13005.0
13364.5
12951.5
13654.0
11363.5
10252.5
14441.0
13339.0
13686.5
1791.5
10315.5
13943.0
13819.5
12985.5
11513.5
14969.5
11367.5
14200.0
11824.0
13792.0
6278.5
9054.0
12760.0
10582.5
14000.5
11834.5
15585.0
13656.0
14699.0
14380.0
12065.0
8040.0
6404.0
11615.0
13316.5
10995.0
13535.5
1058.0
12789.5
12888.5
13409.5
10143.5
7733.0
13711.0
2278.5
11552.5
11947.5
12628.5
13577.0
13652.0
7002.5
1402.5
13311.0
13929.0
11104.0
14442.0
12789.0
10445.0
13026.5
4800.0
12556.0
15474.0
5779.0
11339.5
14464.0
11584.0
13994.0
11160.0
8528.5
5938.0
4772.5
10586.5
11888.0
12922.0
13844.5
13023.5
14106.5
12591.5
11095.0
2122.5
5997.5
11904.0
13386.0
10196.0
13507.5
4387.5
5734.5
11882.0
12505.0
13713.0
12424.0
14375.0
13281.0
13860.5
12636.5
13171.0
12822.5
13627.5
5093.0
12482.0
14400.5
14293.5
10257.0
12715.0
12576.0
12995.0
10160.5
7111.5
15599.0
12036.0
10201.5
10365.5
14057.0
12588.0
6553.5
1498.5
12790.5
14168.5
12345.5
13923.5
15703.0
9166.5
13306.5
11659.5
10492.5
6125.0
6237.0
11861.5
12932.5
9603.0
11050.5
14088.0
13458.0
0
0
1493.0
4865.0
13219.5
5208.0
10965.0
11271.5
16891.5
10830.5
6915.5
14150.5
12683.5
11675.0
5678.0
13677.5
5346.0
7710.5
0
14617.5
10702.5
7630.0
12837.5
4924.0
7666.5
3707.5
10933.0
11501.0
11123.0
13777.5
12327.0
8525.5
0
5455.5
14470.0
9436.0
11381.5
5047.0
12073.5
8118.5
12807.0
407.0
11576.0
9538.0
12640.5
13941.5
12329.5
13852.5
14823.0
9599.0
12279.5
12571.5
9720.0
13812.5
13088.5
10704.5
2056.0
6756.0
5552.0
2141.0
1737.0
14530.5
12574.0
8579.0
7924.0
8936.5
13615.0
11251.0
10333.0
12057.5
13715.0
11289.5
13295.0
6444.5
14996.0
13795.5
6505.5
7350.5
13233.0
0
13293.5
14927.5
11222.0
2827.5
14439.5
5927.0
15230.0
6053.0
4182.0
13734.5
4180.5
9138.5
10285.0
12047.5
7701.0
12664.0
10937.0
13684.0
11496.0
10426.5
11684.0
6511.5
9664.0
7763.5
10252.0
11715.0
13653.0
10794.5
14216.5
8015.0
12364.5
7426.0
1863.5
5555.0
11285.0
12705.5
6314.0
9657.5
11086.0
14168.5
13298.5
11559.0
11299.0
14929.5
13708.5
13358.0
12380.5
11538.5
8376.5
15046.0
10404.0
12336.5
9168.5
12311.5
13423.5
489.5
3206.5
9855.0
13600.0
5606.5
4885.0
12888.5
5394.5
14266.0
11803.0
11614.0
14164.5
13239.0
7593.0
13207.5
13872.0
12549.5
15703.0
13512.0
13775.0
14633.0
8478.0
12806.5
7403.5
7123.5
11538.5
