0
1466.0
2633.5
1738.5
1708.0
353.0
633.5
365.5
1984.5
764.5
3553.5
396.0
898.5
771.5
0
1584.5
1083.5
183.5
738.5
2626.0
0
3682.0
271.0
126.5
2769.5
1720.0
2342.5
1019.5
1305.5
929.5
2431.0
1268.0
808.5
778.5
961.0
1302.5
3177.5
841.0
1361.5
1319.0
3115.0
3365.5
1429.5
1343.0
68.0
1058.5
365.5
894.5
5883.5
1123.0
5295.5
1413.5
1625.5
489.5
1747.0
419.5
1441.0
2419.0
554.5
1582.5
463.0
68.0
438.5
2716.0
1455.0
2054.5
834.5
1910.5
126.5
471.0
491.0
1412.0
758.5
1076.0
802.5
600.5
1863.5
0
1869.0
1681.0
862.5
2021.0
1829.5
2289.5
2089.0
2466.5
848.5
2075.0
126.5
1804.0
1325.0
438.5
2599.0
1989.0
1399.0
2575.0
1319.0
2611.0
3987.5
138.0
1327.5
194.5
2317.5
3133.0
3472.5
667.5
2166.5
68.0
881.5
2120.5
771.0
0
300.5
822.5
1128.0
0
1096.5
0
467.0
68.0
738.5
2438.0
1859.5
1932.0
1558.0
1268.5
1187.5
1851.0
2433.5
6213.5
2809.5
1450.5
582.0
2181.5
3763.0
1783.5
0
4757.0
419.5
2961.5
782.0
1385.0
596.5
1840.0
1607.0
2410.0
3046.5
1084.5
2365.0
3686.0
1092.0
586.5
2855.0
2406.0
3451.5
2741.0
926.0
1477.5
1349.5
126.5
3852.5
698.5
126.5
435.5
68.0
6968.0
365.5
700.0
2405.0
895.5
302.0
1062.5
727.5
2604.5
438.5
2744.0
1559.0
0
1573.0
1059.0
2265.5
300.5
539.5
595.0
1021.0
1168.0
848.5
3059.0
1827.5
720.0
1885.5
663.0
2378.0
0
999.5
1072.0
2249.5
365.5
1141.5
2153.5
965.0
911.5
2500.5
2082.0
2471.0
126.5
2005.0
894.5
0
1555.0
348.5
769.5
1611.0
860.0
721.5
186.5
2136.5
713.5
489.5
3843.0
5216.5
0
1048.0
535.0
3643.5
310.0
841.0
1599.5
3417.0
1893.5
68.0
138.0
2333.5
126.5
1530.0
558.5
2864.5
1901.0
390.5
734.0
1587.0
2825.5
771.5
601.0
2472.0
407.0
2538.5
126.5
1912.0
302.0
1849.5
640.5
478.0
652.0
1099.5
0
1630.5
478.0
2180.5
1662.5
2839.0
2391.0
2530.5
1166.5
1104.0
126.5
719.0
1375.5
2873.0
6673.0
0
783.0
752.5
652.0
4315.0
0
0
1439.0
1198.0
300.5
365.5
2225.0
230.5
315.5
3069.0
3444.5
2794.5
787.0
2861.0
2532.0
1122.5
242.0
3499.5
2597.5
490.0
1770.0
1827.0
1867.0
536.0
1709.5
300.5
1581.5
797.0
478.0
2276.5
0
401.0
2585.5
0
8426.0
2529.5
928.5
1396.0
478.0
441.5
126.5
2757.0
68.0
965.5
2231.5
0
411.0
2126.5
652.0
888.5
1708.5
554.0
0
257.0
411.0
68.0
3875.0
573.0
126.5
856.5
1228.0
1121.0
653.5
1242.0
383.0
6854.5
289.0
2400.5
549.5
289.0
1647.5
1682.5
633.5
0
3722.5
2145.0
2002.0
1146.5
583.0
1541.0
1090.5
68.0
0
0
482.0
717.0
68.0
365.5
1942.0
1226.5
2387.5
516.5
359.0
0
3857.0
120.5
465.0
1109.0
1453.0
419.5
1267.0
548.5
401.0
285.5
1965.5
1584.5
958.5
0
1908.0
978.5
3101.0
2919.0
0
1035.5
68.0
1003.5
2533.0
4553.0
576.5
2514.0
2641.0
435.5
3728.5
583.0
2130.0
243.0
68.0
4727.5
829.5
1201.5
0
3778.0
198.0
3546.0
2861.0
0
1688.5
1033.0
1654.5
126.5
2384.0
150.0
419.5
813.5
1589.5
1305.0
777.5
484.0
477.5
789.5
3314.0
1801.5
3817.0
1472.0
2768.0
911.5
3384.0
478.0
4480.5
2383.0
830.5
138.0
6998.5
491.0
671.0
2606.0
359.0
1603.5
416.0
3891.0
2547.5
1235.5
3938.5
138.0
1692.5
1460.0
2317.0
1050.0
2235.0
2584.0
1633.0
3491.0
798.0
3527.0
0
478.0
2293.5
1146.0
1051.0
824.0
1010.5
1789.0
126.5
2576.5
2304.5
359.0
68.0
419.5
1608.5
126.5
68.0
3756.5
138.0
478.0
2617.5
3575.0
1424.5
2727.5
1261.5
497.0
2007.5
4447.0
1474.5
3259.0
4813.0
1060.5
4082.0
1938.5
390.5
1679.5
1945.5
68.0
0
3720.5
1216.0
722.0
771.0
1848.0
138.0
689.5
3114.5
438.5
418.5
2778.5
950.5
1478.0
1041.5
68.0
478.0
126.5
911.5
243.5
5195.0
323.5
2440.0
2653.0
470.5
1405.5
359.0
2810.0
1280.5
126.5
126.5
2172.0
1491.0
1141.5
535.0
1002.5
2660.0
113.5
1920.0
2111.0
3174.5
692.5
627.5
831.5
692.0
1987.5
1696.5
944.5
68.0
68.0
1597.5
1523.5
667.5
0
1837.0
1194.5
2062.0
1434.5
138.0
0
459.5
4935.5
1702.5
285.5
1347.5
3621.5
68.0
68.0
2024.5
257.0
989.0
1954.5
611.0
790.0
128.0
2374.0
475.0
1291.5
533.5
3897.0
419.5
838.0
419.5
2093.0
3869.5
1577.0
498.5
68.0
1252.5
3399.0
68.0
1079.5
686.5
1781.5
68.0
812.5
879.5
2054.0
811.0
418.5
3244.5
0
4564.0
2676.0
1647.0
68.0
1583.0
734.5
698.5
1678.5
1461.5
1752.5
1426.5
370.5
3546.5
1186.5
3564.0
347.5
2973.5
359.0
1154.0
2006.5
1758.0
6784.0
2103.5
5416.0
1688.5
1343.5
1201.0
1403.0
0
0
775.5
2909.5
2051.5
126.5
539.5
3494.5
4964.5
419.5
1282.0
2663.0
2065.5
5281.5
5200.0
3020.5
3736.5
68.0
383.0
753.5
4586.5
68.0
3535.0
128.0
2353.5
2827.5
300.5
968.5
1203.5
1458.0
848.5
0
1956.5
734.5
0
6053.5
2697.5
2440.0
1049.5
1477.5
0
6271.0
1131.0
2748.5
126.5
3317.5
2887.5
0
4935.5
242.0
3686.5
4953.0
0
4935.5
2700.5
1246.5
5514.5
1473.5
4288.0
2883.5
3173.0
68.0
2070.0
424.0
471.0
1542.5
2592.5
478.0
819.0
1070.5
725.0
829.0
1596.0
672.5
903.5
2631.0
6373.0
1481.5
1581.0
3262.5
2818.5
534.5
2397.0
1148.5
1698.5
0
7355.5
1799.5
1440.0
6071.5
1486.5
4272.5
1113.0
2033.5
1947.5
1637.5
359.0
2818.0
3915.0
777.0
126.5
3093.5
1303.0
0
2502.0
0
671.0
68.0
2020.5
1056.0
3294.0
5182.5
3241.0
952.0
2287.0
0
3457.5
0
3169.0
2111.5
1362.0
875.5
4896.0
1233.0
3694.0
242.0
4676.5
1718.5
2089.0
1615.5
1414.0
1022.5
2348.0
126.5
2023.0
2409.0
300.5
1723.0
257.0
1554.0
820.0
3103.0
3495.5
2185.5
595.0
138.0
1112.5
1086.0
2722.5
7343.0
3417.0
4886.5
1517.5
1087.5
5124.0
3075.0
608.5
126.5
925.0
285.5
2136.0
2769.5
905.5
2656.0
707.0
424.0
5847.0
2479.0
424.0
458.0
1464.5
724.5
4246.5
1532.5
1958.5
0
771.5
2865.5
183.5
3209.5
0
3063.5
3034.5
524.5
2032.5
1734.0
9615.5
0
438.5
1496.5
138.0
6152.0
3344.0
0
5691.5
2985.5
0
3272.5
3601.5
777.0
1546.5
4919.0
1620.5
1043.5
1697.5
1096.5
0
2049.0
4545.0
1032.0
2148.5
5486.0
719.0
4219.0
407.0
538.5
1074.5
840.5
3025.0
2510.0
3710.5
2912.5
1499.5
365.5
656.0
4333.0
938.0
3698.0
2851.5
4276.0
3105.5
1021.5
1198.5
4596.0
2936.0
2547.0
1980.0
665.0
68.0
1668.5
2326.0
0
1087.5
2007.5
2269.0
653.5
2814.5
1271.0
920.0
5576.5
1337.5
1845.5
3453.5
459.5
3782.0
