0
68.0
68.0
704.5
939.5
891.0
773.5
1467.0
1383.5
1204.5
1130.5
601.0
1615.0
1556.0
300.5
2304.5
2225.0
1397.0
586.5
804.5
471.0
1264.5
138.0
1441.5
348.0
1075.0
735.5
2377.5
360.5
1768.5
68.0
1383.5
598.0
68.0
2790.0
435.5
1208.5
1143.0
706.0
1479.5
1711.0
2576.0
3975.5
2646.0
1495.0
3007.5
68.0
4220.5
2737.5
1472.0
1790.0
652.0
734.5
2183.0
962.5
576.5
1093.5
2862.5
497.0
639.5
2407.0
1910.0
895.5
2055.0
524.0
3084.0
2188.0
654.0
4116.0
1575.5
5044.5
5383.5
1263.0
2155.0
1741.0
2060.0
2913.5
6336.0
7090.0
1300.5
1246.0
3960.5
5407.5
5680.5
68.0
828.5
4145.0
4160.0
1796.5
4965.5
2116.5
3459.0
2451.5
6287.5
2745.5
300.5
2997.5
1980.5
1361.0
7906.5
7150.5
2465.5
8428.0
1647.0
2095.5
4437.5
3699.0
4617.0
419.5
572.0
3856.5
6144.0
1984.5
126.5
6424.0
1249.0
3665.0
3895.0
2231.5
2297.0
2291.0
0
3159.5
4311.5
3535.0
4893.0
7713.0
1390.0
831.5
1393.5
68.0
3368.0
1830.5
8733.5
6874.0
6033.5
4241.5
4533.0
3574.5
4486.5
6117.5
3462.5
3529.5
4691.0
1243.0
4310.0
537.5
2714.0
3779.5
3434.5
4398.0
2337.0
3939.0
6705.0
3113.5
5441.0
3380.5
1433.5
2468.0
9086.0
2052.5
6687.5
1992.5
2389.5
6930.0
4588.0
5930.0
3231.5
1180.5
2907.5
3602.5
1243.0
2665.5
4639.0
3872.0
5485.5
4592.5
9081.5
5802.5
2115.5
3163.5
2195.5
3026.5
0
7886.5
1285.5
4976.5
2256.5
2654.0
6186.5
3536.0
1374.0
3447.5
1224.5
7541.5
2086.0
2056.5
5475.5
5870.5
126.5
6251.0
3135.5
6363.5
2949.0
4029.0
2654.0
2323.5
6293.0
68.0
8007.5
5347.5
3340.0
2828.0
1986.5
7332.0
1322.0
0
6009.0
4145.0
7477.5
8464.0
3330.0
2971.0
5187.5
1531.5
3059.0
1263.5
8174.0
2702.5
7235.5
8460.0
9108.0
2620.0
7105.0
4486.0
2223.5
7331.0
5616.0
5906.0
6745.5
3631.5
7992.0
1962.0
5707.5
7362.0
3679.5
1861.0
7466.5
4269.5
2720.5
194.5
5614.5
3661.0
3306.5
419.5
2882.5
8236.0
0
6793.0
9330.5
5529.5
2613.5
419.5
7150.0
6183.0
6142.5
7180.0
3411.0
1133.0
7121.0
2750.0
7913.5
4644.0
4183.0
4423.5
6373.5
7397.5
5037.5
2689.0
757.0
10741.0
4018.0
3924.0
2047.0
1109.0
10122.0
1868.5
5608.0
6341.0
3988.0
3414.5
7204.0
6520.5
1564.5
9674.5
7122.0
2250.0
7538.5
4248.0
3523.0
3310.5
535.0
316.0
9296.5
7971.5
0
3693.5
418.5
1047.0
11668.5
6010.5
7276.5
4874.5
2609.5
0
2805.0
5978.0
3876.0
1993.0
7087.0
5698.5
4859.5
126.5
1841.0
0
0
10558.0
9085.5
5825.5
6290.5
0
1940.0
3139.0
1463.0
5382.0
2429.0
8992.5
7664.0
3729.5
3595.0
8351.0
9656.0
1588.5
6549.5
5579.5
6879.0
7715.0
1918.0
5335.5
1562.0
5417.0
1500.0
9839.5
1990.0
4391.0
4478.5
1554.0
7154.5
5767.5
4348.0
3868.0
6994.5
9544.0
9844.5
6117.0
1687.0
4721.0
6630.5
4992.0
7075.5
7019.0
5985.5
0
6134.5
4933.5
1939.5
6618.5
9645.5
4523.0
2249.5
4369.5
6775.5
5294.5
3215.5
7460.0
0
6517.0
7870.5
6033.0
6373.5
3481.0
2012.5
10516.5
2041.5
3719.5
508.5
2521.0
2715.0
6547.5
7113.0
2970.5
5229.5
9157.5
9099.0
7345.5
2355.0
1205.0
2129.0
5513.5
973.5
8948.0
2112.0
4494.5
4974.0
3327.0
8202.5
6674.5
7772.0
11130.0
3430.5
4655.5
429.0
984.0
0
7607.5
2598.0
771.0
5301.5
533.5
3709.5
7903.0
4283.0
5235.5
6914.0
8979.5
8139.5
530.5
6525.0
3776.5
3923.5
1721.0
2025.0
5467.5
2796.0
3519.0
5653.0
302.0

2390.5
4585.0
8900.5
1736.0
7614.0
6023.5
7456.5
6012.0
5413.5
3443.0
1801.0
2168.0
1211.5
771.0
478.0
4507.0
7666.0
5012.0
533.5
6148.5
4723.0
4719.0
9747.0
10143.5
6689.0
5195.5
8787.5
6774.5
7209.0
0
8570.5
4074.5
1757.5
6161.5
419.5
9334.5
8789.5
2552.0
4010.5
1185.5
7263.5
10123.5
2057.0
7445.0
10182.5
2683.0
1369.5
3547.0
7220.5
2295.0
9351.5
8603.0
4857.5
0
1200.0
6672.0
5581.0
1737.0
5870.5
7340.5
3407.5
7165.5
5280.5
68.0
8120.5
5989.0
5932.5
7226.0
2406.5
2777.5
0
8061.5
3460.5
8008.5
1931.0
4790.5
6196.0
9579.0
10209.0
6604.5
6541.5
5741.0
5777.0
9350.5
6017.5
2382.0
9480.0
8310.0
1589.5
7010.0
5686.0
6618.5
424.0
7340.5
5696.0
3955.5
3552.0
7377.0
3762.5
2610.0
8530.5
7656.5
5893.5
4313.5
7411.0
5964.5
947.0
6857.5
2724.5
7220.5
10257.5
3250.0
4701.0
2736.0
6785.5
523.5
7209.5
7546.0
7170.0
8689.5
7718.0
4310.0
9291.5
11404.5
0
10809.5
3433.0
2883.5
7063.0
1096.5
5626.0
9810.5
3200.0
9826.0
748.5
1216.0
4393.0
8628.0
7848.5
9855.5
4782.5
10302.0
9456.5
463.0
4079.0
6460.5
7414.5
0
9811.0
7864.5
1973.0
3372.0
2878.0
10039.5
419.5
5912.5
68.0
4378.0
1738.5
6675.5
6968.5
6493.5
2162.5
5266.5
7108.0
6339.0
8426.5
9868.0
4339.5
68.0
2293.0
4427.0
2654.0
424.0
3887.5
4960.5
3197.5
9474.0
5540.5
7542.5
6735.5
0
3636.5
6956.5
7162.5
2780.5
7433.0
2565.0
6423.5
2030.0
7989.5
7216.0
6399.5
7914.5
7160.5
1401.5
0
6602.5
0
3204.0
438.5
0
8192.0
3366.5
6043.5
0
8477.5
497.0
2749.5
946.0
9577.5
2138.5
6316.5
4921.5
0
7000.0
0
5065.5
2095.5
7298.0
1849.5
1772.0
916.0
6254.0
5431.5
9441.5
934.0
5027.5
3013.5
7846.0
7314.0
7970.5
7109.0
5374.0
0
5079.5
2298.5
646.0
5507.0
7150.0
6689.0
1921.5
6617.0
9536.5
4590.0
419.5
3790.5
5712.5
5781.0
2564.0
1822.5
1190.5
2148.5
5680.0
3423.0
1165.5
4602.5
7188.5
7481.5
13010.5
3724.0
7074.0
8264.5
3512.0
8565.0
7399.0
9644.0
4357.0
6925.0
4277.5
4420.5
1531.0
11839.0
1181.5
7828.5
11268.0
4668.0
7948.0
2529.0
6985.5
10084.0
6864.5
3873.0
68.0
7310.0
1087.5
12823.5
9448.5
3613.5
5211.0
11399.0
6314.5
7451.5
9889.0
10011.0
11609.0
5751.0
5609.0
8601.0
5821.5
11277.0
2562.0
4098.5
5090.0
9140.5
10759.5
3535.0
6223.0
3413.0
6673.0
8186.0
3721.0
4513.0
3302.5
0
2170.0
7514.5
7366.5
3365.0
8365.5
2529.5
7736.0
11350.0
4807.0
3330.5
12149.0
5742.5
12863.0
7164.0
3041.5
4409.5
8722.5
6889.5
5982.5
6989.5
6117.5
4233.5
8682.5
3676.5
5219.0
3350.5
2560.5
6818.0
5494.0
10409.5
0
3250.5
8695.5
8866.5
8633.5
8000.5
5397.5
8524.5
4385.0
4867.0
1356.5
3482.0
9652.0
9712.5
8765.5
8460.0
5874.5
401.0
1156.5
6699.0
6300.0
2343.0
6519.5
10102.5
6528.5
10386.5
6768.5
4940.0
4413.0
4209.0
6697.0
126.5
6412.0
9172.0
7188.0
6637.0
0
4514.0
7125.0
6960.5
0
8617.5
7078.0
5030.0
3726.0
11334.5
0
365.5
6710.5
10260.0
3266.0
6607.5
7285.5
6275.0
10064.5
4600.5
9129.0
7211.0
7487.0
3199.5
4134.5
7985.5
8863.0
10519.5
10192.5
8717.5
0
10065.5
3935.0
6643.5
126.5
7402.5
11299.5
7718.5
8039.5
6234.0
471.0
605.0
10331.5
9713.5
6750.5
3660.0
6781.5
3841.0
8706.0
8328.0
10921.0
5848.0
7158.5
8413.0
9466.0
2076.0
10053.0
11396.0
4741.0
7796.5
3440.0
10152.5
2011.0
10411.5
6165.5
7621.0
8092.5
8500.0
10617.0
3152.5
4216.0
7720.0
68.0
9755.5
6152.5
478.0
4925.0
4778.5
5679.0
5229.5
353.0
11366.0
8713.0
9791.0
7626.0
3051.5
8469.0
9732.0
3386.5
7307.0
4565.0
4994.0
7316.0
7089.0
9541.5
9467.5
7100.5
2323.0
10082.0
7021.0
11247.5
4088.0
1898.5
14890.5
12216.0
7968.5
8143.5
6051.0
9206.5
9125.5
10861.5
4073.5
8436.0
2741.0
8161.0
126.5
5337.5
6939.5
9098.5
7014.0
10811.5
8383.0
5879.0
11260.5
10317.0
4682.0
1703.0
4510.0
10141.5
8958.5
4606.5
11097.0
3759.5
6848.0
8706.5
8581.0
7053.0
6726.0
5274.5
2322.5
7696.0
4749.5
3164.0
7490.0
10717.5
1050.0
7522.0
12011.0
3692.0
10053.5
3467.5
4988.5
8274.5
7415.0
8899.5
2916.0
8676.5
883.0
7676.5
8023.5
5418.0
4912.0
6295.5
7921.0
7122.5
5447.5
6215.0
8936.0
6892.0
7728.0
6776.0
2923.0
5258.0
5171.0
6394.0
0
7758.0
7782.5
11675.0
1615.5
4368.5
4791.5
6853.0
9075.0
8027.5
11023.5
6284.5
9345.0
11796.5
3168.0
1141.5
7233.0
5018.5
1989.0
0
5734.0
5256.0
8304.5
3644.0
7702.0
6107.0
4007.5
6360.5
4540.0
8176.0
9791.5
7301.0
6652.5
6412.0
7333.0
7266.0
2823.0
7273.5
8975.5
3003.5
7534.5
11382.5
6279.0
2515.5
3108.5
3453.5
2276.5
3342.0
5525.0
10121.5
3987.5
4881.5
3274.0
6436.5
5292.0
8189.5
1490.0
3503.0
3478.5
9110.0
6730.5
8677.0
7492.0
4506.5
6625.5
8067.5
9207.5
2830.5
8173.5
8570.0
11400.0
11208.0
8088.0
11087.5
6120.0
1085.5
5955.0
5489.0
8054.0
5310.0
8543.5
1906.5
7510.5
4166.5
0
5958.5
10247.5
1016.5
7191.5
9214.0
3289.5
9255.5
9975.5
8025.0
8658.0
7793.5
7329.0
6219.0
10585.0
0
4877.0
8934.0
10060.0
7084.5
762.5
7101.0
10142.0
4758.0
9084.5
8710.5
5953.5
0
8479.0
9002.0
3787.0
1534.0
3557.0
0
7001.0
1540.0
3444.0
13244.5
4309.0
4336.5
1678.5
8113.0
4243.5
8001.5
10431.0
9563.0
3380.0
1950.5
10731.5
8460.0
8953.0
6315.5
7346.5
1389.0
10078.0
5054.5
8102.0
5525.0
6735.5
10357.5
10915.5
11037.5
3570.0
7179.0
10060.5
6169.5
2195.0
8615.5
8407.5
1329.5
4700.0
5242.5
6797.0
2508.0
14028.5
6585.5
0
8226.0
2490.0
3066.5
2078.5
6323.5
6051.0
8421.0
3132.5
1805.5
5214.0
14173.0
2370.5
11851.5
7007.5
0
8303.5
8413.0
6040.5
3181.0
5512.5
8253.0
6593.5
1203.0
7972.0
11031.5
9505.0
7656.0
1456.5
6730.5
5301.0
10865.5
11587.0
3876.5
5931.5
5330.5
7750.5
6428.0
9164.0
9530.5
9130.0
10552.0
0
3205.5
5844.0
8429.0
3928.5
6850.0
6831.0
6642.5
6321.5
11205.0
6959.0
2162.0
6818.0
7068.0
8535.0
6498.5
3657.5
8114.5
138.0
7346.5
10714.5
4250.0
7204.5
1834.5
5368.5
4593.0
10146.5
6801.0
7089.0
0
458.5
10533.0
9609.5
7975.5
4400.5
6053.0
9635.0
965.0
3935.0
5393.5
7908.0
136.0
13578.5
949.5
7677.0
8043.0
5827.5
5365.5
4935.5
11691.5
546.0
10944.5
2161.0
2420.5
12375.0
7437.0
13299.5
7118.5
8090.0
2942.0
5761.5
6751.0
6954.0
6007.5
3481.5
11035.0
10243.5
6794.5
10452.0
7770.5
6165.5
7131.5
7331.0
10049.5
9380.5
7343.0
6682.5
4506.0
5147.5
4414.5
7981.0
8869.0
7393.0
7420.5
8654.0
5539.0
6067.0
10377.0
7839.5
14115.5
848.5
8565.5
9531.0
7112.5
9585.0
1901.0
6021.5
2614.0
9696.5
5773.0
1515.0
13110.0
3462.0
6042.5
10263.0
10132.5
6719.5
10164.0
7992.0
8144.5
2920.5
3914.5
707.0
4859.0
9485.0
5887.0
289.0
6346.0
8983.0
11700.5
5058.0
6457.0
8016.5
6996.5
10391.5
6242.5
7885.5
8641.5
5595.5
9836.0
9532.0
1204.5
6979.5
3485.0
5358.5
6848.0
4715.0
10623.5
6486.0
8750.5
1104.5
6343.5
9929.5
10900.0
488.0
478.0
5303.0
4388.5
3697.0
10868.5
7305.5
6864.0
8578.5
7106.5
10403.0
4576.5
6469.5
7774.5
5058.5
5796.5
9323.0
10003.5
8404.5
9501.0
4241.5
8774.0
10130.0
5821.5
10383.5
1219.5
10285.0
11945.5
1121.0
7157.0
10340.0
6973.0
2925.5
10255.5
7013.5
4035.5
7916.5
1210.5
5363.0
6216.5
7621.5
6411.0
9805.0
9376.5
8368.5
1690.0
4260.5
2790.5
8549.0
11749.0
3476.0
7829.5
6636.5
6322.5
7849.0
9474.5
11085.5
8197.0
10861.5
7918.5
6152.0
11181.0
5451.0
10614.5
5948.5
0
68.0
7097.0
10822.5
2889.5
9478.5
11239.0
6893.5
9604.5
5014.5
7899.0
9576.5
5460.5
9502.0
6710.5
4098.0
7523.5
7292.5
9254.0
5348.0
9606.0
9434.0
9677.0
8765.5
2136.5
9341.5
6410.5
8193.5
5473.5
3804.5
10415.5
9211.5
6518.5
8176.0
6615.5
3040.5
4144.0
10105.0
5130.5
8887.0
4766.5
7494.5
4976.5
9757.0
9434.5
5182.5
8375.5
3987.0
6684.5
9645.5
13104.5
8842.5
7190.5
6433.5
11083.0
5279.5
6714.5
6500.5
10852.0
2884.5
8331.0
10774.0
9394.5
7058.0
13149.0
9769.5
7198.0
126.5
1336.0
10208.5
7025.5
5366.0
5132.0
11441.0
8195.0
9080.0
11601.5
2712.0
4637.5
6878.5
10059.5
12590.0
10156.5
700.0
3371.5
6821.5
10284.5
6454.5
6697.0
497.0
8547.5
6882.0
11614.0
9986.0
10385.0
6560.0
4520.5
9376.0
10568.5
11910.5
4722.5
4169.5
4849.0
4727.5
8835.5
11919.5
1977.0
11017.5
3305.5
10115.5
5822.5
9769.5
8761.5
9197.5
8925.5
10125.5
10299.0
9926.5
9762.0
3467.0
15210.0
12357.5
10599.5
10686.0
11035.5
11577.0
8545.5
10690.0
4445.5
1528.0
7326.0
3092.5
8560.0
10775.0
9063.5
9979.5
10608.5
13209.0
7904.0
8905.5
10807.0
9043.5
7974.5
8375.5
6837.0
10353.5
6510.0
10011.0
8533.0
10259.5
10686.5
13309.5
1967.0
8948.5
3708.0
7622.5
11118.5
9219.5
5558.0
13176.0
8524.5
10206.0
12037.5
10059.5
6626.0
9402.5
7425.0
8614.5
1829.0
11854.0
7150.0
11141.5
8343.5
7766.0
9955.0
8095.5
10163.5
241.0
5316.0
10557.5
5895.0
5097.0
9030.0
12608.0
9240.5
5538.0
8724.5
126.5
6473.5
10642.5
9038.5
9371.5
7757.0
6089.0
10378.5
12847.0
9959.0
9339.5
8479.5
10328.5
9029.5
7103.0
13132.0
10795.5
11261.5
6640.5
467.0
10708.5
6443.5
3060.0
8925.5
11612.5
12057.5
14057.0
9921.5
9532.5
7753.0
7822.5
10686.5
10514.5
5547.0
11085.0
6494.0
10636.5
6442.5
700.0
11041.0
7450.0
5247.0
5348.5
467.0
8345.0
3628.0
9704.5
8938.0
8003.5
10316.0
7309.5
11880.5
7392.5
7952.5
7140.0
6541.5
6118.0
11223.0
6950.0
12952.0
8986.5
7180.0
4231.0
13721.0
7688.0
7808.0
7531.0
8005.0
5969.5
10891.5
7565.0
9716.0
6410.0
11156.5
9230.0
7044.0
7977.5
2788.5
8556.5
10769.5
10241.5
9516.0
1743.0
5455.0
10079.5
6832.5
0
7242.5
10376.5
4122.5
6224.0
10241.5
8662.5
10523.0
11168.5
5299.0
7974.5
7140.0
7522.0
11180.5
0
10121.0
7494.5
5029.5
13783.0
2791.5
9344.0
8009.5
9110.5
5524.0
13780.0
7249.5
7124.5
10959.0
8407.5
4174.5
8505.5
8991.0
8137.0
8586.0
6692.0
7219.5
11084.0
9556.0
10435.0
10127.5
5213.0
10621.0
7575.0
7689.5
9563.5
6635.5
9688.0
5235.0
11029.0
1394.0
2737.5
10260.5
9808.5
898.0
10750.5
8177.0
10940.0
11180.5
11856.5
8305.0
10749.5
10416.0
7045.0
9869.0
13982.5
11109.0
8759.0
10350.0
4559.5
3674.5
10168.5
6634.0
9444.5
12857.5
6866.0
8385.5
5756.0
7128.5
13281.5
9209.5
6918.5
10069.5
10150.0
4539.0
7550.0
7551.0
11831.0
12617.0
9151.5
10312.0
794.5
12253.5
8821.0
9434.5
5670.0
11462.5
6126.5
9012.5
9552.0
6217.5
7502.0
6960.5
6040.0
2687.5
11360.5
9095.0
3944.0
0
3743.5
10382.5
6874.0
4217.0
12581.0
12219.5
9286.0
11976.0
12784.0
3682.0
11092.0
8390.5
10643.0
10563.5
10383.5
11896.0
5713.5
13046.0
7850.5
12731.5
7020.5
12166.0
7154.5
7655.0
6363.0
12062.5
0
7027.5
7129.0
6591.0
0
9030.0
10127.0
11222.5
10158.5
7163.5
4100.0
8622.0
11741.5
10696.0
10213.0
12318.5
10313.5
10176.5
4645.5
10649.0
7908.5
3249.0
12856.0
5665.0
9288.5
6028.0
5674.0
7740.5
4730.0
8202.0
10656.5
438.5
13469.0
11821.0
7627.0
11076.5
11409.5
10483.0
6040.5
6030.0
4507.5
418.5
11595.0
6890.0
11217.5
7453.0
4589.5
12190.5
5236.0
10995.5
2840.0
4456.0
11380.5
0
8349.0
3718.0
8415.5
0
4090.0
7932.5
6715.0
5934.5
11489.5
10997.5
8767.5
4940.0
5555.5
9504.0
5110.0
12606.0
3381.0
6279.0
5684.5
8317.0
1372.5
10659.0
10142.5
10813.5
10858.5
8552.5
10409.5
4058.0
10537.5
1633.5
9546.5
9738.5
11985.5
11524.5
12121.0
6480.5
5025.0
10472.0
9889.0
1365.0
10086.0
3017.0
10234.5
6323.5
6681.5
5324.0
6936.0
1811.0
6991.0
6009.5
8690.5
3407.5
10734.0
6657.0
1103.5
2297.0
7912.5
7739.5
13956.0
10537.0
11954.0
419.5
10233.5
9269.5
6517.0
1812.5
10961.5
13626.5
3434.0
10088.0
8417.5
0
10956.5
11273.5
8593.0
12447.0
4333.5
6621.5
3127.5
9747.0
6160.0
11959.0
5539.0
7291.0
8493.5
7101.0
2519.0
11467.0
2793.0
8036.5
10106.0
7040.0
1579.5
8570.5
6858.0
1583.0
11209.5
3317.5
12384.5
4379.0
14354.5
12184.5
11113.5
2351.5
7813.5
6184.0
10061.0
6728.0
6131.5
7449.5
10589.5
68.0
4682.0
10798.0
10058.0
10337.0
7910.0
11205.5
9588.5
10994.0
4530.0
11439.5
14203.5
8793.5
4431.5
7081.0
8625.0
10754.5
14920.5
2719.5
5267.5
11396.0
10660.5
9035.5
10961.5
5323.5
10578.5
10400.0
0
2148.5
11099.5
10566.5
6639.5
10740.5
7097.0
3162.5
9176.5
5651.0
7600.5
5407.5
5600.0
10864.0
10048.5
8204.5
3497.5
3328.5
7955.0
7133.5
2232.0
3776.0
5739.0
6657.5
11325.5
4853.0
10706.5
6096.5
11016.0
5358.0
10196.0
6272.5
11801.0
7372.0
9488.5
4388.5
8652.5
10844.5
11259.5
8674.5
9591.0
12401.5
4160.5
8399.5
5321.5
10862.5
4239.0
9896.0
13054.5
8409.0
8828.0
0
5476.5
10999.5
5398.0
7421.0
10062.0
10314.0
10763.5
6263.5
11190.5
7408.0
6578.0
822.5
5827.5
11527.0
2340.0
10278.0
4894.0
0
5323.0
3761.0
5984.0
2053.5
3457.5
12282.5
2182.5
10590.0
0
6777.0
9276.0
9708.0
12049.5
10249.5
6699.5
8645.5
6630.5
10284.5
11136.5
10057.5
7189.5
6661.0
10935.0
10898.5
11756.0
11319.0
5928.0
3378.5
11206.5
8147.5
10869.5
1813.5
1174.5
8413.5
7128.0
12514.5
11531.0
8429.5
7184.0
12504.0
2576.0
5376.5
10455.0
9988.0
10435.5
10182.5
8406.5
9034.0
10053.5
13151.5
11003.5
10439.0
9559.0
4470.0
7860.5
10752.0
3128.0
6732.0
2710.5
8505.5
7992.0
5911.5
359.0
10777.0
8156.5
8079.5
13255.0
8712.5
6437.5
2214.5
11519.5
11694.5
0
2138.5
4505.0
4540.0
6539.0
7659.0
0
12839.5
3467.5
10599.0
5632.5
10018.0
6313.0
7513.5
10978.5
13069.0
2818.0
12019.0
8661.5
4578.0
2946.5
5726.5
8768.5
10191.0
12045.0
8919.0
5872.5
6117.5
5037.5
6793.0
7342.0
9729.0
9418.0
12761.5
9133.0
3932.0
9651.0
10569.0
11546.5
3318.0
8461.5
9118.5
5983.5
12324.0
9738.5
10650.5
10225.5
4339.0
2250.0
6183.5
2623.0
11179.5
10099.0
4279.5
9742.0
15022.0
6873.0
6256.5
8388.0
10130.0
13257.0
7464.0
11471.5
9994.0
10376.0
11111.5
5839.5
7620.5
4395.5
7775.0
12875.5
11010.0
12861.5
11090.5
7331.5
14109.5
5738.0
3901.0
8104.0
5908.0
10636.0
663.0
5550.5
68.0
9357.5
2000.5
0
10264.0
10511.0
10059.0
8195.0
15001.5
9969.5
6028.0
7071.0
10301.0
4293.0
3449.5
11925.5
8064.5
11926.0
0
5306.5
10654.5
8316.5
5623.5
10549.0
9561.0
14538.0
14612.0
0
8873.0
9933.0
8338.5
7361.5
16370.5
8188.0
10563.5
10064.5
2127.0
11873.0
9580.5
11156.0
10372.0
7334.0
9804.5
9954.5
10208.0
11136.0
13186.5
10411.5
8775.5
2858.0
3071.0
6090.0
12125.0
8686.5
7826.5
6012.0
7788.0
0
12372.0
11960.5
11114.0
6107.5
13451.0
1057.5
10159.5
9104.0
8156.5
12445.0
13854.5
10530.5
10987.5
6335.5
12668.5
10378.5
11833.0
10192.0
10483.0
9901.5
12064.0
7852.5
11102.5
3871.0
10025.5
8213.5
4232.5
7535.0
9557.0
7255.0
12133.0
8848.0
7569.5
13681.0
424.0
7043.0
8669.5
10951.0
6776.0
7645.5
5051.0
13926.0
10788.0
3893.0
10116.0
10796.5
12408.5
4689.5
9349.0
10364.0
10998.5
9302.0
9858.5
10420.0
11621.0
4721.0
10348.0
11377.0
10114.5
3956.5
10091.5
13165.5
8720.0
10705.0
9813.0
9675.0
12273.0
10159.5
9754.5
10722.5
7505.0
9303.0
7879.0
8292.0
12226.0
6902.0
10385.5
0
7963.5
10055.5
9718.5
10319.5
11401.5
5523.5
9747.0
7458.5
68.0
9934.0
11832.5
6331.0
126.5
11427.0
2828.0
10399.5
8507.0
0
10643.5
9906.0
10187.5
9029.5
11084.0
11372.0
5519.5
8122.5
10644.0
2910.5
4128.0
6492.0
9249.0
11744.5
9421.0
10822.5
9531.5
8619.5
6387.0
10093.0
10186.5
9745.5
11623.0
5715.0
6938.5
11692.5
10896.5
7733.0
10949.5
10250.5
10894.0
10047.5
13744.0
9189.5
8498.5
6871.5
6166.0
10510.5
10987.5
10432.0
0
14058.5
10438.0
3837.0
8616.0
4450.0
10267.5
5209.0
9800.0
12289.5
8776.5
12927.5
10121.0
0
6814.5
4963.0
10522.5
8072.5
11188.0
7646.0
6127.0
9881.5
11862.0
5388.5
10913.0
9293.5
3023.5
6738.5
11929.5
12568.0
4846.5
11594.5
6347.0
10951.5
9722.5
11096.0
6223.0
8779.0
2352.5
6139.5
10428.0
4413.5
7667.0
11422.0
11656.5
14798.5
10913.0
7499.5
1870.0
10222.5
1564.0
5378.5
11448.5
3221.0
15035.0
8846.0
11962.0
13257.5
5238.5
5423.0
13111.5
8609.5
10263.5
10991.5
2761.0
11922.0
10073.0
5709.0
6751.5
10763.0
10556.0
10408.0
13645.5
13625.0
13600.0
5985.5
10058.5
6501.0
7120.5
4030.0
10516.0
6748.5
10532.5
13000.5
9337.5
10952.0
14017.5
10625.5
12092.5
8259.5
9614.0
10231.5
8429.0
10629.5
2255.5
10288.5
6236.0
9892.5
12230.0
7751.5
5879.0
1664.0
2480.0
13091.0
11910.5
8563.0
10079.5
9722.0
14150.0
13391.5
7240.0
10164.0
12020.5
8121.0
11349.0
10206.0
5983.0
5273.5
6219.5
68.0
8737.0
6574.5
10469.5
9722.0
13489.5
11200.0
5887.5
11916.5
6831.5
1050.0
9850.5
4757.5
8550.5
11616.0
9882.0
8814.0
10111.0
1534.0
6412.0
7921.5
5299.0
6297.0
10161.0
1553.5
10229.5
6694.0
3389.0
10164.5
6251.5
2098.0
8264.5
6174.5
5277.0
126.5
8061.0
8411.5
3178.0
7635.5
6299.5
11607.0
6235.5
13902.0
736.0
11410.0
7141.0
9798.0
8844.5
11869.0
764.5
11248.5
9547.0
8412.5
12940.0
8449.0
7448.0
12446.0
2475.5
11475.5
5707.0
10984.0
8759.0
15238.5
5205.5
9201.0
10415.0
9730.5
9508.0
11827.0
11150.0
11605.0
10651.0
7539.5
5995.0
12583.5
9642.5
12390.5
10590.5
12743.0
6756.5
8674.0
9258.5
10762.0
12043.0
1440.0
12943.5
1096.5
10170.0
12941.0
12923.0
11935.0
7673.0
11886.0
13588.5
10143.5
11002.5
10130.5
3708.5
11942.5
11403.0
14512.5
7914.0
194.5
5745.0
13599.0
8184.5
14833.0
7143.0

2503.0
9722.0
7707.0
1755.5
6373.5
5517.5
3819.0
12924.5
12468.5
6556.5
9255.0
12368.0
3276.5
3946.0
1369.0
8671.0
11232.0
9598.5
7765.5
10193.5
13290.5
10048.0
3722.5
5010.5
14257.5
1003.5
7302.0
11973.0
2419.5
10164.0
2215.0
6936.5
1858.5
6572.0
10103.5
10069.0
11594.0
11603.5
10471.0
10948.0
11931.0
12669.5
5235.0
11246.5
10937.5
10632.5
13619.0
8741.0
10857.5
5875.5
14706.0
10100.5
1538.5
5039.5
12667.0
13920.0
1564.0
9820.5
126.5
12503.0
11814.0
10900.5
8769.0
5414.0
6069.5
13113.0
10790.0
2054.0
9739.0
10162.0
13037.5
0
11442.5
12360.5
13033.5
9458.0
10183.0
12357.5
9396.0
6422.0
14898.5
5596.5
10724.5
10943.0
15606.5
4689.5
11460.0
8802.0
10928.0
12593.5
13463.0
10468.5
13704.5
10921.5
11947.5
5635.0
15010.5
11397.5
6969.0
12826.0
13508.0
978.0
1348.0
13145.0
407.0
12391.0
770.0
5664.0
11588.5
10823.5
11788.0
8423.0
13611.5
10278.0
6835.5
10332.0
10012.5
15445.0
6469.5
10659.0
5021.5
13763.5
5411.5
10724.5
6302.0
13402.5
9503.0
11896.5
5691.0
5714.5
11556.0
7152.5
11861.0
14336.5
6794.0
12713.5
12602.0
10039.5
8532.0
2433.5
10825.5
11802.0
10027.0
13002.5
11873.0
12021.5
12114.5
13187.0
12731.0
1388.0
9338.5
2071.0
13363.0
11847.0
14014.0
10958.5
10182.5
10643.5
8582.0
12271.0
4526.0
12255.0
12651.5
12158.5
8174.0
6559.0
4618.0
10043.0
5487.5
14766.5
9705.0
9884.5
10816.5
10209.0
8785.0
5264.0

10154.5
13194.0
10445.5
8932.0
11559.5
12612.5
12366.0
7195.5
14744.5
6708.5
14648.5
10559.5
10074.0
14268.0
10638.0
7738.0
13232.0
11958.5
10104.5
10197.0
8047.0
5001.0
5157.0
13650.0
5679.0
7443.5
13419.0
12866.0
12222.0
809.5
11282.0
10923.5
10228.5
6971.0
7100.0
10967.5
11148.0
8154.5
9935.0
9470.0
10110.5
7301.0
8443.0
10084.0
9339.0
6988.5
12524.5
9298.0
9695.5
8815.5
300.5
2481.5
11286.5
0
10072.5
14311.5
10210.5
7186.5
1516.5
3933.0
9759.5
8155.0
7862.0
10511.0
10254.0
1404.5
11827.5
10804.0
1888.0
10920.5
5498.5
3467.0
10355.5
13875.5
1474.5
10036.0
10711.5
11892.0
11474.5
7330.5
11327.5
7697.0
11002.5
2307.0
10099.0
13571.5
729.5
10950.0
12022.0
2435.5
14566.0
8843.0
9526.5
8352.5
12264.5
8505.0
4149.5
8649.5
10784.0
11261.0
10485.5
11841.5
10060.0
11838.0
12755.5
10091.5
12755.5
13910.5
9481.0
7150.5
10375.0
11586.0
3564.0
6918.0
12132.5
3800.0
11221.0
5976.5
10614.0
13197.5
3540.5
8855.0
2121.5
10046.0
12954.5
4052.0
11021.0
11118.0
8081.0
3819.5
12143.5
5057.0
12169.0
10842.5
11391.5
2757.0
10112.5
12455.5
13744.5
14957.0
11957.0
5844.5
7263.5
12008.5
14834.0
7333.0
10449.5
8666.5
10425.5
14152.5
10697.5
6937.5
13915.5
7099.0
8724.0
2026.5
5733.5
9619.0
9113.5
9808.5
13655.0
13799.0
10958.5
2443.5
11766.5
10491.0
14015.0
13354.5
12520.0
13280.5
6101.0
5388.5
9171.5
16031.0
13056.0
10327.5
7180.0
12407.5
13569.5
10611.0
12517.0
10059.0
0
10351.0
9515.5
7362.0
10419.0
13548.0
9888.5
14147.5
12674.5
10353.5
9055.0
10019.5
11863.0
15120.5
15527.0
12811.5
10512.5
8562.5
8338.5
12907.5
10941.5
10197.5
8118.0
9789.0
11068.0
424.0
6476.0
8839.0
11796.0
10093.5
10990.5
11462.5
11248.5
11814.0
12451.5
12510.5
11637.0
9958.5
5983.0
12569.5
11128.5
5461.5
4883.0
4147.5
5548.5
7484.5
10376.0
9327.5
14644.5
5987.0
10593.0
6615.5
11728.0
4890.5
11317.0
10103.5
15942.5
13639.0
4555.5
5837.5
9942.5
0
11802.0
10790.0
12921.5
12213.5
10396.5
9448.5
12847.0
10251.5
10543.0
10524.0
5411.5
2883.0
3903.5
11943.0
2493.0
5564.0
13024.0
13630.5
8928.5
15013.0
12048.0
14331.5
10910.0
10110.0
10369.5
6860.5
557.5
8608.0
10371.0
10237.0
11448.5
11661.5
15026.0
12065.0
6101.5
0
11763.0
1374.0
1748.0
11427.5
10116.0
13670.5
5993.5
8657.0
12708.5
7425.5
8781.0
8403.0
11298.5
4034.0
5821.5
8507.5
5660.0
12978.5
1041.0
1510.0
1395.0
13805.0
9530.0
11603.5
11117.5
10509.5
5151.0
12104.5
6914.0
9582.5
8344.5
10062.0
3116.5
10222.0
7433.5
9107.5
12546.0
6296.0
10405.5
9074.0
12788.5
7913.5
1282.5
13092.5
11380.0
10524.0
2401.5
7917.5
10325.5
0
10238.0
7680.5
7424.0
10509.0
1476.0
4998.5
9831.0
383.0
9750.0
13419.0
14156.0
8844.0
4618.5
11539.0
13221.0
6570.5
12309.5
1385.5
6946.5
8625.5
5528.0
12721.5
6435.5
10152.0
2943.5
14515.5
5910.0
2348.0
2093.0
14206.5
5655.5
11320.0
11857.0
6200.5
3943.5
9006.0
7678.0
7250.5
11412.5
13677.0
11011.5
8766.5
9481.0
10853.5
4543.0
10431.5
6472.0
12234.5
7019.0
9354.5
9486.5
11232.5
4255.5
12201.5
12814.5
10070.5
2540.0
11462.0
4296.0
11812.0
10199.5
1707.0
8384.5
10356.0
5735.0
8917.5
11344.5
10613.5
5150.5
12953.5
13829.5
12363.0
10487.0
6657.5
6101.5
126.5
8412.5
5743.0
717.0
3072.0
5890.5
8247.0
10946.5
8161.0
7205.5
10501.5
68.0
13929.5
2809.0
10255.5
12411.5
6253.0
4828.0
7587.5
12153.0
8950.5
696.5
2021.5
7947.5
8958.5
2137.5
710.5
1539.0
1647.0
2222.0
3324.0
11305.5
11127.0
13602.5
12653.0
8578.0
7344.5
10964.5
126.5
7288.0
9941.5
8513.0
5442.5
6885.5
4618.0
1592.0
2531.0
9314.5
9428.5
9473.0
6307.5
4293.0
11010.5
2759.0
10745.0
11406.5
3928.5
4437.0
5432.5
8123.0
5784.0
7177.0
10500.5
6749.0
5965.5
68.0
6539.5
7048.0
9666.5
10961.0
12438.0
11830.0
7672.0
13296.0
5770.5
14101.5
10176.0
13176.0
7204.5
7582.0
7484.0
7894.0
13012.5
8059.0
15584.0
12074.5
12403.5
9163.5
10212.5
12957.0
5932.5
5485.0
10408.5
2298.0
11136.0
9994.5
13128.5
11847.0
12149.5
10571.5
418.5
9560.5
8793.0
4222.5
6926.0
8185.0
9119.5
8240.5
13946.0
7002.5
9847.5
5529.0
12855.0
13935.5
0
8496.0
6948.0
15170.5
2304.0
9607.0
13150.0
12067.0
11458.5
6400.0
11996.5
10336.5
13418.0
7748.0
6628.0
13209.0
9246.5
9600.5
5797.5
13980.0
11317.5
3059.0
9482.5
10065.0
7330.5
6117.0
11147.5
9308.5
7668.0
10070.0
9385.0
10117.0
10478.0
5827.5
12303.5
14434.0
3899.5
10059.0
9516.0
11012.5
8144.0
14914.5
11391.0
13340.5
1853.5
10586.5
8276.0
3484.5
10718.5
1739.5
8755.5
11125.0
8892.0
8106.5
10201.0
7769.5
5057.5
6430.0
5273.0
11553.0
12539.5
489.5
9126.0
13226.0
11035.5
9996.0
10379.0
14279.5
9113.5
11251.0
10292.0
6358.0
12466.5
8332.5
12179.5
2907.0
8535.0
13017.5
11275.5
0
8420.0
14006.5
12454.5
13280.0
6382.5
3746.5
10249.5
12918.5
126.5
5970.0
12392.5
11487.0
11610.0
11372.0
12445.5
13180.5
7575.5
13084.5
11844.0
14097.0
5221.5
10066.0
11495.0
14412.0
10663.0
2805.0
13296.0
12449.0
12037.5
4761.0
13830.0
12085.0
9897.0
6957.5
13304.0
12644.5
126.5
7545.0
12673.0
11640.5
10132.5
10580.5
3330.0
2156.0
5194.5
8668.0
8378.0
10638.0
1366.5
3566.0
9683.0
9592.5
13037.0
13782.0
10760.0
6102.5
12973.5
68.0
6878.5
14079.5
8435.0
8588.5
10864.5
8545.0
14309.0
6043.5
16557.5
6389.0
7383.5
6271.0
12325.0
15018.5
14189.0
7976.5
11239.0
8399.5
11735.5
3947.0
1403.0
11705.0
9791.5
12265.5
7219.5
10830.5
14586.5
7261.0
8881.0
12057.5
3886.0
14489.0
13596.0
2073.0
7406.5
12189.5
11317.0
13420.5
11844.5
10553.5
12146.0
11998.5
10957.0
4887.5
8637.0
0
0
12469.0
5487.0
7161.5
11436.5
5850.0
7767.0
8677.5
829.5
11887.5
11209.0
12264.5
0
14509.5
10489.5
11011.0
6427.0
11691.0
11801.5
13485.0
12329.0
1518.5
3257.5
10499.0
6363.0
12943.0
11165.5
9747.0
10150.5
11114.0
13520.5
15185.5
7798.0
8437.0
12828.0
13178.0
11574.5
15654.5
11544.0
11201.5
12310.0
8538.0
4976.5
8681.0
11414.0
13595.0
9997.5
7024.0
7145.5
10055.5
10501.5
15068.0
14088.0
13151.0
12404.5
13100.0
10654.0
15921.0
12902.5
7142.0
13477.0
13227.0
4673.0
14310.0
6694.5
5448.5
11646.0
15685.5
6637.5
12167.0
7860.0
14938.5
10195.0
12641.5
6542.0
10132.0
11519.5
10059.0
5879.5
4616.0
11399.5
11011.0
10302.5
10956.5
10772.0
7647.0
7958.5
11389.5
2550.0
2055.0
10502.5
5970.0
13571.0
2182.5
10730.0
11948.0
13169.5
3626.5
6333.5
10107.5
12576.0
12293.0
0
15359.0
10500.5
14046.0
9876.5
11026.5
5430.5
13430.5
10617.0
12255.0
9340.5
9934.0
11403.0
13761.0
6416.0
10071.0
10075.0
5799.5
12991.0
6852.0
12290.0
11538.5
6580.0
10534.5
5524.5
10061.5
13591.0
10074.0
12299.0
10757.0
7825.0
12612.5
12881.0
11007.0
5326.0
9684.0
9563.0
14743.0
10968.5
8766.5
7791.5
10575.0
14952.0
14014.5
8352.0
7462.0
13388.0
10523.0
6523.0
11020.5
8908.0
10055.5
12728.5
0
13182.5
12209.5
11565.5
10684.5
12797.5
12866.0
8724.5
10722.5
14036.5
4388.5
10217.5
14565.0
10544.0
9525.0
4137.5
10994.5
12430.5
9291.0
11139.0
13351.0
12510.5
12837.0
10825.0
12715.5
14238.5
13837.0
7272.0
7746.0
12648.5
9077.0
8599.5
1383.5
10774.5
10339.5
10605.5
11000.5
11889.5
15399.0
9060.0

419.5
8135.5
11001.0
11441.5
8538.0
12850.0
7412.5
14951.0
5931.0
8505.0
10150.5
9573.0
10045.0
1475.5
9183.0
11112.0
8837.0
14343.0
5875.5
13669.0
8484.5
10961.5
8879.0
12341.5
9781.0
10603.0
10164.5
2541.0
11154.0
10729.0
12154.0
4609.5
9810.0
13374.0
14538.5
0
10017.5
9812.0
10662.0
10650.0
10378.5
0
7277.0
12585.0
13638.0
11391.0
804.5
6734.0
13137.0
14151.5
4833.5
13455.5
10434.5
14571.0
10713.5
11459.0
11862.0
7362.5
12212.0
13169.5
15068.0
11898.5
12936.5
10565.5
6571.0
10075.0
10431.0
10085.0
6006.0
0
14374.5
1374.0
10145.5
14970.0
0
8392.0
14857.0
11407.0
5700.0
4183.5
0
12621.0
12189.0
11296.0
10238.0
10058.5
10603.5
5313.0
10982.5
6903.0
10648.0
13940.5
11441.0
0
13009.0
14381.5
13227.5
12363.0
11442.0
13203.5
355.5
11844.5
11448.0
6253.0
12802.5
7790.5
13230.0
11671.5
0
13190.5
10511.0
11742.5
12478.0
10202.0
12006.5
6203.0
5167.5
12758.5
13552.0
14383.0
7817.5
424.0
9586.5
7539.0
12311.5
14929.0
10537.5
7608.0
7571.5
10061.0
13698.0
8733.5
10029.0
12122.5
5902.5
11406.0
10980.0
10532.0
11968.0
10549.5
7568.0
13197.5
9955.0
13759.0
10110.5
10062.5
12844.0
11049.5
9923.0
7402.0
5691.0
13303.0
12266.0
13624.0
7266.0
13604.0
13923.5
10157.0
0
11068.0
8704.5
8696.5
10220.5
8667.0
11847.0
11867.5
12338.5
11433.5
6727.0
5774.5
13506.0
12362.5
14775.0
14107.0
14322.0
10374.0
8479.0
6196.5
10507.0
10071.0
11864.5
9783.0
11315.0
10016.5
12374.5
10233.0
8504.0
10808.0
12284.0
13079.5
11390.0
7104.5
11742.5
7093.0
12359.5
10892.5
11248.5
7277.0
14904.0
10758.5
5923.0
11134.0
14601.5
13314.0
12089.5
12501.0
9227.0
12735.5
10217.0
9407.5
13323.0
2164.0
10113.5
6455.5
1458.0
13013.5
10991.5
13824.5
4826.0
10341.0
12286.5
13027.5
3491.5
13131.5
11023.5
12785.5
10585.0
14925.0
12955.0
14517.5
9500.5
11873.5
12707.5
12052.0
5714.0
10977.0
4189.5
7812.5
9417.0
12283.0
4626.0
6357.0
13656.0
10165.0
10988.0
13720.5
13493.5
11105.0
10510.5
15366.0
10041.0
13250.5
14915.5
12208.5
10518.5
12302.0
10652.5
11259.5
10991.0
11511.0
12290.0
10511.0
13978.0
13625.0
11922.0
14111.0
11876.0
10702.0
8936.0
11130.0
0
14522.5
10410.0
14967.0
13579.5
13820.0
13352.5
13625.0
12374.0
13855.0
10256.5
12767.5
14024.0
11941.5
14307.0
14363.0
12493.0
10231.5
11449.5
10076.0
14090.5
10133.0
10072.0
15204.0
11212.0
10289.5
0
11951.5
13172.0
9946.5
11688.0
12078.5
8546.0
8324.0
10221.5
10601.5
6040.5
9369.5
12736.5
11522.0
12959.5
13371.5
10351.5
13619.5
6937.0
13778.0
2552.0
2665.0
14848.5
11442.5
5731.0
126.5
14976.0
10125.0
7479.5
6382.5
8246.0
12688.5
12487.0
10564.0
4813.5
10952.0
11909.0
12085.5
11401.0
13186.0
10380.5
11092.5
12722.0
13509.0
11582.0
10214.5
15647.0
8743.5
13935.0
10986.5
10367.5
10519.0
7719.5
13485.0
11030.5
11193.0
6027.5
12496.5
13010.0
10108.0
68.0
11565.5
13586.5
11454.5
2069.5
7523.5
13632.0
12375.0
12947.5
10848.5
10528.0
11098.5
9286.5
13041.5
1922.5
10298.5
9072.0
14153.0
12299.0
407.0
584.5
2794.5
14402.0
10543.5
12616.0
13564.5
11168.5
10496.0
1499.5
8845.0
1163.0
14258.5
12173.0
13648.0
8576.5
12858.0
10996.5
13001.5
13630.5
11016.5
14921.5
13287.0
4785.5
13681.0
10695.5
11108.5
11201.0
10064.0
9222.5
10575.0
10793.5
1337.5
10356.5
12652.0
2646.0
12699.0
7177.0
10077.5
11610.5
12029.5
12347.0
9910.5
7963.5
14185.5
6507.0
1033.5
3178.5
9724.5
11142.0
12333.5
8811.5
14059.5
667.5
10215.0
13668.0
10719.5
10808.0
12283.5
5373.0
10725.0
12380.5
14878.0
13242.5
1160.5
14150.5
10061.0
10238.0
13608.5
10089.0
8589.5
13076.5
6307.0
2847.5
12878.0
8674.0
9690.5
11055.0
10555.0
8755.0
10045.5
11958.5
10523.0
9928.0
10382.5
6166.5
12163.5
12373.0
12291.5
11262.0
12572.5
12047.5
8974.0
11943.0
11005.5
11482.0
15263.0
12234.0
2538.5
10052.0
11067.0
7889.5
5587.5
7856.0
6913.5
12724.0
8274.5
7470.0
11401.0
7516.5
8076.5
11541.0
12055.0
12671.5
11361.5
11347.0
11843.0
10939.5
5885.0
68.0
12063.5
14215.5
15050.0
10651.0
5977.0
11933.0
12687.0
6847.5
8511.5
12194.5
11420.0
10628.0
11777.0
11858.0
12033.0
15323.5
14086.0
10335.5
9870.5
5532.0
11004.5
7570.5
14492.0
11510.0
13390.5
12399.5
759.0
10091.0
10504.5
10569.0
5800.5
10670.0
11563.5
10939.5
15277.5
11560.0
11282.0
12551.0
10265.0
12562.5
11385.0
11879.0
14813.5
12128.5
11174.5
12434.0
10896.0
9507.0
14116.0
13512.0
2148.0
13073.0
10207.0
11952.5
10728.5
11574.0
10966.5
13382.5
10650.0
9602.0
13371.5
10288.0
4150.0
12880.5
10340.5
7954.5
11044.0
10090.5
11383.0
6958.0
13448.0
10201.0
5683.5
7948.0
12931.0
6046.0
8144.0
11052.5
9536.5
7170.5
6369.5
0
12859.0
11599.0
7365.5
11280.0
14062.0
9894.5
10844.0
11543.0
12071.0
10648.0
5628.0
10452.0
5670.5
13048.0
9980.5
10113.5
13869.0
5907.0
8747.5
11931.5
11054.5
10940.5
14614.5
12032.5
13047.5
7629.5
12386.0
11498.0
14497.5
5401.5
10100.0
11407.5
10559.5
8503.5
15011.0
8180.5
1388.5
5983.5
10219.5
11124.0
12798.5
12257.5
736.0
13389.0
10972.5
13941.5
10511.5
11838.0
15213.0
14072.0
10706.5
11419.5
12663.5
10953.5
10817.5
11628.0
11897.0
13622.5
10618.0
6299.5
11860.5
13411.5
8109.5
13074.0
10493.0
11046.5
13312.0
10206.5
8561.5
10647.5
11374.0
10517.0
6228.5
11670.0
10224.0
9664.5
11866.5
9245.0
6260.0
13916.5
10483.0
7260.5
12310.5
5668.0
11090.5
11487.0
10136.0
9748.5
13715.0
11444.5
10322.5
14210.0
10875.0
13611.5
13261.5
8395.0
476.5
10068.0
13779.5
14847.0
6840.0
13576.0
6270.0
3814.5
10602.0
9943.5
11887.0
11491.0
13208.5
13192.5
12350.5
3694.5
12461.5
13727.0
13868.0
15080.5
7122.0
10068.0
10056.0
9042.0
11508.0
9718.0
12233.5
4043.0
5947.5
1611.0
12843.5
13187.5
11259.0
12512.5
16746.5
10240.0
12171.5
13984.0
6219.5
10940.0
13543.5
0
13715.0
10845.5
9074.0
11522.0
14333.5
0
13534.0
6123.5
12638.5
11535.0
11531.5
12206.0
365.5
12702.0
12560.0
10634.5
4851.0
9605.0
2565.0
11159.0
8322.0
12988.5
13214.5
12962.0
11953.0
13419.0
11143.0
6885.0
10202.0
15871.5
13014.5
10129.5
15877.5
7198.0
16110.0
10061.5
11107.5
13761.0
12757.0
13750.0
4067.0
10969.0
13688.5
14383.5
11572.0
7895.5
11901.5
7299.5
10080.0
8657.5
11518.5
10141.5
12457.0
9799.0
11989.5
15497.5
13184.0
3473.5
11535.0
11577.0
10438.0
10041.5
12430.0
4180.0
6451.5
11859.5
10358.0
12313.5
13899.5
12337.5
12800.5
10971.5
9116.5
13059.0
12260.5
14296.5
11803.0
13705.5
7997.0
2648.5
12529.5
12405.5
11973.5
11941.0
9616.0
12548.0
8667.5
13296.5
10569.0
10056.0
11682.5
11752.0
9054.5
10263.5
1885.5
14106.0
12488.5
12939.0
6768.5
12957.5
12112.0
14018.5
9545.0
11044.5
10993.5
8740.5
13947.5
11849.0
13235.5
10565.5
13633.0
13409.5
14307.0
0
12378.5
14059.5
12059.5
10072.0
10110.0
13900.5
10685.0
10577.0
13227.5
11936.5
12424.0
6238.0
15170.5
10018.0
68.0
10595.5
7929.0
10672.0
10985.0
969.5
302.0
12401.0
15149.5
13173.0
12441.0
11002.5
11877.5
10126.0
15075.5
13171.5
11210.0
6026.5
10293.5
10578.0
5678.0
12613.5
12013.0
11135.0
11108.0
741.0
13100.5
14145.0
11448.5
6056.5
12660.0
4296.0
11049.0
13221.5
11312.0
1911.0
3234.0
14549.0
10216.5
4881.5
13275.0
12104.0
5616.5
10329.0
8797.5
4897.5
12168.5
5064.0
5203.5
6180.0
9163.5
6568.0
10640.0
10227.0
6113.0
11557.0
8767.5
0
68.0
11403.5
4916.5
5912.5
13456.0
13292.0
13531.0
11633.0
10271.5
11447.0
10140.5
13651.5
10769.5
13305.0
12526.0
14255.0
11577.5
14184.0
8466.5
14778.0
3942.5
13834.0
6524.5
10204.0
10517.0
13836.5
8694.5
13659.5
11131.0
6349.5
10144.0
11886.5
15471.5
10712.5
3478.0
9395.5
2998.5
4819.5
13030.5
3042.5
10820.0
11460.0
13642.5
0
6981.5
6997.0
5318.5
13424.5
10958.0
4887.0
11521.5
9820.0
12218.0
11285.0
3933.5
12694.0
6636.0
14461.5
4030.5
11096.0
6537.5
5712.0
11732.0
9423.0
4781.5
8204.0
4087.5
12864.5
12801.5
2204.5
14283.0
9910.0
2840.5
13967.0
11921.5
8162.0
12084.5
13448.5
10491.5
13872.5
12600.5
13684.0
14256.0
3705.0
6267.5
14877.5
10490.0
14156.5
11034.5
6293.0
12663.0
10958.0
12801.0
13449.0
4848.0
6724.0
8432.0
5703.0
13262.0
4950.0
14023.5
10505.0
3499.5
12286.5
8962.5
5193.5
12388.5
12124.5
12331.0
10562.0
12392.5
12217.0
8442.5
10466.0
7908.0
4194.0
12027.0
11369.5
6921.5
2758.0
6228.5
9926.0
11087.5
10631.5
8605.5
9632.0
10569.5
11773.0
11331.5
12034.0
13728.0
11387.0
14131.5
10502.5
9599.5
4420.5
12746.0
8659.0
0
6369.5
10974.5
10136.0
10731.5
0
11431.5
4342.0
2996.5
10387.0
11562.5
12540.5
13745.5
12164.5
15254.5
15293.0
11371.0
11948.0
4904.0
12366.5
10123.0
5282.5
10632.0
10673.0
12304.0
10396.0
12461.5
10343.0
10510.5
5760.5
11960.0
13812.0
12312.0
10639.0
13352.5
14552.5
12006.0
10411.0
4463.0
15355.0
10786.5
12530.0
10833.0
11150.0
12967.0
12374.5
3210.5
11993.5
6381.5
13768.5
14808.5
13378.5
9678.5
12631.0
12710.0
12298.5
13538.5
13427.5
12720.5
11801.0
10303.0
14917.5
4039.5
5039.5
11676.5
7221.0
6709.0
11284.0
10520.5
8723.0
11038.5
3592.5
12989.0
4876.0
848.5
12965.5
11371.5
7762.0
6214.0
7175.5
1463.5
14724.5
14631.0
6205.5
12548.0
11840.5
13628.0
1792.5
10631.0
12385.5
12510.5
12951.0
12489.5
10522.0
13292.0
14276.5
10696.0
10141.5
10208.5
10251.0
14203.5
7555.5
10159.0
12996.0
13230.0
13347.0
10386.5
13944.0
10640.0
14610.5
126.5
11165.0
12807.0
15151.0
7163.5
5606.5
14154.0
10473.5
8431.0
12607.0
11369.0
11430.0
9298.5
12625.5
7168.0
14366.0
1420.0
3888.5
14920.0
7051.0
5571.0
14339.5
6776.5
14686.0
12260.5
9118.5
10534.0
7239.0
11517.0
2463.5
5686.0
7448.0
8726.5
10950.5
13595.0
7943.5
11743.5
2629.0
12149.5
11245.0
11970.5
13455.5
10236.5
3351.5
11457.5
7530.5
10237.5
10049.5
7842.0
7520.0
12339.0
14173.5
16362.0
11634.5
9598.5
4178.5
12465.0
12395.0
8033.5
6057.0
10481.5
9653.5
13351.0
10390.5
12725.0
13731.0
10211.5
13334.5
10916.5
10699.0
8696.5
11977.0
13093.5
10457.5
10271.0
11448.5
12857.5
6872.5
11073.0
10795.5
11285.0
11858.0
13716.0
6822.0
424.0
12247.5
10072.0
12230.5
14500.0
12191.5
10252.5
12166.5
9038.0
12822.0
1808.5
13520.0
14818.5
10381.0
13172.5
13760.5
10973.5
14383.0
12711.0
13518.5
9393.0
11970.0
12136.0
12443.0
8021.0
1737.0
14706.5
13811.5
4044.0
13810.5
11080.5
15622.0
14411.5
11980.0
14695.0
12070.0
1106.5
12380.5
5485.5
13245.0
6326.5
13196.5
10849.0
12357.0
14181.0
13760.5
13583.5
13274.5
11568.0
6292.5
3072.5
14651.0
10222.5
9841.5
11866.0
11051.0
10344.0
10554.5
14318.5
13422.5
2458.5
13178.0
11344.0
9773.0
14332.0
1211.5
13354.0
4782.5
13898.0
13764.0
8722.5
5881.0
12137.0
14267.5
12172.5
5566.5
13013.5
12857.5
14579.5
14636.5
8697.5
10735.5
15559.0
10627.0
10562.0
11083.0
10740.0
6498.5
15512.0
11887.0
11404.5
9621.5
12675.0
14883.5
11401.5
9336.5
12860.5
14102.5
10981.5
11245.5
10636.0
11989.5
13173.5
12826.0
12036.0
3940.0

11636.0
6277.0
7671.5
12776.5
12875.0
5496.0
2986.0
10329.0
13959.0
13032.5
10946.0
10231.0
10334.0
11839.0
14155.5
13590.0
12531.5
14900.0
10305.0
5568.0
10595.5
10071.5
4167.5
10414.5
13169.5
11725.5
435.5
4052.5
771.0
7701.0
6949.5
14255.0
4341.0
8483.0
12205.0
5607.0
14088.5
6448.5
12542.0
10074.0
10147.5
16360.0
10769.0
14191.0
13305.5
9296.0
9518.5
13551.0
13681.5
13825.5
14363.5
13966.5
5026.5
12001.0
6769.0
11092.0
1773.5
12723.0
11056.0
12715.0
14435.0
14004.0
11061.0
7609.5
2159.0
11540.0
14456.0
13015.5
14464.0
12159.5
11497.0
2623.0
12447.0
12388.0
11636.0
4691.0
4383.5
13758.0
1408.0
11006.5
14132.0
11905.0
12407.5
8102.0
13691.5
12959.5
12230.5
4668.0
7140.5
2564.5
15532.0
12769.0
14112.0
10101.5
9261.5
7664.0
10764.5
10119.0
10126.0
12654.0
13178.5
15982.0
12945.0
11785.5
10076.0
9590.5
14231.0
1730.5
12744.0
11042.5
4939.0
7223.0
10213.0
6071.0
6118.0
12669.5
10235.0
14952.5
7537.5
12746.5
10058.0
5479.0
14244.0
10204.0
8759.5
11827.5
11913.0
12307.5
12718.5
12101.5
11039.5
1104.0
12196.0
12899.0
12435.0
12699.5
14242.0
7118.0
11847.5
10697.5
948.0
13436.0
7926.5
3803.5
1997.5
12386.0
11480.0
10349.0
14203.0
11534.5
13159.5
11876.5
7393.0
12032.5
13851.0
13911.5
13927.5
10134.5
0
9213.5
13739.5
9397.0
10607.5
10130.5
10999.0
11352.0
13626.5
14428.5
6991.0
12574.5
2655.0
11456.5
12842.0
14534.5
11488.0
10528.0
12172.0
5675.5
11034.0
10332.5
10543.5
12337.5
12260.5
10368.5
126.5
4144.5
4704.0
11047.0
12275.0
11062.0
6814.5
11969.5
11373.0
13478.0
14723.5
13444.5
9481.0
7713.5
15375.5
13878.5
9696.0
13660.5
1991.0
10234.0
3592.0
13604.5
13453.0
10764.0
10629.0
14855.5
10481.5
8966.0
7002.5
13038.5
12127.5
14819.5
11611.0
11483.0
14096.0
11009.0
10382.5
10912.5
13917.5
11380.0
10799.0
14576.5
1420.5
667.5
11520.5
11903.0
11894.5
11891.5
10719.0
6883.5
12927.5
7504.0
3539.5
9770.0
12296.5
11534.0
68.0
10779.5
13964.0
13359.5
2381.0
10131.5
1442.0
11439.0
6547.5
7038.0
9599.0
14359.0
2134.0
11722.0
11602.0
300.5
13431.5
11339.5
10998.0
11182.5
9412.5
10736.5
15738.5
12535.5
10112.0
2616.0
11943.0
8089.0
12388.0
10541.0
6812.5
14145.0
12341.0
5857.0
10293.5
6019.5
12787.5
11015.5
3403.5
13437.0
12196.5
11229.5
13052.0
10995.5
12387.5
13412.5
13191.0
10194.0
11554.0
11493.0
9792.0
11872.0
10098.0
14704.0
14093.0
11006.5
8298.5
15379.5
7602.0
11817.0
11002.5
12970.0
10596.5
10999.5
14909.0
12537.5
14294.5
14882.5
13988.0
7745.0
11848.5
13642.5
6419.0
14484.5
3300.5
11159.0
11198.5
12381.0
12635.5
790.0
10255.0
4722.5
13646.0
12923.0
11704.0
14047.5
14466.5
13161.0
0
11127.0
5860.0
13889.0
5343.5
5103.0
13893.5
11429.5
11178.0
11429.0
8556.0
13291.5
8975.5
10499.5
12132.5
11703.5
9584.5
14941.5
6957.0
9166.0
11031.5
9961.5
10260.0
14480.5
138.0
13654.0
10987.5
10521.0
1810.0
13767.5
14189.0
4981.5
14662.0
13929.0
12775.5
14756.5
12525.5
13243.5
11228.5
11847.5
10342.0
12151.5
10609.0
3730.0
11911.0
13294.5
12596.0
7503.0
13392.5
10807.5
6156.5
7982.5
15126.5
13706.5
14528.5
12389.0
13774.5
2053.5
12433.0
11607.0
11519.0
14197.5
11650.5
14086.5
6937.5
12279.0
14758.0
10048.5
11411.5
15445.0
14204.5
13663.5
3676.0
12426.5
11987.0
13160.5
13594.0
6992.5
9207.5
12490.5
13102.5
6992.0
4895.0
13316.5
11718.5
11393.5
7370.0
7036.5
10917.0
2465.5
11386.5
5942.0
5594.0
14094.5
12697.5
8900.5
1897.0
4966.5
2874.5
13591.0
14289.0
13760.0
12440.5
10057.5
8397.5
14263.0
10202.0
12108.5
10265.5
7640.5
14693.0
2408.5
15696.0
7092.0
11145.5
8322.5
5485.0
7841.0
11280.5
15369.0
14583.0
13478.5
10107.5
12096.5
13826.5
12460.0
7781.5
12843.0
12927.0
4349.0
13726.5
10690.0
13659.5
12860.5
5096.5
5415.0
10182.0
13888.5
7669.5
14176.0
14519.0
12345.0
11891.5
13857.0
13639.5
11210.0
14314.5
3868.0
12967.5
5031.0
14372.0
10279.0
10839.0
13880.0
13936.0
12456.5
5536.0
7517.5
13225.5
10685.5
14409.5
13605.5
15899.0
11849.5
13038.0
10960.5
12592.5
10102.0
11059.0
12366.5
11526.0
6138.5
14145.0
12154.5
6559.0
13168.5
12757.0
15195.5
9062.0
0
12257.5
12324.0
359.0
10091.5
12737.0
13313.0
12134.5
13111.5
15498.5
12482.0
11857.5
5039.0
4480.5
1480.5
11565.5
68.0
11414.5
11852.5
10508.5
14348.5
14117.5
8678.5
0
775.5
10190.0
12618.5
1284.5
3664.5
2517.5
0
11285.5
10820.5
11148.0
13275.5
16187.0
5166.0
10258.5
12538.0
13536.0
12409.5
11923.5
9046.5
12989.5
6486.5
14358.0
407.0
7511.5
13171.0
13615.0
1212.0
12492.0
15057.0
14367.0
14120.0
14082.5
9991.0
11499.5
14569.5
5332.5
12803.0
14139.5
13706.5
982.5
13978.5
10251.5
14567.0
13996.0
10108.5
14863.0
10177.0
10333.5
13713.5
11113.0
14416.0
14554.5
4459.0
11512.5
13941.5
14553.0
10049.5
1425.0
13451.0
11170.0
489.5
2217.0
10555.0
12110.5
10541.5
13665.5
13872.5
300.5
13699.5
5578.0
11571.0
14318.5
9652.0
13559.0
12516.5
4517.5
12280.5
10582.5
10560.0
11021.5
13439.5
1087.5
13971.0
3658.5
12904.5
13420.0
12157.5
12046.5
14573.0
11564.5
13567.5
13407.5
10061.0
13694.5
10571.0
13701.5
10091.0
4438.0
13657.0
15243.5
9030.5
12943.0
12717.5
3105.5
12346.5
14059.0
14194.5
5159.5
13735.0
14639.0
12819.5
12010.0
13154.5
10857.5
14550.0
1807.5
13147.5
8519.5
10128.0
13888.5
8501.5
4564.0
13945.5
15249.5
14735.0
12017.0
12349.0
14283.5
9332.5
10109.5
13175.5
13601.5
4274.5
11958.5
8984.5
5647.0
15256.5
1765.5
12842.0
14527.0
10077.0
13087.0
5962.0
11880.0
68.0
390.5
13645.5
13881.5
5802.5
4131.0
14044.0
12873.5
12813.5
10593.0
11338.5
14486.0
7899.0
12983.0
13121.5
10644.0
14727.5
13114.0
11332.5
5241.0
10484.0
11229.0
14297.0
7896.5
419.5
12102.0
11844.0
13880.0
1899.5
419.5
13297.5
13778.0
11380.0
13704.0
13727.5
12941.5
10566.0
15615.0
15135.0
11305.0
13674.5
13236.0
6963.0
10920.5
12573.0
15279.5
10108.5
10902.5
14327.0
15000.0
13742.0
13559.5
8469.5
11062.5
10166.5
4403.5
6064.5
5307.5
10486.0
11014.5
15559.5
14149.0
12851.5
11745.5
5978.5
6333.0
12874.0
2380.5
11973.5
6477.5
13477.5
10768.5
68.0
14739.5
4104.5
12774.5
15062.0
13762.0
15152.0
3793.0
13585.0
13609.5
3002.0
6889.5
14543.0
12934.5
14512.5
12123.5
13610.0
13631.5
15313.5
13215.0
10494.0
10970.5
13945.5
10162.0
13032.5
8875.0
14529.0
13111.5
14283.0
11477.0
10356.0
10060.5
13216.0
12626.5
11427.0
0
15407.5
15269.0
11242.0
14007.5
14030.5
14294.0
10703.5
10517.5
15338.5
11623.5
6816.0
866.5
13244.5
12917.0
8227.5
6267.0
3697.5
13286.0
12584.0
13176.0
12728.0
11169.0
12472.5
12070.5
13513.5
13774.0
13826.5
10687.0
11328.5
1517.5
1068.5
12574.5
14511.5
14678.5
13952.0
11071.5
13555.5
7343.5
14824.0
14295.0
12675.0
7060.5
14360.5
10565.0
14154.0
12971.0
11047.0
5505.0
717.0
1165.0
11232.5
10069.0
12666.0
14223.0
7587.0
10962.0
2863.5
13374.5
11470.0
10252.5
3504.5
3941.0
13275.0
11746.0
10204.0
11458.5
3868.5
12407.5
13529.5
12858.5
2071.5
12668.5
14313.5
13930.0
13741.5
14751.0
10365.5
10200.0
11405.0
10091.5
12269.0
11287.5
7191.5
14230.5
14335.0
8970.5
12900.5
14763.0
11652.5
1161.0
5461.0
14976.5
13907.0
14275.5
14065.0
6497.5
13249.0
14580.0
10203.0
13760.5
14170.0
13472.0
12565.5
15670.5
10526.0
10398.0
12372.0
6248.5
14520.0
4870.5
6757.0
6560.5
6465.5
14773.0
10125.0
3410.5
12734.0
10306.0
10171.5
15255.5
14139.0
14137.5
13827.5
4233.5
8916.0
14186.5
11148.5
14563.5
13260.0
5802.5
10701.0
5939.5
13029.5
13986.5
3504.0
3941.0
7328.0
6344.5
15202.0
10086.5
13445.5
11888.0
14695.0
9584.0
15876.0
12756.0
12011.5
10757.0
13698.0
10724.5
7524.5
11364.0
13737.5
0
11645.0
13531.5
11873.5
14759.0
14673.0
13696.0
11830.0
13741.5
10956.5
14942.5
10109.0
10367.0
12344.0
14311.0
14427.0
11498.0
7738.5
12782.0
14107.0
138.0
14702.0
12375.0
14705.0
15176.5
13507.0
13710.5
10222.5
11825.0
3777.5
7797.5
2156.5
12490.5
8641.5
3519.5
11867.0
4668.0
11361.5
401.0
12721.5
2985.0
14070.0
6398.0
11245.0
13421.5
11855.0
14209.5
14232.5
13913.0
9128.0
13422.0
15461.5
16360.0
14381.5
11978.5
13237.5
11453.5
3450.0
1841.0
13062.0
12962.0
12501.5
4827.0
11407.0
10601.0
13581.5
12875.5
14561.0
10597.5
10686.5
12401.0
438.5
13650.5
10076.5
12095.5
14278.0
12754.0
13865.5
13907.0
10618.0
13444.0
8188.5
9082.0
2109.0
11893.0
15400.5
12781.5
1937.0
14764.0
14383.5
3569.0
1050.0
4485.0
1739.0
14228.0
10126.5
14435.0
12510.5
13431.5
14798.0
14571.0
13640.5
10618.5
11907.5
2069.0
4999.0
6888.5
9724.0
9648.5
12338.0
2123.5
13759.5
576.5
15058.5
13941.0
13226.5
11040.0
9671.0
14057.0
10097.0
12918.5
14391.0
7753.0
13272.5
12442.0
14246.5
4377.0
12414.0
12819.5
14951.0
13872.5
12438.0
13488.5
15981.5
13484.0
0
6103.5
12729.0
11896.5
10256.5
15377.0
9150.5
5261.5
13819.5
11181.0
9692.0
10962.0
10525.0
10305.5
8832.5
11797.5
7029.5
14345.5
14126.0
5965.5
987.0
1160.5
7033.5
14640.5
15192.0
14249.0
11430.5
10958.5
2928.5
10128.5
15245.5
10256.5
13759.5
11934.0
11466.0
10551.0
3130.5
11105.0
1316.0
0
10097.5
14297.5
11123.0
11135.0
12417.5
13341.0
11038.5
0
6237.5
8714.5
3028.0
11434.5
13719.5
12942.5
12064.5
12311.5
11790.0
12335.5
10126.5
14734.0
11224.0
6796.5
14264.5
0
14344.5
10156.5
10690.0
15746.5
13084.5
5915.5
13754.0
15078.0
13265.5
7241.5
13954.0
4808.5
14815.0
11118.5
13247.5
13266.0
3604.5
14896.0
15012.5
14534.0
1677.5
15829.5
11525.5
14480.5
13849.0
13835.5
11661.0
12020.5
11659.5
13571.0
10171.0
14462.0
16186.5
10951.5
14312.0
13494.5
6141.5
13854.0
11505.5
12380.0
4090.0
12586.0
11964.5
12352.0
14428.5
2869.0
10113.5
13645.5
14151.5
5573.0
12656.0
14463.0
14439.0
15728.0
8502.0
14351.5
13209.0
13887.0
11584.0
2608.0
15057.5
11991.5
13105.5
13198.5
10353.5
5562.0
3670.0
13267.0
6616.5
9302.5
14652.0
13905.0
14284.0
9836.0
13420.0
11048.0
11848.5
13364.0
7779.5
12224.5
138.0
9410.5
10297.5
13959.5
12975.5
12409.5
4384.5
11859.0
5844.5
13842.0
15385.5
15154.0
10046.0
11557.5
13718.5
4186.5
4631.5
10657.0
15160.5
13489.0
10524.0
11520.0
14271.0
3858.0
14006.0
14145.5
11012.0
13743.5
12853.0
3688.5
13867.5
14621.5
12878.5
10303.5
15170.0
12808.5
12314.0
12180.0
13085.0
3701.5
2108.5
1881.5
14301.0
14863.5
8003.5
11353.5
2185.0
12502.0
10871.5
13323.5
11055.0
14533.0
12609.0
12888.0
5967.0
0
14781.0
15164.0
16296.0
12118.0
12299.0
12919.0
6353.0
14172.5
829.5
9880.5
7640.0
12485.0
11024.0
13900.0
13171.5
11054.5
13368.5
13655.5
14170.0
14146.5
13477.0
13238.5
1086.5
10619.0
14437.5
10610.5
12927.0
1441.0
12982.0
12640.5
13989.5
14434.0
11883.5
10487.5
10948.5
6442.0
13179.0
14148.5
2367.0
2591.5
12528.0
14235.0
7673.0
14693.0
11422.5
11606.0
14688.0
2090.0
