0
68.0
770.0
1043.5
661.5
1479.0
1327.0
829.0
993.5
1521.5
1745.0
1717.0
1941.5
911.0
1862.0
2448.0
1579.5
952.0
523.5
138.0
2705.0
1179.0
3172.0
1704.0
348.0
126.5
593.0
2137.5
471.0
639.5
928.5
419.5
763.0
2196.5
1380.0
120.5
392.0
2357.0
1924.0
1420.5
3107.0
1154.0
1092.0
404.5
3408.0
653.5
3087.0
606.5
1401.5
2512.5
1685.5
1983.0
4040.5
2483.5
5877.5
4544.5
300.5
809.5
4242.5
2701.5
1204.0
5282.5
1618.0
2584.0
3515.0
6079.5
6764.5
980.5
3882.5
2417.0
3699.0
7880.5
3710.5
5615.0
2260.0
3138.5
2741.0
3998.5
8279.5
1770.5
68.0
6603.5
4468.0
6514.5
243.5
6809.0
7930.0
3379.0
4413.0
652.0
6392.5
2318.5
1105.0
2980.5
68.0
576.5
6882.5
1633.5
8688.5
8035.0
2612.5
1261.5
6969.0
2372.5
7640.5
8605.5
6450.0
8973.5
1884.5
3710.5
8017.0
2728.5
6817.0
5667.5
3162.5
6901.5
7633.0
3217.0
1556.5
6749.5
3410.0
4487.5
126.5
2260.0
4859.0
68.0
2198.0
5159.5
464.0
8536.5
365.5
3918.5
4038.0
3483.5
6529.0
1019.5
7431.0
1148.5
4007.5
2530.5
2626.5
5779.5
4972.5
707.5
4932.0
533.5
1841.5
2739.0
1513.0
7994.5
0
6652.5
3623.0
3809.0
4047.0
5470.0
3851.5
4603.5
2412.5
1761.5
2320.5
3872.5
5064.5
4299.0
6589.5
1538.0
9162.0
6381.0
7828.0
2662.5
3389.0
7805.0
2544.0
3030.0
3883.5
5427.5
3079.0
2727.5
5838.5
1201.5
3297.0
1393.5
934.0
2568.5
4366.5
1600.5
0
68.0
2646.0
0
3504.0
5482.5
2410.0
4493.5
2665.5
1204.0
2896.5
1448.0
2072.5
2219.0
2660.5
2178.0
383.0
4922.5
1417.0
2238.0
4780.5
0
2325.5
4376.5
1450.5
7919.0
4914.5
2164.0
5371.0
1573.0
7665.0
2899.5
5226.5
3182.0
2440.0
0
5418.5
3683.0
7791.0
2064.5
5433.5
2372.0
3714.5
4856.5
1165.0
5753.0
0
3489.5
3801.5
5401.5
3521.0
1482.0
4547.5
2566.5
867.5
2349.5
1273.5
6787.5
3153.5
4259.0
7437.0
3611.5
5708.5
6601.5
3914.5
2255.5
7152.0
6799.0
5547.0
8309.0
0
6613.0
9480.0
3403.0
4114.0
6087.5
126.5
8126.0
10260.5
2017.0
6332.0
2966.5
4256.0
68.0
5219.5
4687.5
4528.0
2882.5
7338.5
3553.5
7920.5
3935.5
5474.0
2056.0
3685.0
5188.0
5091.5
3259.5
5248.5
183.5
8165.5
0
2315.5
4444.0
1424.0
2696.5
2803.0
2685.5
4862.5
5067.5
4441.5
1803.5
2484.5
4042.0
2102.0
3413.5
2195.5
6938.5
3458.5
5879.5
1828.0
2399.5
4360.0
1722.5
3963.5
0
2261.5
4863.0
3334.5
6944.5
887.0
6043.0
5467.0
2318.0
6079.0
0
0
6110.5
5613.5
4769.5
1632.5
1103.0
5104.0
7709.5
9039.5
4595.5
4361.0
5422.0
10611.0
2434.0
2003.5
3114.0
2438.5
4282.0
6586.5
2782.5
8575.5
1392.5
7717.5
6827.5
7495.5
1669.0
438.5
8972.0
4549.0
5679.0
1724.5
4298.5
3258.0
8486.5
3227.5
4086.5
4224.0
6574.5
4779.5
471.0
7830.0
4981.5
3090.0
7051.5
138.0
3710.5
1634.0
3319.0
2995.5
1077.5
7298.0
6280.0
419.5
5423.5
4442.5
5022.0
0
8957.5
5486.0
1838.5
5749.5
3107.5
7401.5
4949.0
7562.5
4161.0
8847.5
6163.5
633.5
3991.5
8137.0
2275.5
6136.5
1632.0
6406.5
3651.0
2342.0
6276.0
3584.0
3317.5
7636.5
7511.5
126.5
365.5
6534.0
138.0
0
3350.5
7297.5
7484.0
435.5
2705.5
6058.5
792.5
7065.5
4995.0
2350.5
4225.0
435.5
829.5
8809.0
6745.5
6702.0
5463.0
6288.5
2773.0
6119.5
5266.5
3103.5
5988.0
6623.0
2325.0
8686.0
633.5

2756.5
7248.0
4623.5
4574.0
7197.5
3908.0
8803.0
2559.5
7151.5
4426.0
6464.0
4070.5
2225.0
9595.0
7577.0
6313.5
1262.0
1331.0
9801.0
3266.0
6921.5
7344.0
6276.5
68.0
1815.0
0
7079.5
6586.0
3992.0
1470.5
7869.0
1192.5
5343.5
1178.5
6699.0
1685.0
9145.5
8053.0
5519.0
4577.0
6444.5
6818.0
1371.0
3166.5
5832.5
7442.5
4975.0
3115.0
2249.5
3767.5
5832.5
1141.5
3442.5
5791.5
1400.0
3369.5
3564.5
8207.0
4200.0
1872.5
4662.5
3005.5
2696.0
4376.0
1688.0
7159.0
10605.5
6364.0
6700.5
1683.5
438.5
1879.0
0
2315.5
3205.0
6694.5
1967.5
2457.5
1665.0
0
3081.0
3525.0
4852.0
1123.5
8875.0
5568.0
4814.0
8724.0
2836.0
900.0
4758.5
2465.0
8679.0
3643.0
68.0
5852.0
7085.0
7092.5
1724.5
7340.0
3245.5
1283.0
2832.0
2218.5
5300.0
9695.5
2142.0
8830.5
9640.5
2258.5
3625.5
13154.5
6743.0
8989.5
3858.5
3332.5
68.0
6322.0
0
8255.5
7085.0
6238.0
5238.5
6295.5
2813.0
7852.5
7809.0
5212.5
10062.5
5725.0
5328.0
2492.0
1723.0
4698.5
5627.5
1540.0
2419.5
8591.5
3781.5
4268.5
3275.5
7535.5
6136.5
8598.5
508.5
0
424.0
3674.5
1160.0
2870.0
6296.0
3728.0
2705.5
4997.0
5974.5
7397.5
5028.0
2336.5
4617.0
0
5225.0
7437.5
3481.0
6743.0
0
1673.5
0
2782.5
10713.5
8087.5
0
8030.5
3042.5
7155.5
867.5
3924.5
6369.0
5883.5
4814.5
6046.0
4203.0
3729.0
2460.5
0
5404.5
3913.5
68.0
8331.5
12443.5
5898.5
861.5
2397.5
0
11557.0
4458.5
4454.5
8348.0
4019.0
4038.5
2237.5
9482.0
2549.5
1353.5
4220.0
3125.0
796.0
4330.0
5969.5
8058.0
2863.5
6009.0
6674.0
3726.5
9285.0
2834.5
4722.0
1835.0
6358.0
2055.5
4618.0
5964.0
5846.5
4611.5
1339.5
0
7710.0
9572.5
13155.0
787.0
0
2106.5
7561.5
257.0
4602.5
8165.0
2354.0
2417.0
3546.5
3347.0
7363.5
6684.5
5678.0
3960.5
1262.5
6583.0
7798.0
3010.0
4598.0
478.0
6984.5
6905.5
6608.0
5869.5
4663.0
1665.5
2898.5
8293.5
3591.5
775.5
5404.0
951.5
6678.5
5479.5
9083.0
4743.5
8524.5
7897.5
8032.5
3681.0
5849.5
2212.0
2038.0
1255.0
8664.0
2175.0
5043.0
4248.5
9262.0
5922.0
7843.0
10071.5
8866.0
7543.0
3912.5
3459.0
5126.0
126.5
6990.5
10217.0
5900.5
9196.0
1219.0
2556.0
5059.0
7136.0
8355.0
777.5
6256.0
5343.0
7286.5
7486.0
6080.0
8911.5
8811.5
4233.5
2100.0
5353.5
1530.0
6977.0
4710.0
6210.5
8958.5
6113.5
2468.5
7322.5
0
4351.0
9316.5
9323.5
2629.5
1181.5
6851.5
3122.0
3442.5
6729.0
126.5
7094.5
8237.0
7644.0
660.0
6952.0
9182.5
7200.5
10760.5
8959.5
7643.5
6853.5
704.5
535.0
7049.0
6705.0
3810.5
968.5
1390.0
5198.5
3812.0
3575.0
9679.0
1692.5
2389.0
7197.5
1267.0
68.0
7142.0
2599.0
7614.5
7282.0
771.0
1654.0
3531.0
3554.5
3295.5
8256.5
6434.0
13899.5
2895.0
11917.0
4328.0
4158.0
5298.5
4553.5
5994.5
9046.0
9204.5
1162.0
2202.5
0
7547.0
3369.5
6730.5
5421.5
9306.0
1951.5
2336.5
1156.0
7548.5
4461.0
6661.5
11902.0
2407.5
2204.5
0
11100.0
1967.0
8000.5
2474.0
9626.5
5728.5
519.5
126.5
4888.0
8011.5
8934.5
3354.0
8662.5
3030.5
5406.5
5323.5
8125.5
6358.0
8133.0
5353.5
68.0
3058.5
5273.0
6688.5
7651.5
9234.0
8880.5
8680.0
4577.0
7862.0
8490.0
68.0
9112.5
6751.5
0
6195.5
8957.5
2833.0
8111.5
4352.0
4040.5
4564.5
8156.5
4671.5
8071.5
1068.5
8735.5
9242.0
0
6767.0
5521.0
3628.5
4642.5
2550.5
5672.5
1660.0
1764.0
8966.5
3017.0
3113.0
6494.0
3250.0
7685.5
2422.5
7446.0
2816.0
8438.5
5738.5
5167.5
11010.5
2654.5
9878.0
4513.0
8317.0
4555.5
1805.5
3550.5
3512.5
2248.0
9005.5
2695.0
10826.0
126.5
8717.0
5052.0
4112.0
6946.5
4220.0
6905.5
8608.0
5537.5
4086.5
7651.0
7209.5
4653.5
1231.0
2032.0
3553.0
11276.5
68.0
9425.0
4516.5
7985.5
1936.0
3678.5
7455.0
10551.0
3820.0
7708.0
6873.5
5501.5
4834.5
9994.0
4051.5
8019.5
5357.5
10763.5
4492.5
10166.5
6545.0
4471.0
9564.0
6125.0
2941.0
4881.0
8732.0
2661.0
1194.5
6635.5
5339.5
3473.5
3758.5
2769.0
7445.0
5177.5
6780.5
5137.5
6421.5
3021.5
6352.5
4630.5
926.5
1414.5
3183.5
1846.0
5760.5
9274.5
4763.5
3812.5
1335.0
4535.0
1773.0
7358.5
1007.5
10443.5
2780.5
1989.0
5435.0
10530.5
5569.5
3160.0
5701.5
13047.0
3363.0
4894.0
4158.5
4356.0
0
5724.5
11088.0
8939.0
10210.5
4674.0
3438.5
4528.0
5560.5
6263.0
3188.0
7236.5
1077.5
5369.5
6130.0
1591.0
5183.0
4560.5
6481.0
12888.0
126.5
4743.0
4899.0
4798.5
3913.5
5933.0
7164.5
9808.0
4077.0
883.5
9851.5
9584.5
3932.5
7710.5
6661.5
6386.5
1041.5
6730.0
6221.5
3750.5
3434.0
10107.0
2474.0
997.5
2581.0
10175.5
10075.5
7308.0
1334.5
0
8123.0
6499.0
7752.5
6150.5
6569.5
12469.0
6490.5
5416.5
6905.5
8919.0
1512.0
5292.0
6010.5
4854.5
9675.5
7280.5
1764.0
967.0
7590.0
9181.5
3138.0
7450.5
10191.5
7888.5
1368.0
2446.0
3701.0
4776.5
478.0
7258.0
5918.0
5664.5
8732.0
5219.5
138.0
1866.5
2012.5
7544.5
4321.0
4058.0
7662.5
3520.0
8417.0
5502.0
8331.5
1388.5
5446.5
9144.5
5103.0
5580.5
5184.0
7552.5
5479.5
3348.5
7084.0
3826.0
4731.5
4230.0
8565.0
5360.5
2520.5
719.0
2096.0
11057.5
10835.0
3910.5
9581.0
5285.5
10239.5
2852.0
6430.0
3888.5
7341.5
8356.5
5547.5
2631.0
6389.5
9006.5
7104.5
3444.5
6000.5
12719.5
2888.5
1393.5
5418.5
4572.5
4417.0
4282.5
8566.0
424.0
863.5
2109.5
5918.5
0
4478.0
6149.0
7475.0
3711.0
7036.5
10641.0
8171.0
4541.0
1776.0
1601.5
0
6596.5
7817.5
5212.5
2885.0
5193.0
6249.5
2794.5
6994.0
9484.5
1621.0
7002.5
3319.0
2549.0
8405.5
7531.0
3678.0
6881.5
4096.5
7040.0
3014.5
186.5
10749.5
790.0
9109.0
5014.5
2252.5
10637.0
9035.0
11149.0
4068.0
9529.0
4010.0
6652.5
8472.5
7325.0
11763.0
7043.0
6211.0
3791.5
6991.5
11700.5
2719.5
2098.0
10476.0
2756.5
6220.5
8777.0
68.0
7623.0
365.5
3579.5
7255.0
2115.0
453.0
6314.0
1830.5
1200.0
68.0
4911.5
10270.5
7699.0
3325.0
5232.5
2630.5
7134.0
6203.5
5217.5
2417.5
4223.5
2314.5
1688.0
5941.0
1929.5
2421.0
5936.5
497.0
2255.5
9982.0
5535.0
4773.5
12709.5
11998.0
2986.5
3114.5
5397.0
9520.5
8602.5
8138.0
1122.5
2074.5
4492.0
3651.5
3124.5
7800.0
8941.0
8357.0
6473.5
7457.0
1204.5
0
6953.5
4258.5
4401.5
5973.0
6777.5
4124.0
5805.5
10260.5
2991.0
11515.5
1433.0
6574.5
6837.5
8329.0
8899.0
0
2648.5
3574.5
3340.5
3533.0
6145.0
4803.5
8151.5
7165.5
7907.5
7974.5
7692.0
10366.5
7078.0
1774.0
6547.5
7595.5
1850.0
11245.0
7443.5
9808.0
12344.0
6157.0
2170.0
6227.0
2781.5
5000.0
11137.0
9582.5
4847.0
6182.0
10834.5
6654.0
6657.0
2562.0
0
6778.0
4457.5
7222.0
1797.0
1956.5
11638.5
6617.5
9950.5
7310.0
8854.5
3260.0
0
5997.0
6374.5
419.5
68.0
9079.5
2779.5
2663.5
4263.0
2555.5
10888.5
7086.5
0
3691.5
6107.0
0
4118.0
7039.5
8502.5
1995.0
6380.0
5079.0
11038.5
6878.5
7265.5
7120.5
6135.0
3845.0
1422.0
8146.0
5604.5
5881.5
7610.5
5843.0
9930.5
4069.0
4965.0
8672.0
7302.0
4503.5
478.0
2255.0
3541.5
2586.5
7112.0
6775.0
8846.5
2564.5
6087.0
8226.5
10473.0
7835.0
0
2805.0
7244.5
10233.0
11041.0
5859.0
3696.5
3774.0
10437.5
8936.5
6687.5
8564.0
665.0
6741.5
7082.5
8346.0
7916.0
4323.0
10144.5
1337.5
9281.0
6183.5
10584.0
7447.0
7277.0
2881.5
5706.0
6773.0
9750.0
5757.5
6280.5
13341.0
4166.5
4469.5
7433.0
0
4921.0
11797.0
6208.5
6987.5
12420.0
2955.0
6081.5
4721.5
6048.5
8453.0
8754.5
7976.0
3306.5
6098.5
790.0
10305.0
10191.0
3666.0
4243.5
2590.0
5742.0
13708.0
2823.0
5664.5
7520.0
10447.0
10503.0
0
6159.5
8646.5
7042.5
4060.0
2251.5
10705.0
10223.5
9337.5
6457.0
10112.0
3672.5
2545.5
6646.0
0
7845.5
8534.0
10723.0
7059.5
4184.0
0
6887.0
10276.0
6880.0
10490.5
2000.5
6963.5
2301.0
68.0
419.5
6532.0
10144.5
7606.5
10255.5
2308.5
2084.5
138.0
5486.0
7916.5
7441.0
4353.0
6745.0
4358.5
2296.5
575.0
10088.0
10498.0
9603.0
7038.5
8632.0
497.0
6294.0
9752.5
6409.0
8295.5
8176.5
6799.0
3530.5
2172.5
9109.5
6198.5
6623.0
7161.0
9258.5
2644.5
1354.5
5660.0
5863.0
9487.0
6111.5
4917.0
2725.0
965.5
0
3270.0
8680.5
2533.5
5055.0
4894.0
10349.5
7532.5
11139.0
4597.0
0
7787.0
0
435.5
2390.5
1644.0
1318.5
7054.5
2408.5
3547.0
3661.0
2969.0
4559.5
3132.5
2859.5
1214.0
10088.0
5288.0
3998.5
3568.5
12873.5
6623.0
9477.5
10042.0
5649.5
68.0
2707.0
138.0
68.0
2304.5
8672.0
7990.5
9183.5
11825.5
3790.0
365.5
8023.5
10498.5
13908.5
4622.0
3929.5
6636.5
1710.0
7240.0
3892.0
9300.5
3747.5
68.0
6797.0
68.0
7842.5
1087.5
3811.0
10424.0
11941.0
6983.5
10373.5
5508.0
10990.0
0
186.5
0
6936.0
2536.5
9825.0
2355.5
10542.5
11283.5
9481.0
6202.0
7166.5
8594.0
6573.0
2596.5
0
919.0
11018.5
5548.0
10498.5
8557.0
469.5
9279.0
7539.0
7889.0
6531.5
7769.0
5379.5
5891.5
10852.0
6719.5
2793.5
7211.0
2724.5
13342.5
7155.0
6398.0
10459.0
6435.0
5587.5
7115.0
11147.0
6817.0
8345.5
4357.5
5020.0
2911.5
2991.5
702.5
3039.0
6825.5
0
7759.0
1641.0
6598.0
7667.0
6122.0
5279.5
9480.0
7057.0
9474.0
9523.0
6199.0
8648.0
0
3744.0
6470.0
1314.0
316.0
6450.5
9619.0
2698.0
6567.5
126.5
0
11608.5
5024.0
8160.5
6210.5
5545.0
0
6114.0
1085.5
10838.0
3838.5
8192.5
300.5
10298.0
3346.0
5464.0
1512.0
12592.0
8962.0
1130.5
3188.0
1087.5
126.5
9338.5
6665.5
6641.5
3187.0
5519.0
1751.0
0
2576.5
3848.0
7321.0
885.0
9958.5
3550.5
11233.0
9791.0
6902.5
1798.0
2766.0
3440.0
7750.5
3482.5
6210.5
2559.5
5330.5
10550.0
9246.0
8751.0
3207.0
9902.0
10927.0
6508.5
7696.5
683.5
1809.5
1618.5
4872.0
10506.5
11082.0
1556.5
4332.0
6030.5
5398.0
6611.0
7422.5
1068.5
8310.5
8437.0
6064.5
9941.0
10198.0
1337.5
3535.0
2869.0
7741.0
7832.0
365.5
7052.5
419.5
3870.0
9087.5
0
3444.0
6551.5
4129.5
8190.5
5914.0
10907.5
6615.5
5805.0
10114.5
348.5
5110.0
6988.5
1331.5
1224.0
5993.5
11007.5
4494.5
7818.5
4603.0
0
11233.5
6487.0
8661.5
6267.5
5105.0
6372.5
12876.5
6311.5
10490.5
3421.5
9181.5
7738.5
10994.5
4541.5
10938.0
11636.5
10038.0
10757.5
0
9587.0
1354.5
3841.5
6695.0
10058.5
6701.5
4951.5
8159.5
11901.0
11874.5
830.0
7049.0
9452.0
6021.0
8040.0
8505.5
9339.5
2822.5
12959.5
3196.0
9972.0
5599.5
9167.0
9132.0
11060.0
7618.5
8177.0
9771.5
9587.5
13298.0
7096.5
9570.5
7195.0
649.0
5242.0
9068.0
0
10062.0
7815.0
1770.5
11988.0
5348.0
11924.5
10647.5
0
11972.0
8320.0
5959.5
5714.0
9116.0
5069.0
8502.0
11839.0
11619.0
11810.0
10116.5
6112.0
8508.0
3183.5
1403.0
10809.5
3290.0
10348.5
8434.5
6276.5
10390.5
4399.5
7155.5
7883.0
1413.5
4655.5
4257.0
12449.5
126.5
10581.0
6074.0
11261.5
5791.5
3217.0
4917.0
9749.5
11461.5
9279.0
7899.0
13205.5
3211.0
7658.0
10350.0
2036.5
10211.0
11851.5
10341.0
4704.0
4363.0
10260.0
9290.5
12304.0
5319.0
9537.5
5628.0
9508.5
7577.5
5999.0
3319.0
9593.5
7674.5
6193.0
13402.0
11114.0
9040.0
8619.0
4580.5
8634.5
10411.5
0
0
10373.0
7100.5
418.5
10680.0
10071.0
4503.5
478.0
2016.5
8257.0
7503.5
992.5
10865.5
3993.5
1836.0
10103.5
1445.0
10682.0
8929.0
7154.0
4808.5
9191.0
10162.0
9747.5
10071.5
10949.0
8238.5
4418.5
2589.0
7259.5
10602.0
10036.0
4963.5
6670.0
4428.0
11189.5
10894.0
10179.5
5821.5
0
943.5
10223.0
12015.5
7663.5
10588.0
10218.5
5642.0
6671.5
9431.5
4418.0
14060.5
2237.5
7124.5
5798.0
10108.5
10658.0
10926.0
8094.0
12689.0
11537.5
8364.5
13177.5
2643.5
2178.5
10886.5
9986.0
6634.5
5163.0
7355.0
10711.5
6142.0
3560.5
5114.0
12247.5
8602.0
4998.5
7296.0
424.0
11286.0
10690.0
10120.5
7586.5
2738.5
9664.0
11478.0
12447.0
10088.0
11200.5
6414.5
12945.0
10189.0
7626.0
5483.0
10731.0
7726.0
10063.0
6621.0
13285.0
11570.5
4858.5
5815.5
6121.5
4183.5
10507.0
7769.5
9036.0
11699.5
0
8220.5
4898.0
10359.5
7839.0
2315.5
7184.5
11214.5
4952.0
5934.5
10976.5
316.0
13445.5
10402.0
0
11248.0
10164.0
11028.0
11418.0
11323.5
8038.5
3900.5
12851.5
2970.5
5348.5
6840.5
0
11207.5
4932.5
9453.5
7712.5
7927.5
9647.0
10211.5
12520.5
2950.0
9226.5
9368.0
5155.5
790.0
704.5
11542.5
12800.0
4436.0
7152.0
7635.0
5289.0
11009.5
1156.0
12809.0
10818.0
9641.5
9805.5
0
8103.5
5006.5
9118.0
8444.0
11077.0
2727.5
10345.5
0
10732.0
11544.0
0
8060.0
717.0
14266.5
7145.5
10080.5
3983.5
5889.5
9863.5
2880.0
11563.0
10984.0
9904.0
6474.0
6165.5
10607.0
6321.0
5380.5
0
9150.5
0
5339.5
0
4726.5
6102.5
4186.5
9671.5
1847.0
12460.5
0
5527.0
1073.5
1183.0
11671.0
0
489.5
5808.0
10318.0
10968.5
9059.0
9139.5
7557.0
5984.5
13986.0
10550.5
6340.0
3809.5
0
10164.0
10098.5
10293.5
13607.5
12610.5
7792.0
4001.5
3822.5
9349.5
7165.0
435.5
10661.5
6952.5
8608.0
6723.5
11093.5
8982.0
12364.0
8624.0
9766.0
6080.0
5418.0
7373.5
8783.5
8050.5
10581.0
126.5
0
0
10526.5
0
10389.0
10738.0
68.0
7439.5
9247.0
10633.0
3208.0
12125.0
0
11672.0
10899.0
7101.5
8483.5
8734.5
0
3967.0
11127.5
11009.0
68.0
8179.0
8372.0
8585.0
10247.0
0
8793.0
7303.0
10612.5
9786.0
11931.0
9370.5
7670.0
8049.0
8925.0
1490.5
6937.0
10139.0
4925.5
11513.0
12925.0
1970.0
8307.0
9523.5
3837.5
2016.5
592.0
1081.0
8416.0
9881.5
6920.5
3063.5
2141.5
11903.0
12525.0
14054.0
8128.0
3182.5
10490.0
0
7650.5
0
12531.0
3395.0
2665.0
7222.5
10567.5
5963.0
10081.5
10886.5
2635.0
8412.5
0
10021.5
10129.0
10446.0
7479.0
6299.5
7463.0
10520.5
11773.5
8470.5
9738.0
11240.5
10287.5
5780.0
9890.5
10613.0
10133.5
790.0
12541.0
12757.0
10718.0
0
13062.5
9824.0
4447.0
10226.0
8073.5
7271.5
2569.0
5328.5
484.0
10736.0
2181.0
9509.0
6430.0
4958.0
6790.5
5376.0
10941.0
13827.5
8123.5
5590.0
10463.0
0
8274.5
7259.5
12283.5
9828.0
5621.0
12531.5
3633.0
3099.0
1911.5
4448.0
10273.0
10299.0
2882.5
12020.5
3895.0
9711.0
10686.0
10077.0
9171.0
8926.5
10463.5
6763.0
1704.5
2817.5
6984.5
9206.5
4740.5
9913.5
6220.5
9673.0
9836.0
13599.0
10505.5
7297.0
9179.5
8106.5
2515.5
12888.0
10676.0
8241.5
10161.0
10465.0
11504.0
10798.5
0
7328.0
11711.5
12604.5
7069.5
10740.5
6986.0
3339.0
10356.0
7681.5
10277.0
8469.5
10154.5
12520.0
11139.0
10257.5
1544.5
10138.5
13659.0
9583.5
8645.0
1413.5
5573.5
10512.5
8661.0
8493.0
12484.0
1197.5
8675.0
10250.5
10402.5
7217.5
8472.5
9656.0
4307.5
3043.0
7780.0
7617.5
11958.5
11802.0
9099.0
10035.0
9095.0
348.5
4291.0
12005.0
13015.5
8657.5
10682.0
7424.0
9955.0
7619.5
6985.5
10078.0
9273.5
12952.0
11102.5
8031.5
9139.0
11401.0
13532.5
8395.0
11016.0
734.5
6726.0
8284.0
9713.5
10558.0
9485.0
7448.0
6474.0
11256.0
8090.5
7488.0
11321.5
7635.5
9711.0
12756.0
11402.5
7011.0
7184.5
8289.5
2883.0
8953.5
10288.0
11297.5
8859.0
9325.0
12965.0
8473.5
12286.5
11636.5
6296.0
11021.0
10174.5
10947.0
8668.5
10478.5
8126.0
9248.0
7656.5
7939.5
10961.5
12558.0
6704.5
12266.0
5867.0
0
11853.0
10231.5
9442.5
12052.0
10537.5
11630.0
3631.0
7843.0
10218.5
11268.0
5884.0
11822.0
10184.5
10887.0
12000.0
2829.0
9422.5
12870.5
10397.0
14484.5
13262.5
11968.5
11521.0
13212.5
10221.5
1195.0
10970.0
11693.0
7343.5
7307.5
9485.0
6092.5
12504.5
8105.0
11601.5
1684.5
8848.5
11265.5
10886.5
8221.5
1180.5
10932.5
11225.5
12472.5
11965.5
12863.0
1828.0
10241.0
2163.5
6007.0
14204.0
10122.5
10381.5
8614.0
12042.5
13664.5
10096.0
7815.5
11257.5
6389.5
9543.5
8939.0
419.5
7906.0
8492.5
9140.0
8007.0
6651.5
8293.0
3345.5
11495.0
12929.0
7676.0
0
7819.0
9571.0
5999.0
3943.0
10409.0
12256.0
4234.0
11744.5
9895.5
6841.0
10272.5
4312.5
6195.5
11154.0
4431.5
8404.0
2740.0
12250.0
10708.0
10926.5
4111.0
11394.0
9835.0
9036.5
10751.0
8031.0
5887.0
6589.0
11856.5
9416.0
10074.5
10140.0
7420.0
9646.0
3718.5
3592.5
5630.0
14376.5
8746.5
8093.5
4427.5
7343.0
5815.0
10012.0
8251.0
10194.5
13663.0
4430.0
9011.0
2932.5
3275.5
11029.5
8475.5
12742.5
10001.5
9658.0
10280.5
9919.0
8782.5
2739.5
3578.0
7827.0
9231.0
646.0
10709.5
9038.5
9263.5
8335.5
126.5
0
7087.5
10216.0
11029.5
7296.0
1441.5
5833.5
11441.0
8764.5
14557.0
7140.0
3876.5
13827.0
1577.5
12636.5
14437.0
7732.5
10200.5
12612.0
7648.5
2868.0
10541.0
11016.5
12839.5
7312.5
4283.0
8616.0
10647.5
10576.0
9530.0
6030.5
8136.0
10065.5
68.0
5913.0
10922.0
5860.5
12531.0
8307.5
383.0
13722.0
10225.5
7955.0
4040.5
9022.0
11742.5
2147.5
10893.5
5877.5
10241.0
9519.5
4462.5
12121.0
533.0
10839.5
2915.0
9612.0
11131.5
14641.0
11207.0
7923.0
8433.5
12795.0
2077.5
9469.0
68.0
10915.5
12410.0
11526.0
3896.5
1119.5
11034.5
5981.0
3486.5
14679.0
10967.5
9181.5
9863.5
7973.5
11255.5
9419.5
9828.5
10800.0
13735.5
8790.5
7454.0
7153.5
476.0
2550.5
13379.5
8339.5
10973.0
9529.0
7751.5
8723.0
6479.5
13308.5
13579.5
11978.5
13107.5
11492.0
10356.5
6844.0
3014.5
1916.0
6368.0
11072.5
374.5
10050.0
12794.0
486.0
7164.5
2812.5
2198.0
9658.0
7877.0
5482.5
10495.0
680.5
10787.0
9161.5
8767.0
10298.0
3723.0
9240.5
12061.0
10487.5
3799.0
12284.0
7046.0
0
6805.5
13005.5
6339.0
11043.0
4574.0
11018.0
12486.5
11805.5
8990.0
10072.0
10261.0
11638.5
2972.5
10244.5
10220.5
11530.0
13910.5
10577.5
8686.0
11819.0
2954.5
10134.5
11065.0
4628.5
7989.5
10737.5
10731.5
15272.5
11549.5
11713.0
0
11401.5
13358.0
11654.0
6392.5
13530.0
8572.5
5613.0
8511.5
10072.5
10275.5
9417.0
8114.0
10064.0
6626.0
8916.0
438.5
10330.5
9571.0
6172.5
12048.5
6622.0
4161.5
9232.0
11233.0
12170.0
10823.0
1455.5
10855.5
9630.0
1593.0
11220.0
5477.5
8763.0
11871.5
2660.0
10191.0
1892.5
7297.5
9270.0
6958.0
10240.5
10833.5
10218.0
11006.5
8518.0
7774.5
12022.5
9683.5
6734.0
9382.0
14346.5
13028.5
9306.5
1076.5
11841.0
3355.0
10351.0
10502.0
11634.5
0
12084.5
11454.0
9546.5
10890.0
13425.5
9457.5
11140.0
10334.5
10825.0
12655.0
8046.5
2858.0
10147.5
6713.5
10974.5
379.5
10142.5
11069.5
13026.0
10098.5
11247.5
3075.5
10273.0
13560.0
7158.0
8445.5
10157.0
12759.0
10306.0
8844.0
10134.5
3739.0
11067.5
10539.5
9796.0
10087.0
11233.0
10069.5
8360.5
10214.0
5060.5
12206.5
7564.5
10399.5
10403.5
9478.0
10263.0
13321.0
10163.5
13668.5
1322.0
9118.5
12587.5
13681.5
8598.5
6859.5
10809.0
7227.5
1638.0
8922.0
12264.5
489.5
13409.5
10033.0
10790.0
14867.5
10818.5
10368.5
10233.5
12336.0
10480.5
10769.5
3885.0
6902.5
6056.5
9363.5
68.0
7645.5
7203.0
0
12076.0
13235.5
12799.5
12962.0
12090.5
13353.0
3054.5
9010.0
9402.5
12268.5
10105.5
10392.0
3756.0
11309.0
12864.0
12733.5
8620.0
10059.5
11537.0
3933.0
11951.0
13891.5
1750.5
9997.0
10614.0
9458.5
12404.0
4623.5
9031.0
13118.5
10707.0
7890.5
10804.0
8857.5
10168.0
14106.5
10938.0
0
11325.5
6861.5
9246.5
7651.0
11471.5
11462.5
9073.0
6838.5
11143.5
10832.5
12128.0
13318.0
12160.5
10186.5
11150.0
11578.5
12761.0
13952.5
2338.5
13612.5
10592.0
11851.5
10909.0
8243.0
0
10384.5
11818.5
13916.0
7376.0
4096.0
12793.5
13256.0
8537.5
11368.0
10928.5
12411.0
13589.0
2837.0
10574.5
13963.5
10737.0
13565.0
6462.5
10793.0
13275.0
12370.0
11342.0
10349.0
497.0
13306.5
7725.5
9262.5
11192.5
12386.5
12992.5
13217.5
11536.0
7177.0
13829.0
9069.0
10599.0
7719.0
2479.5
3158.5
1493.0
4527.0
948.0
10601.5
11552.0
0
11946.5
11533.0
10416.0
13285.5
10232.0
7173.5
13308.5
8723.5
10116.5
7914.0
13461.0
5721.5
10807.0
10763.0
11891.0
12865.0
13165.5
10765.0
11446.5
10279.5
10586.0
10250.5
7405.5
11114.0
6153.0
8286.0
14150.5
11517.5
11484.5
9459.0
11009.5
438.5
11903.5
9199.5
12901.5
13103.0
10222.5
9773.5
3691.0
7323.0
10234.0
12613.0
13871.5
10478.0
13479.5
12274.0
9517.5
3090.0
14543.0
9799.0
5913.0
5387.5
1029.5
13217.0
13020.5
10424.0
10349.5
12596.0
7867.5
10163.5
13345.0
9433.0
10344.5
10664.5
12212.0
10517.0
8734.0
6069.0
7580.5
6799.5
10117.5
12289.5
13296.5
10384.5
9350.5
2616.5
10198.0
5581.5
13134.0
12814.0
13648.0
4389.5
4184.5
12869.0
0
12861.5
8857.5
10957.5
8141.0
12955.0
10833.0
11917.0
4256.0

9139.0
10110.0
13054.5
10602.0
11372.5
12747.0
13774.5
11022.5
11100.0
13535.5
11482.5
10475.0
734.5
9965.5
14277.5
11644.5
10057.5
12762.0
13007.5
4119.5
10558.5
9004.0
6770.0
418.5
489.5
13959.5
13015.0
13595.5
9537.0
5755.0
6152.0
13731.5
11411.5
10090.5
9105.0
10309.5
13758.0
9137.0
0
11038.5
126.5
10709.5
10256.0
10119.5
10010.5
6986.0
0
9622.0
9090.5
11098.0
138.0
10262.0
2513.0
5450.0
11374.5
11661.0
13660.0
8767.5
8105.0
10185.5
0
31.5
12858.0
7783.5
11403.5
0
13601.0
10401.0
14497.0
10612.5
8467.0
11844.5
7821.0
12530.5
6663.5
7757.5
12206.5
10829.0
13266.5
10105.5
6611.5
9569.0
4114.5
10090.5
12282.5
7960.0
10238.5
11001.0
13309.5
12776.0
10273.0
2060.5
943.5
13047.5
7694.5
9249.0
12752.5
11269.5
729.5
6653.0
9106.0
9474.0
3829.0
8437.0
10752.0
11421.5
1591.0
7945.5
14902.5
12110.5
424.0
11092.5
8811.0
7676.5
10555.0
10129.5
8220.5
13219.5
12477.5
2040.5
10324.0
10113.5
8308.0
10647.0
11685.5
3766.5
10068.5
12681.0
12773.0
5789.5
11773.5
3816.5
9971.0
726.0
13270.0
11570.0
12351.0
0
8563.5
4337.0
6050.0
15358.5
10654.0
5415.0
10658.5
2932.0
7873.0
13570.0
12614.5
9211.0
9675.5
646.0
7617.5
0
13440.5
3432.5
5327.0
11407.0
13029.0
10613.5
15122.0
3475.0
9651.0
13156.5
10883.5
13635.5
13845.5
12786.0
418.5
10634.0
6917.5
11746.0
8040.0
12402.0
10075.5
13140.0
6782.0
11971.0
10353.5
11233.0
12875.5
7546.5
1181.5
10397.5
10592.5
13080.0
11017.5
1929.5
10196.5
10152.0
10033.0
10752.5
9696.0
7765.5
8696.0
10145.5
8380.0
12845.0
5123.0
11593.5
11125.5
12035.5
13512.0
138.0
12962.5
7104.0
10361.0
5890.5
11396.5
7504.5
10073.5
7473.0
12119.5
14259.0
9120.0
8601.5
12291.0
10578.5
68.0
10382.5
8959.5
9574.0
14981.0
0
6920.0
12600.5
869.5
5611.0
8567.0
0
13994.0
9125.0
13722.0
13455.5
8772.5
13103.5
11022.0
11017.5
3391.5
12778.0
10139.5
13617.5
4458.0
10767.5
12012.0
9894.5
11541.5
11162.0
9784.5
12979.5
5459.0
11917.0
9168.0
11060.5
12414.5
6737.0
11654.5
12403.5
11682.5
13327.5
126.5
12153.5
3922.5
12838.0
698.5
12948.5
6296.0
2189.5
13824.5
9248.0
13020.5
11856.5
4292.0
10704.0
6559.0
11148.0
10144.5
3447.0
12926.0
9326.0
10465.0
7888.5
8605.0
9709.5
344.0
9199.5
12037.0
2828.0
13962.0
10135.5
9653.5
11613.5
11508.5
7574.0
10138.5
3443.0
4198.0
10588.5
11054.0
7912.5
4322.0
12801.5
15083.0
0
12500.0
10803.5
11259.0
11384.5
13225.5
9508.5
10596.0
7139.5
7137.0
10596.0
11052.0
13262.0
12844.5
10924.0
11397.0
7834.0
8439.0
8545.5
9788.0
10972.0
13778.5
8846.0
11896.5
3968.0
11079.0
8826.0
10167.0
9208.5
12052.5
13240.5
7335.5
9403.0
0
9830.5
9584.5
15064.5
4559.5
10576.0
10305.5
12252.5
10202.5
12919.0
11461.5
4131.0
9619.5
13934.5
12143.0
10225.0
11248.5
12802.0
656.5
7604.0
9974.5
12368.5
10997.5
5976.5
1054.0
10375.0
11032.0
7906.5
12777.0
7656.5
9458.5
9710.0
5493.5
10762.0
13064.0
11864.0
10111.0
0
3197.5
10656.5
1654.0
10191.5
10993.0
11302.0
6319.5
3537.0
7495.5
0
7096.0
14558.0
12426.5
10080.5
11050.0
11720.0
11021.5
14028.5
12848.0
1921.5
0
14103.5
2525.0
12940.0
5692.5
8697.5
12616.0
9656.5
841.0
8880.0
1118.0
3865.5
12083.0
10207.5
8667.0
1608.5
8003.0
10325.0
11408.0
12430.5
11667.0
13085.5
13338.5
9211.0
12873.0
13001.0
14091.5
8781.5
12913.5
5301.0
10142.5
11442.0
10828.5
7924.5
10180.0
10989.0
2174.5
13242.5
11094.0
11945.5
11136.0
11440.0
14041.0
11991.0
10685.5
13018.5
7347.5
9063.5
8882.0
12357.5
13196.0
10574.5
12525.5
1526.5
12906.0
9503.0
4899.0
13382.0
2050.0
10605.5
10651.5
14168.0
11583.0
7250.0
10823.0
7698.5
2140.0
6503.5
9231.0
7870.0
10810.5
652.0
10738.0
11724.5
7734.5
11592.5
478.0
14163.5
10021.0
11100.5
11653.0
9275.5
10707.5
10452.5
1180.0
8620.5
11433.0
11182.0
13143.0
12349.0
13331.5
9259.5
14244.5
12954.0
12872.0
13744.0
11913.5
11934.0
13061.0
10560.5
8345.0
12864.0
12977.5
10542.0
10231.0
14239.5
68.0
68.0
9327.0
5988.5
10310.5
3696.5
8155.0
9701.0
10856.5
12949.0
6671.5
9261.5
8691.5
9107.5
11376.5
11330.0
10241.0
8250.5
68.0
10638.5
2423.5
8684.5
14579.5
11447.5
10363.5
7727.5
10052.5
11683.0
4924.5
14495.0
12637.0
12884.5
7548.0
11919.0
9102.0
13381.5
9128.0
12964.5
10319.0
126.5
6522.0
11809.5
2217.0
10581.0
7089.0
2727.0
14611.0
11605.5
12867.0
15527.0
1238.0
8615.0
10525.5
846.0
11366.0
13571.5
13324.0
13593.0
10562.0
11928.5
10579.0
3071.5
9517.0
11636.0
8513.0
8239.0
11909.5
3611.0
9650.0
138.0
10921.0
7242.5
13491.0
9354.0
13242.5
10339.0
10259.0
9600.5
11092.5
12841.5
8890.5
3163.0
14909.5
3620.5
10060.5
12732.5
8003.5
14014.5
10603.5
8188.0
5562.5
8789.5
12965.5
10312.0
9456.0
12954.0
6172.0
13863.0
5847.0
9770.0
10137.0
10555.0
2278.0
11406.5
4368.0
12837.0
9127.0
1477.0
6210.0
0
10752.5
9272.0
10088.0
8671.0
9967.5
3851.5
12187.5
11638.0
7957.0
9602.0
9115.5
11649.0
7095.5
13189.5
10510.5
11464.5
9537.5
0
13656.0
10193.0
11926.0
10420.0
10238.0
13408.5
14475.5
2183.5
9543.5
10792.5
12588.0
14050.0
10386.0
13264.0
5250.0
9570.0
3825.5
9575.5
10504.0
9099.0
0
10567.0
12427.5
1790.5
14224.0
6274.5
8154.0
11251.0
12003.5
13180.5
12266.0
11916.5
68.0
8580.0
12366.5
10623.0
486.0
11776.0
6320.0
8394.0
13885.0
9819.0
10091.5
12279.5
8149.0
10089.0
4815.5
13285.0
7121.5
11918.5
11603.5
11379.0
11603.0
419.5
68.0
12887.0
6228.0
11939.0
5549.0
11189.0
8227.5
13033.5
14405.5
11202.5
8545.0
548.5
5016.0
9613.0
10402.5
14210.0
10409.0
13725.0
13601.5
10796.5
15303.0
1684.5
965.0
6247.5
8725.0
10185.5
11120.5
8950.0
5699.5
11328.5
11395.0
7045.5
9153.5
13643.0
13526.5
5148.5
6804.5
14411.0
598.0
12772.0
419.5
5499.0
11870.5
12796.5
12380.5
10069.0
6882.5
7145.0
2166.0
10120.5
13631.5
11409.0
11347.0
1081.0
12520.0
699.5
10193.0
0
12796.0
5215.5
68.0
4638.5
13054.5
10163.5
13878.5
745.0
11368.5
13616.0
6059.0
0
9004.5
10046.0
11553.0
15804.5
10936.5
13875.0
9292.0
8244.0
4129.0
8114.5
11633.0
5239.0
13348.5
11492.0
10401.0
7321.0
7617.0
13022.5
14555.0
5243.5
13335.0
11730.5
10872.5
6645.5
13206.5
12124.0
5613.5
11890.0
13878.5
13820.5
10253.5
11728.5
10405.0
7055.0
10109.0
10822.5
2474.0
10456.0
6956.5
13714.5
10721.5
13092.0
11443.5
7364.5
3534.0
8608.0
7998.0
8137.0
14799.5
10761.5
8090.5
8565.0
13554.5
12213.0
8348.0
10507.5
11749.0
10275.5
12736.5
0
11239.0
11379.5
7286.0
13333.0
10420.5
12811.0
12370.5
14778.0
14691.5
3911.5
5650.0
9392.0
7548.5
11059.0
10599.0
12377.5
12562.0
6204.0
13789.0
11065.0
13386.0
11537.5
14342.5
11397.0
6608.5
13206.5
1038.0
0
13359.5
11872.5
10725.0
11821.0
11074.0
11658.0
12743.5
13378.0
13492.5
11012.0
9780.5
4934.0
9614.5
10136.0
10243.0
0
11606.0
8747.5
7375.5
13393.0
8851.5
9244.0
9801.0
1661.0
13588.5
12802.0
7938.0
8525.0
6597.5
11629.0
13472.5
10263.0
5377.5
11630.5
10612.5
1613.5
11044.5
13043.0
10648.5
14104.0
7929.5
6987.0
7903.5
7888.5
7978.5
12997.5
13040.5
9097.5
10049.5
1773.0
1952.0
15469.5
10776.5
13963.5
8849.5
11221.0
12211.0
13450.5
6496.5
11369.0
12510.5
11002.0
10512.0
13396.0
0
11056.0
9748.0
10898.0
8899.0
5202.5
13918.5
6533.5
11388.0
0
0
15119.5
1057.5
10978.5
9475.0
952.5
11445.5
10711.0
652.0
11597.5
974.0
10970.5
10048.5
9034.5
12197.5
13011.5
10610.0
12545.5
12853.5
9361.0
13266.5
8588.0
11053.5
9752.0
6962.0
12154.5
68.0
10055.5
12039.5
14488.5
10177.0
8363.5
68.0
10187.5
12968.0
8258.5
11514.0
12156.5
12964.0
10512.0
15886.5
9244.0
10716.0
10066.5
15185.5
5907.5
3816.0
12284.0
9025.5
11689.5
11515.5
13251.0
2030.5
11104.5
10411.5
9353.0
10982.5
8722.0
11710.5
11533.5
1887.0
7675.0
12132.5
10594.0
10304.0
10285.5
10936.5
10794.5
12367.0
2489.0
2751.0
14549.0
14116.0
13124.0
8762.0
11012.5
11127.5
11685.0
8558.5
9051.0
13698.0
6185.5
10812.0
12899.0
13315.0
12172.0
15289.0
12247.0
10362.5
11005.0
10573.0
4076.5
2025.0
10359.0
0
10114.0
4883.5
10929.0
12527.0
13740.5
13863.5
13448.0
11958.0
11954.0
10132.5
10415.5
10655.0
0
11507.5
13434.5
14107.0
12837.5
12262.0
9616.5
7625.0
14671.5
16201.5
9329.5
0
12909.5
5471.5
12962.0
5814.0
11614.0
12359.5
10955.0
10999.5
0
8675.5
10103.5
10423.0
68.0
10746.5
11689.0
10618.5
14380.5
11111.0
11499.0
11994.0
0
1518.0
13012.5
11380.5
11298.0
9866.5
13282.5
12698.5
13258.0
3762.5
10659.5
13202.5
11846.5
10049.5
13382.5
11896.0
2426.0
68.0
9779.0
10562.0
13269.5
10781.0
13849.0
11974.5
11486.5
11608.0
12953.5
10930.0
10407.5
10041.5
12390.0
10543.0
11039.0
3092.5
11190.0
6065.5
667.5
12490.5
10576.5
12891.0
4922.0
11115.5
8142.5
14830.0
12750.0
13674.5
12090.5
1311.0
10825.5
12498.0
5497.5
13144.0
11938.0
10189.0
3884.5
13129.5
11948.0
11362.5
13627.0
10783.5
12355.0
12981.5
12890.0
7582.5
10535.0
13082.5
11103.0
12082.5
10509.5
4684.5
12444.5
1184.0
316.0
13909.5
9097.0
10722.0
3330.5
401.0
11583.0
12473.5
12071.0
12449.0
13021.5
13942.0
7070.0
11375.5
10587.5
4809.0
14084.5
9223.0
11335.5
13399.5
12408.0
13753.0
10745.0
14462.5
12309.0
11026.5
126.5
6735.5
12855.5
10984.0
1255.5
8231.0
13235.0
11410.0
13929.0
5210.0
8633.0
10860.5
14682.0
10418.5
11654.0
10078.0
14899.0
11856.0
8989.0
13144.5
12358.0
10612.0
10837.5
9713.5
14501.0
12494.5
13142.0
11676.5
10006.5
13371.5
12053.5
12918.5
5749.0
10981.0
10154.5
12974.5
2443.5
13394.5
6020.0
12145.5
5926.5
722.0
6872.0
11436.0
12884.5
11869.0
10794.5
12978.5
9035.5
11230.0
0
11739.0
6251.0
13481.0
13161.5
14121.0
9851.0
0
9564.5
11155.0
12698.0
11333.5
0
11536.0
12829.0
10971.0
13565.0
12926.5
12453.5
9750.5
833.5
1090.5
5954.5
8095.5
9643.0
5680.5
11920.5
315.5
12228.5
12295.0
3374.0
13620.5
2568.0
13482.5
10738.5
10243.0
12270.0
10648.5
10115.0
7721.0
8724.0
9777.5
10125.0
8566.5
11171.0
831.0
13210.0
12031.5
12367.5
13422.5
11964.5
491.5
11317.5
14056.5
12014.5
11150.5
861.5
8164.5
12627.5
12860.0
11683.5
12801.0
13794.0
2026.0
2568.0
8244.0
12350.0
11858.0
14378.5
332.0
11095.0
11493.0
9417.0
7866.0
11311.0
12975.5
2172.0
9817.5
9619.5
12388.0
10910.5
8275.5
11599.0
10611.0
10600.0
10664.5
4511.0
10903.5
7299.0
11720.5
365.5
903.0
9240.5
2554.5
7064.0
8039.0
10324.0
12577.5
12254.0
13257.5
12520.5
10280.5
8642.0
10156.0
8040.5
12716.0
5298.0
9214.5
9167.0
13590.5
6569.5
2380.0
11844.5
10263.0
7318.5
11861.5
11250.0
13569.0
10707.0
10694.5
12775.0
10043.0
5014.5
13700.0
12940.5
9097.0
8592.0
8799.0
8680.0
5828.0
13200.5
4771.5
13118.0
11558.0
4299.0
13063.0
8940.0
10694.0
9733.0
1870.0
12982.0
11723.0
14711.0
10098.5
7362.0
11514.5
11077.5
646.0
10588.5
14071.5
5908.0
1193.0
11796.5
4715.0
6663.5
1270.5
640.5
7664.5
14006.0
383.0
12476.5
370.5
8704.0
12854.5
316.0
10688.0
10885.0
3096.0
13024.5
9420.0
3979.0
5493.5
8079.0
12407.5
14312.5
8719.5
11981.5
12774.5
12910.0
13640.0
6681.5
10073.5
10126.5
9640.0
12688.0
12016.0
4254.0
68.0
9048.0
13319.5
13779.0
5014.0
13233.5
10075.0
7973.0
12041.5
10528.5
11076.5
12327.0
12570.0
13718.0
7600.5
2396.0
12681.5
11772.0
9913.0
6640.5
3128.0
10562.5
5619.5
13273.5
8479.5
1603.0
9756.5
2125.0
10101.5
12699.5
11048.0
10700.5
12587.0
10995.5
6909.5
11552.0
9087.0
2376.5
13253.5
438.5
7072.5
6857.5
11543.5
13893.0
12909.5
9666.0
12667.5
10768.5
10234.0
5620.0
10165.0
10115.0
13021.0
5893.5
2820.5
12828.5
12520.5
11634.0
12392.0
6583.0
1035.0
9777.0
12476.0
11440.0
13211.5
8343.0
4880.5
10259.5
13684.5
14005.0
2553.5
11889.0
11504.5
13486.0
11891.5
10738.0
10612.5
11146.5
9773.0
6958.0
10047.0
9322.0
10266.5
9841.5
8597.5
13182.0
13544.5
10110.0
8878.5
6383.5
15708.0
8200.0
2587.5
10106.0
13869.0
11287.0
11373.5
15460.5
9162.0
6913.0
10379.0
8673.5
12504.0
7990.0
9801.0
14546.5
4748.5
10200.5
4764.0
11978.0
13997.0
12346.5
10864.0
13009.0
14433.5
10163.5
13578.5
8126.5
11619.0
14082.5
8217.5
14676.5
0
11091.0
9209.0
8322.5
7160.0
11289.5
13124.5
13282.0
11354.5
11656.0
2941.0
1480.0
6332.0
13398.0
10037.0
68.0
6924.5
13494.5
12878.0
11166.0
5986.0
13388.0
13419.0
12581.5
11016.5
13350.5
10601.0
10147.5
775.5
10176.5
10192.5
10723.5
6939.5
10551.0
10908.5
12357.0
9158.0
13287.0
7168.5
11028.0
7122.0
0
12274.0
12171.5
11355.0
8559.5
10551.0
10632.0
12360.5
6317.0
10968.0
13209.0
12836.0
12409.5
12303.5
11682.5
11876.0
7992.5
11412.5
6158.5
10973.0
126.5
12880.0
9082.5
15473.0
11615.0
16224.0
13315.0
9644.5
12072.5
14118.0
11568.0
3149.0
10567.0
10114.0
13035.0
12036.5
11888.0
11668.5
11600.5
10284.0
13712.0
10571.0
8979.5
11810.5
0
13877.0
12912.0
1520.5
9433.0
438.5
14390.0
478.0
3071.0
11003.0
8487.5
13994.5
11851.5
6532.0
14469.5
14251.5
14250.0
11427.5
10636.0
12379.5
10628.5
7725.0
12211.5
8632.0
11011.5
10225.0
13821.0
12796.5
8796.5
896.0
11717.0
11126.5
10999.0
12960.0
2526.5
13496.5
4412.5
10856.0
11032.0
11216.0
8024.5
10908.0
11471.0
12955.5
9612.0
6701.0
11010.5
8127.5
11086.0
12882.0
13098.5
10473.5
9592.5
9513.0
11110.0
0
9938.5
10675.0
12125.5
9743.5
10993.5
9074.5
12042.5
0
0
12923.0
2173.5
8640.0
13219.5
12034.5
7010.5
11531.0
6806.0
12824.0
12154.5
12616.5
10944.5
4781.0
11402.5
8359.5
12476.5
8769.5
2184.0
9139.5
11452.5
14932.0
11909.0
10576.0
10689.5
10937.5
13201.5
12974.0
11157.5
10798.5
5650.0
13269.0
2602.5
13929.5
10154.0
5229.5
12977.5
10179.0
10731.5
9064.0
14209.5
10622.5
10794.0
11968.0
10997.0
13165.5
13250.5
10790.0
13859.5
1399.0
9302.5
2839.5
9512.5
5752.0
2357.5
14693.0
11523.0
13729.5
8128.0
9930.5
6690.5
11841.0
10115.5
12554.5
10958.0
13217.5
14575.5
11919.0
9584.5
9441.5
13733.5
12872.5
15365.0
12382.5
9010.0
12896.0
12392.0
11494.0
11152.5
12144.5
11166.0
11585.5
9728.0
13378.5
10408.0
14167.5
1080.5
12721.5
14021.0
12042.5
5257.5
1064.0
12514.5
6783.0
12413.0
11559.0
11596.0
13379.5
12820.5
13682.5
6080.0
10917.5
14417.0
11072.5
10079.0
13264.5
13616.5
10473.5
11518.0
9569.0
12368.5
13937.5
10043.0
10044.0
10051.0
10479.5
2835.0
5759.0
13076.5
10958.5
9616.5
11023.0
11165.0
13519.0
10696.0
12930.5
10513.0
4373.0
10046.0
5076.5
11462.0
11475.5
9294.5
10736.0
10621.5
8139.0
12871.5
11038.0
11678.5
12913.0
12701.0
13737.5
12369.5
471.0
9975.5
11703.0
4092.0
10515.0
9412.5
11515.0
5905.0
12779.5
7985.5
10015.5
12364.0
13922.0
13864.0
14266.5
11483.0
10811.0
243.5
5257.5
12292.0
10408.5
10171.5
12786.0
10967.0
9143.0
7254.0
11871.0
10071.0
9814.0
12345.0
9462.0
5257.0
13400.5
15277.5
13040.0
6802.5
14086.0
8677.0
13633.0
489.5
10565.5
13884.0
13389.0
12009.0
12697.5
14465.0
5670.0
4593.0
11722.5
11834.5
1219.0
12285.5
14806.0
2729.5
10110.5
11257.5
8157.5
13872.0
11839.0
11680.0
13620.5
12567.0
10298.0
14003.0
4082.0
5231.0
13477.5
10420.5
12377.0
13719.5
11742.5
13615.5
10851.5
7207.5
11386.0
11369.5
7975.5
12407.0
10509.5
3910.5
12367.0
4747.0
11532.0
10375.5
12793.5
13829.0
13395.5
11861.5
13104.0
12484.5
13662.0
11087.5
10926.5
0
9654.0
8230.5
10122.5
11192.5
10766.0
10124.0
11187.0
10830.5
12723.0
10989.0
12269.5
9207.0
10104.0
11847.5
10187.5
9621.0
9426.0
11662.0
11115.0
13797.0
10942.5
13332.0
10141.0
11820.0
13367.0
6837.5
13585.0
11130.5
14311.0
11053.0
12899.5
11908.0
8680.0
7594.5
12433.5
8141.5
9276.0
8603.5
10920.5
14516.5
10982.0
6635.0
10963.0
16147.0
12528.0
10942.0
9497.0
3040.0
11881.0
9535.0
10382.0
10509.5
14068.0
459.5
9611.0
13494.0
13465.5
11912.0
3115.5
7414.5
10658.0
11846.0
6674.5
13239.5
11203.5
12621.0
8764.5
13152.5
10313.5
12926.5
8101.5
10609.0
11896.5
12043.0
11139.0
10090.5
10568.5
9971.5
3171.0
12145.5
9093.0
11248.5
14474.0
10650.5
13118.5
8295.5
2500.0
12152.5
8477.5
10168.5
10983.5
849.0
9045.5
10221.0
3156.5
3080.0
9752.0
12496.0
15366.5
10929.0
14603.0
6164.5
14504.5
8776.0
11740.0
13562.0
9032.5
913.0
10449.5
3480.5
10324.5
13476.0
11184.0
10574.0
13497.5
10359.0
11510.0
8598.0
3744.0
13458.0
4106.0
4616.5
12526.0
7361.0
12083.0
10735.0
10249.5
8412.0
10188.5
10310.0
13822.5
10804.5
10104.5
10220.5
12745.0
11986.5
10092.5
6264.0
11157.5
7575.5
10244.0
11685.5
9011.0
11833.5
10477.0
10761.5
1533.5
5100.5
9324.0
13236.0
11066.5
11907.0
365.5
7801.5
11758.5
818.5
11426.0
9833.5
194.5
13565.0
7725.0
7435.5
13888.5
9429.5
11945.0
8498.0
12877.0
11987.0
6322.0
5134.0
7789.5
8037.0
7477.5
0
10976.0
8384.0
7504.5
6299.5
12924.5
11382.5
11556.0
8609.5
11367.5
8555.0
6084.5
8699.5
8390.0
10150.5
2971.0
11728.5
11843.5
9576.5
7126.5
6403.5
6015.5
11152.5
5574.0
11019.5
11040.0
7642.0
11054.0
11036.0
10969.5
1523.5
12889.0
10048.5
13374.5
9405.5
11282.0
12359.5
1758.0
7271.5
8377.5
14121.0
10295.0
11963.5
6279.5
12727.0
11426.5
13650.5
787.0
12169.0
13637.0
14996.0
10838.0
11843.0
1195.0
12769.5
11933.5
14839.0
10254.0
14098.5
11155.5
5374.5
12331.0
6613.0
12744.5
13700.0
14564.5
10951.5
14535.5
11978.0
9495.0
2731.5
7938.0
996.5
9908.0
13205.5
8644.0
10545.5
13188.5
10429.0
13064.5
8402.5
10150.0
13834.5
11844.0
9697.0
12360.5
14148.5
13754.5
11304.5
10565.5
12305.0
11988.5
13220.5
12571.5
11835.5
11190.0
1564.5
15086.5
2415.0
8238.5
4374.5
9499.5
14466.5
13292.5
10067.5
68.0
126.5
12922.5
6582.5
13911.0
11417.0
13024.5
7265.0
13167.0
8748.5
13127.0
13949.0
12806.0
6887.5
10527.0
7802.0
11400.0
5311.0
6026.0
10350.0
6641.0
12460.5
12494.5
10665.5
6331.0
11931.5
13720.0
13118.0
0
10557.0
12809.0
2109.0
7103.0
13596.0
8560.0
13015.0
316.0
10305.5
0
14105.0
13035.5
10173.5
13437.5
14432.5
12403.5
10057.0
11559.5
0
12102.0
12929.0
10101.5
0
0
5814.0
12834.0
3675.0
10421.5
13269.5
12822.5
13424.0
12112.5
5554.5
16810.5
12883.0
11419.5
13777.0
7129.5
13436.0
9181.5
6329.5
13512.5
13546.0
12926.5
13229.0
9869.0
12473.5
4363.0
13253.5
13584.0
12899.0
5919.5
12276.0
13850.5
10091.5
13102.5
12744.0
12969.0
10626.5
11455.0
9826.5
815.5
10072.5
10630.0
2836.0
13087.0
13256.0
10568.0
14080.5
8543.5
8265.5
12352.0
12826.0
10768.0
13728.0
8459.0
15006.0
13444.5
10506.0
12452.0
0
6839.0
5866.5
10537.5
10102.0
12377.5
0
9135.5
12885.0
13123.0
13052.5
0
9838.0
11923.0
9917.5
14548.5
9688.0
11494.0
11770.0
6429.0
1253.5
9161.5
12797.5
13405.0
13556.0
11712.5
10069.0
8168.5
12128.5
138.0
9729.5
12373.5
13904.5
12741.5
12290.0
12893.0
11544.5
14215.0
12074.0
6752.5
12782.0
6026.0
11056.5
13823.5
6284.0
11032.5
12743.5
6888.0
10649.0
13636.5
11253.0
10269.0
12317.5
8138.0
6569.5
12944.0
14387.0
13847.5
11359.5
7593.0
6923.5
11200.0
12292.5
14414.0
12549.0
10992.0
12307.5
12293.5
9586.0
10996.5
126.5
10163.5
9803.5
11583.0
4536.5
10118.5
13331.0
9338.5
12510.0
12247.0
10042.5
6780.5
3977.5
10227.0
11428.5
11589.5
12472.0
12042.0
14635.5
13961.5
11694.0
3981.5
6983.5
12422.0
12837.0
12969.5
12911.0
0
13253.0
11024.0
0
13124.0
3138.5
10970.0
15060.0
6824.5
12560.5
8672.0
11668.0
11013.5
11542.5
5998.5
6400.0
8599.5
11667.0
11690.5
12747.0
10365.0
10596.5
12157.0
7318.5
15541.0
11476.0
13271.0
6636.5
11055.0
13025.5
11933.5
11381.5
12277.0
11904.0
2837.5
478.0
11132.5
7700.5
14080.0
10235.5
12026.5
9018.5
1677.0
13184.0
7339.0
10569.0
11889.5
8705.5
8153.5
6765.5
7205.5
68.0
10121.0
12848.5
1142.0
12596.0
7676.0
10926.0
13795.5
7680.0
10810.5
14477.5
3457.5
11260.0
12044.5
10576.5
13493.0
11757.0
10119.0
12473.0
14145.5
12411.5
10952.5
10661.0
11119.0
11817.0
7335.5
12624.5
10087.5
11476.0
11652.0
11287.0
0
12419.0
8244.5
11231.5
12060.5
12738.5
6369.0
11596.5
10453.5
6397.0
14211.0
14678.0
5841.0
13268.0
15333.0
10269.5
5688.5
13052.0
8194.5
14394.5
7587.5
12730.5
9010.5
7740.0
9237.5
7654.0
8925.5
12036.5
5858.0
11129.5
6645.0
13058.5
10588.0
6034.5
5928.0
13467.5
10693.5
12174.0
11399.0
12138.5
13057.5
5394.0
12850.0
0
11654.0
7699.5
9658.5
12522.5
9140.0
10213.5
7227.0
10621.0
7226.5
12937.5
9298.0
2603.0
13884.5
12966.5
14738.0
12735.0
11437.5
10656.0
11897.5
11625.0
10542.0
13065.5
11636.5
1019.0
4140.5
4034.0
12451.5
14429.0
7984.0
5139.5
7810.0
13573.0
0
13026.5
9980.0
6431.0
11011.0
3876.5
0
10101.0
6335.0
12450.5
11604.5
12188.0
12418.5
10748.0
13388.0
11755.5
14045.0
3361.0
12821.0
2839.5
12475.5
10722.5
0
11556.0
11855.5
14371.5
0
13216.0
13251.5
13004.5
7209.5
6225.5
10107.0
13134.5
2972.0
10075.5
0
4304.5
13737.0
9581.5
5020.0
12995.0
11427.5
9235.0
13552.5
5771.0
10931.5
0
7456.0
12468.0
7149.0
9629.0
13464.0
13264.0
11747.5
12645.0
14727.0
4195.5
12946.0
12604.5
11552.5
11403.5
13098.5
13591.5
11156.0
12787.5
15186.5
11010.5
13054.0
12795.0
14429.0
13410.5
12849.5
13065.0
11223.5
15005.5
11932.5
13498.0
14927.5
6351.5
13403.5
478.0
10070.5
10502.5
10840.5
11842.5
0
9365.5
6312.0
12946.0
10074.0
11461.0
7902.0
14738.5
12068.0
12605.0
10352.0
10780.0
11581.5
6455.5
0
5431.5
10285.5
11924.0
1279.0
3046.5
12340.0
11600.5
12918.0
8628.0
10618.0
12413.5
12220.0
13494.5
14002.5
12556.5
12287.5
3198.5
13037.0
12108.0
13107.5
13834.0
4486.0
10069.0
12729.5
12468.0
10499.5
10496.0
3331.5
13218.0
12126.5
5372.0
12579.5
7105.5
3166.5
13561.5
15718.5
14682.0
7476.5
10919.0
9035.5
12830.5
10086.0
4164.5
13198.5
15749.5
10070.5
10116.0
14499.5
11849.0
12521.5
13327.5
10591.0
12999.5
12660.0
12904.0
13146.0
10580.0
14161.5
11606.0
6261.0
5290.5
68.0
6309.5
14048.5
5598.5
14848.5
13392.0
12447.0
15261.0
15072.5
10136.5
10058.5
13452.0
12875.5
11874.5
10624.5
15698.0
8267.0
15098.0
11678.0
12445.5
8355.5
0
2122.5
12577.0
11942.5
13856.5
10064.0
5199.0
13173.5
11040.5
13789.0
10577.0
10491.5
11351.0
10754.0
8559.0
13244.0
12269.0
10032.5
8301.0
12609.0
12501.0
10085.5
13296.5
12947.5
13341.5
13106.5
3850.0
3349.5
12867.5
11044.5
9113.5
10514.0
12828.0
14309.5
11916.0
9571.5
13369.0
12332.0
9932.0
7425.5
13601.5
12951.0
11019.0
10211.5
12637.0
12018.5
15997.0
2788.0
11757.5
14238.5
943.0
9665.5
6197.5
13240.5
12950.5
12887.5
10566.5
11025.0
12263.5
13383.0
14266.0
5917.5
13558.5
10049.0
12768.0
2323.5
10613.0
13421.0
14005.5
10951.5
2660.5
12685.5
11433.5
14389.5
12548.5
11739.5
10326.5
12213.5
13057.5
15187.0
11057.5
13099.5
1944.0
68.0
13155.5
15474.5
13171.0
15171.5
13831.0
8375.0
424.0
13033.5
13799.5
7947.0
10297.0
6344.5
5673.0
7359.5
12116.5
13477.0
13472.5
10401.5
7098.5

10824.0
12608.0
14170.5
11319.0
2199.0
12505.0
12817.0
14270.0
14507.5
12737.5
13421.5
14275.0
13016.0
10837.0
11227.0
12678.0
13015.0
13040.0
10950.5
8579.5
12240.5
12771.5
10593.5
0
11105.0
11285.5
13531.5
0
14117.0
11796.0
9198.0
13261.0
11854.0
15279.0
14359.5
12603.0
11439.5
11899.0
13036.5
12005.5
13279.5
7628.5
13955.0
13200.5
13123.0
12013.0
14099.5
9628.5
4778.0
13946.5
11874.5
14962.0
13946.0
11170.5
12778.0
6497.5
6210.5
10696.0
374.5
13250.5
13448.5
14740.5
8516.0
13579.5
13780.0
13185.5
13750.5
11891.0
4586.0
0
12745.0
12881.5
14541.0
0
14107.0
13962.5
12181.5
11700.5
10442.0
2676.0
11482.5
5357.5
13962.5
12307.5
12122.5
0
13412.0
3111.0
10884.0
13909.0
13635.5
13230.5
13049.0
11071.0
3852.5
0
11276.5
3665.5
14561.5
7795.5
14359.0
11454.0
7772.5
3630.0
5337.0
11403.0
12284.5
11719.0
12083.5
6936.5
12310.5
13318.0
4203.5
12643.0
13381.0
2685.5
7147.0
12810.0
8744.5
12073.5
15166.5
11704.5
13520.0
14066.0
13669.5
13710.5
13412.0
14141.0
4908.0
7448.0
10954.5
7778.5
4023.5
7766.0
14486.0
5145.0
12881.5
9741.0
13710.5
14223.5
9000.0
7619.5
13805.0
0
11119.0
4028.5
11903.0
13259.0
12351.5
12056.5
12894.5
12503.5
6488.5
12997.0
6770.5
14268.5
6931.5
6275.5
11362.0
14883.5
12935.5
13525.0
7931.0
10268.0
13722.5
4920.0
14195.5
13530.5
10881.5
9629.0
13128.0
0
13255.5
5701.0
11571.0
4812.0
2987.0
11538.5
11498.5
13487.5
0
5409.5
0
4499.5
5905.5
12748.0
14970.5
12362.5
12864.5
12998.5
13151.0
4171.5
8507.5
10235.0
10076.5
13011.5
14354.0
10945.5
12076.5
13816.5
0
12214.0
12891.5
0
0
12892.0
13808.0
11965.5
13403.0
11205.5
13268.0
7745.0
11050.0
13705.0
11887.0
12817.5
10604.0
6452.5
14063.0
14064.0
12808.0
13013.0
13375.5
13398.5
12719.0
11011.5
11974.0
10526.0
11296.5
14328.5
1584.5
12831.5
13430.0
12174.5
12518.0
13738.0
9942.5
12985.0
13309.0
11955.5
5775.5
12818.5
12794.0
9191.0
9960.5
13927.5
12049.5
13230.0
7453.0
11190.5
12602.5
12579.0
13662.0
717.0
12116.5
2134.0
8571.0
8829.5
13528.0
13470.0
3696.0
9567.5
13628.0
11744.0
11631.0
5955.5
12695.5
11096.0
14169.5
11602.5
11892.0
12495.5
10553.0
12965.0
11073.0
13532.0
11437.0
11053.0
14106.0
13615.5
10605.0
7818.0
10478.5
10964.5
5912.0
9404.5
12964.5
3807.0
14243.0
14042.0
10221.0
11990.5
10480.5
10084.0
11846.5
6668.5
12654.5
12591.0
1656.5
8420.5
10069.5
10589.5
14454.5
13734.5
1119.0
12596.5
11598.0
14073.5
13866.5
7949.5
11544.5
8679.5
10068.0
10801.0
11097.0
13813.0
0
11065.5
10975.5
13581.5
4847.5
9881.0
12124.0
11188.5
12582.0
11707.5
11986.5
11846.0
12093.5
1951.5
11458.5
13746.0
13820.5
6063.5
13312.5
13614.0
10305.5
2047.5
7558.0
14229.5
13500.5
13121.0
10564.0
12178.0
11020.5
12743.5
10240.5
10092.5
14956.5
11070.0
11102.5
13244.5
13143.0
13855.0
12439.5
13594.5
11625.5
4474.5
10554.0
11693.0
806.0
11405.5
15325.5
11004.5
8378.5
11403.5
13286.0
13065.5
9661.0
13733.0
7589.0
10391.0
751.5
386.0
0
13223.0
10076.5
12718.0
12065.0
13354.5
12285.5
10115.5
3426.0
11951.5
14580.5
2729.5
12329.5
9600.0
13146.0
11863.5
8507.0
10971.5
6583.5
7022.5
11376.0
0
12851.5
10712.5
14216.5
9741.5
4303.5
9402.0
4902.5
9574.0
13311.0
10070.5
2077.5
10189.0
13555.5
15655.5
13064.0
7447.0
6536.0
10997.0
7746.5
10982.0
10270.0
13576.5
11542.5
14265.0
4150.0
8779.5
8664.0
10367.0
12848.0
10811.5
10975.0
2651.0
11125.0
10352.5
13785.5
14053.0
10517.5
717.0
10825.0
10952.0
11427.0
12847.0
12754.0
12929.0
15920.0
14224.5
14058.5
3160.0
12633.5
14031.0
14155.0
12908.0
8229.5
13514.0
13377.0
344.0
11951.5
10750.5
12413.0
11316.0
11159.0
13508.0
13805.5
14419.0
13116.0
1480.5
11483.0
11927.0
13492.0
14012.5
0
13034.0
11414.5
10528.0
12029.0
8042.0
10355.0
13650.5
10135.5
15138.5
11925.5
2015.5
12093.0
4818.5
12734.5
2601.5
10203.5
15328.5
12364.5
10507.0
12521.5
13367.0
15738.5
5376.0
7309.0
11198.0
12563.5
12388.0
10616.0
10685.5
11441.0
10307.5
3110.5
10297.0
11289.0
14552.0
12298.0
10258.0
12833.5
11294.5
13670.0
11249.5
12804.5
13500.0
9392.0
12167.0
13804.5
10019.5
12205.5
11032.5
3110.5
10803.0
11570.0
12315.0
8031.5
8611.0
12960.0
11417.5
11230.0
9480.5
13268.0
0
11266.5
10626.0
14367.0
14268.0
12392.5
12722.5
11628.0
10397.0
10493.0
12060.0
13120.0
10874.0
12087.5
12333.5
10420.0
10986.0
12608.5
13189.5
10070.0
10608.5
9310.5
7262.5
10194.0
13092.0
12776.5
11954.5
13067.0
12864.5
12596.0
10262.0
2655.5
10325.5
10981.5
11135.0
11903.5
11960.0
10999.5
12595.0
13809.0
10631.5
0
12557.0
12702.0
8570.5
14638.0
13262.5
8182.0
365.5
7918.5
15306.5
9473.5
4085.5
5620.5
13114.5
13042.0
10289.5
13496.0
11045.5
9610.0
11000.0
14279.0
11642.0
13405.0
12178.0
12180.5
9286.0
10058.0
4968.5
10270.5
13051.0
9972.5
14175.5
12273.5
2664.5
10525.5
10940.0
12187.5
9650.5
7844.0
11859.0
13309.5
10317.5
4288.0
9661.0
8043.0
11015.5
10683.5
10976.0
12854.5
8957.5
11007.5
12401.0
12935.0
11550.5
10214.0
6515.0
12352.5
13626.0
8426.5
11037.5
10504.5
11106.5
12379.0
11076.5
10566.5
11403.0
11137.5
10830.0
11072.5
7470.0
13285.0
11698.5
5478.0
0
5812.0
13134.5
10489.0
12135.5
11043.0
1121.0
10121.5
12294.5
3121.0
12007.0
4257.5
11275.0
14230.5
12119.0
12407.0
1512.0
12382.5
10137.5
10606.5
9636.0
11489.5
4172.0
10248.5
13945.5
8859.5
9311.0
11198.0
9297.0
14394.5
12969.5
13270.0
11905.5
12078.5
11611.5
7183.5
7242.5
10887.0
11071.5
10959.0
3201.5
11395.5
12714.0
7305.5
13872.0
5190.5
10130.5
2004.5
11827.5
11891.5
10667.0
10890.0
10378.5
11919.0
4796.0
12442.5
13226.0
10647.5
11824.0
13661.5
12764.0
14093.5
13242.0
12962.5
13511.5
11246.0
13997.5
13346.5
13826.0
14437.5
11568.0
8382.0
10082.5
11177.0
12003.0
5316.5
12277.0
11459.0
8334.0
9652.0
8539.5
9923.0
11658.5
11050.0
10165.0
10350.0
10513.5
12848.5
12782.0
12816.5
12292.0
12766.5
8423.0
7455.0
11553.5
13186.5
14206.0
5067.5
11627.5
12388.0
841.0
11297.0
6909.0
10926.0
14046.5
11372.5
11504.5
13981.5
10516.0
12158.5
14298.5
10096.0
10074.5
10183.5
12846.5
12922.5
11185.0
5101.0
11128.0
9718.5
13210.0
7640.5
12296.5
14003.0
13506.5
12615.0
14824.5
12720.5
13778.0
11521.5
7692.5
13657.5
10601.0
12164.0
11958.5
5252.5
10538.0
12530.0
11447.5
12175.5
11884.5
11175.0
15332.5
2790.0
14404.5
11598.0
11829.5
13752.5
11841.0
8623.0
12993.5
14793.5
11582.5
8676.5
12890.0
13383.5
12954.5
11609.0
10842.5
10908.5
10645.0
13730.5
11368.5
13183.5
10636.0
11039.0
10534.5
12068.0
13474.0
13650.0
10166.5
13221.5
13110.5
12794.5
11172.0
10892.5
14436.0
12605.0
12896.0
8899.0
11879.5
11923.5
13068.0
11001.5
13047.5
13562.0
13068.5
13840.5
11889.0
11000.5
3782.0
2989.0
12777.5
6114.5
7506.5
9551.0
12350.0
13069.5
7694.5
8610.0
11024.5
11970.0
11561.0
13340.5
10076.0
11103.5
10022.0
6324.5
5541.0
10130.0
15242.5
15295.0
15186.0
10951.5
11875.0
12864.0
1056.0

11508.0
7652.5
13806.0
13830.5
13365.0
10986.0
13623.0
11292.5
10091.0
10133.5
12298.5
10061.5
5169.5
10932.5
12319.5
10089.5
13660.0
13844.5
14164.0
10666.0
1508.5
10222.5
13069.5
14403.5
3940.0
13552.5
13983.5
14086.0
5836.0
12300.0
5477.0
10878.5
8866.0
14029.0
13626.5
13123.0
12167.0
4937.0
13067.0
637.0
13684.0
11935.5
14413.5
10499.0
13669.5
12332.0
11893.0
10605.5
10526.5
10229.0
13374.5
1944.0
7724.0
12942.5
11389.0
5151.0
13656.5
11033.5
12869.0
13893.0
10070.0
11859.0
12491.5
12312.5
12478.5
12151.0
10551.5
5858.5
13795.5
10814.5
7107.0
12863.5
14213.5
12499.5
12116.0
11758.5
13379.0
12793.5
12655.0
10075.0
2497.0
11558.5
13537.0
12878.5
10522.5
11413.5
13512.5
11546.5
7089.5
8137.0
14189.0
14106.5
10251.0
0
11146.0
13894.5
14420.0
5167.5
13139.0
4505.5
15269.0
2160.0
13041.5
13619.0
11096.5
13043.5
13272.5
10858.5
1512.0
12821.0
13653.0
10946.5
5897.5
14374.5
12461.0
13460.5
8644.0
13568.5
13140.0
14857.5
10375.5
13655.0
13356.5
12940.5
14746.5
9571.0
14068.0
13679.0
11683.0
14655.0
10426.5
3139.0
13382.0
13305.5
11251.5
13292.0
12677.5
12202.0
6617.0
13406.0
68.0
6425.0
9152.5
12727.5
11770.5
11561.5
13131.0
14058.0
13363.5
10503.5
10401.0
7957.5
13019.5
13716.0
11675.0
10514.5
12493.5
11537.0
13654.5
12872.5
8584.0
10241.0
4708.0
11148.0
13099.0
10747.0
0
7202.0
10505.0
3418.5
8946.0
12038.0
7502.5
4557.0
13641.0
12849.0
11015.5
12514.0
14085.5
16418.0
10959.0
7634.0
11776.0
14026.5
7226.5
13367.0
4317.5
13367.5
0
7273.0
3827.0
14308.0
12028.5
10510.5
13319.0
13380.5
13761.0
13880.5
8175.0
11456.0
7585.0
12275.5
14744.5
13231.0
11322.5
13581.0
13265.5
13607.5
13847.0
11904.0
6049.0
12703.5
0
10993.5
12884.0
8915.0
11420.5
11502.5
11594.5
12336.5
13298.5
12841.5
6237.5
13218.5
8602.0
11783.5
12184.5
12490.5
13192.5
14113.5
11901.5
4154.5
8470.0
4878.5
12602.0
13179.5
14098.0
13170.0
4685.0
12852.0
4214.5
12910.0
10868.0
10977.5
11876.5
6115.5
0
6315.0
13513.0
10096.0
10561.0
12853.0
10183.0
5535.5
9182.5
0
13260.0
0
13873.0
14580.0
11621.5
13137.0
13126.5
13557.0
13981.5
13467.5
5728.0
12424.0
13434.0
10520.5
12602.5
13127.0
10592.5
13159.0
12345.0
12784.0
13780.0
12209.5
11012.5
13205.0
10136.0
12203.0
13779.0
401.0
13575.0
15165.0
10454.5
7615.0
12037.0
15037.0
10684.5
11966.0
11767.0
13768.0
438.5
10387.5
14503.0
13128.0
13436.0
7288.0
11846.5
11177.5
11128.0
2571.5
15251.5
14695.5
14002.5
15169.0
13816.5
11180.0
13832.5
10176.5
8622.5
138.0
10790.0
12117.0
10993.5
3320.5
11670.5
11867.5
7650.5
14279.5
13468.0
8239.5
5652.5
8523.5
8380.0
10105.5
10044.5
12789.5
8812.0
13746.0
13368.5
12883.0
10202.0
13751.5
12587.0
11948.0
11913.0
15075.0
12448.5
5943.0
12621.5
13083.0
10511.0
1428.0
3446.0
13666.5
13683.0
12423.5
14520.5
12345.0
10758.5
13985.0
12577.5
12945.0
13537.0
13821.0
11642.0
12847.5
12555.0
13491.0
11002.5
419.5
14521.5
13574.5
12520.5
15632.5
13314.5
12991.0
9137.0
13918.5
12959.5
13585.0
12773.0
13409.0
12731.5
13021.0
11840.0
10286.0
12873.0
14830.5
13835.5
12916.0
14719.5
11870.0
4648.0
0
12974.5
1601.0
3442.0
11290.0
13787.0
13634.0
12200.0
12765.5
11004.5
13081.5
13507.0
10042.0
4185.0
10760.0
5646.5
9099.0
10580.5
10503.5
12817.5
12327.5
8179.5
6902.0
11545.5
10642.0
10130.5
14623.0
11111.5
14325.5
11014.0
10131.0
6978.0
12952.0
3463.5
0
6330.0
12819.5
10343.5
11711.0
11346.5
2063.5
14702.5
13443.5
10542.5
14164.0
0
6092.0
11709.0
13784.0
6832.0
13707.0
10543.5
8786.5
10533.0
13277.5
11188.0
13554.0
0
11649.0
11971.0
1447.5
0
13298.0
9888.5
13487.5
13308.0
6016.0
13240.0
13012.0
14624.0
11099.0
12252.0
9454.5
13400.0
10673.0
11223.0
3757.0
13741.0
15700.5
12067.0
3724.0
15981.5
6005.0
5958.0
10330.5
10231.5
12005.5
12939.0
13399.5
13411.0
10216.0
10319.5
12340.5
13418.0
13643.5
12826.0
12485.0
14429.0
12789.5
5511.0
11163.0
11391.5
12052.5
12659.5
11829.0
10833.0
9388.5
13617.0
12976.5
10581.5
10120.0
4750.5
13247.0
12949.0
7909.0
10114.5
4922.5
11274.0
13816.0
11000.5
13052.5
8369.5
10320.5
10060.5
8300.5
8166.5
9493.0
13843.0
16299.5
3963.5
13549.0
10119.5
5543.5
13717.0
14427.5
6569.0
13736.5
13709.0
12407.0
1109.5
5478.5
8345.5
5631.5
11075.0
7117.0
13375.5
10679.5
5699.5
11856.0
10543.5
12786.0
812.0
14642.5
10901.0
418.5
5568.5
8614.5
4314.5
5996.0
13777.0
13537.0
6472.5
13383.0
11371.5
10994.5
14633.0
11481.0
13440.5
6597.0
6979.5
13384.5
12574.0
11908.0
5595.0
2232.0
14106.5
13334.0
4191.0
13291.5
12479.5
10874.5
5961.5
8927.0
5090.0
10554.5
12158.0
15297.0
1899.0
12868.5
5262.5
10769.5
13473.5
2006.5
11048.5
13408.5
10684.5
3315.5
11860.5
8854.0
15846.0
13905.0
13137.5
700.0
15959.5
13039.5
13025.0
11014.5
5060.5
14239.0
4436.5
13445.5
14238.5
4973.0
3300.0
12885.0
11450.0
12045.0
12234.0
13116.5
12487.5
13488.0
10331.0
4449.0
13808.0
5813.5
11230.5
10066.0
6286.5
12121.0
13098.0
10528.0
10305.5
13358.0
5370.5
10553.0
10078.5
6032.0
14463.0
10424.0
12724.5
10146.5
14068.0
11032.0
11607.5
11381.0
8080.5
11087.5
12259.5
7898.0
9565.5
12872.0
12262.5
14801.0
12955.5
11536.0
11232.0
13670.0
6001.5
5006.0
11421.5
1439.0
10083.0
14210.5
3433.5
5097.0
12448.5
10148.0
2110.0
9776.0
12818.5
10502.5
10665.0
13730.5
13379.0
11162.0
10735.0
2295.0
3409.0
10262.5
7380.0
10252.5
7510.5
11567.5
13730.0
12844.0
12283.0
9633.5
12537.5
11665.5
12463.0
10107.5
13006.5
13052.0
11406.0
13037.0
13383.5
13717.5
6550.0
15445.5
12907.0
14475.5
13064.5
13550.0
6983.0
12961.5
11158.0
14991.0
11576.0
13285.0
13036.0
13086.5
12349.5
12071.0
15692.5
4133.5
14148.5
15575.0
12344.5
2057.0
13197.5
13694.0
13318.5
10990.0
1718.0
13088.0
13756.0
7921.5
9983.5
11688.5
7194.0
12749.0
10131.0
10497.0
4278.0
13515.5
13918.5
10618.5
12704.0
13395.5
11594.5
10219.0
10593.0
6451.5
12361.5
13412.0
11378.0
14020.0
10402.5
5707.5
9445.5
13312.0
0
12353.5
11571.0
7707.5
13238.0
11804.5
0
13924.0
10273.0
2667.5
11018.0
10129.5
10163.5
12664.0
9202.5
7869.5
1930.0
8655.5
10177.5
10266.5
10893.0
6925.5
13887.5
0
12441.5
3906.0
7960.0
0
12836.5
9691.5
0
13311.5
10308.0
12724.0
4942.0
14351.5
7233.0
12938.0
11539.0
4804.0
11881.0
10166.5
12423.0
14682.5
12557.0
11925.5
0
8839.5
12799.5
879.5
13240.0
12018.5
11012.0
13778.5
11256.5
11535.5
12656.0
13192.5
11199.5
13392.0
14654.0
12336.5
12854.0
14322.5
13491.0
10123.5
11195.5
11071.5
13485.0
10626.5
68.0
10062.5
13741.0
11133.5
12596.5
11976.5
15221.0
7693.5
12111.0
5162.5
10338.5
12156.5
6931.5
5014.0
4800.5
10523.0
14377.5
10367.5
6419.0
11915.0
10230.0
10044.0
13513.0
13309.5
14083.5
14798.5
14026.5
12933.0
10944.0
7686.0
15439.5
13604.0
12094.5
11847.5
7474.5
12379.5
12824.0
14164.5
13114.5
13515.5
10818.5
10961.5
11594.5
13091.0
15003.0
12066.5
10352.5
13400.5
12917.5
12852.0
12996.5
13911.0
11144.0
10486.0
13509.5
13831.5
11257.5
8061.5
12619.5
13807.0
14042.0
13266.0
14804.0
0
14658.5
14169.5
11839.5
13358.5
11815.0
15105.5
4824.0
9649.0
13506.0
14605.5
0
13260.5
0
13461.5
14933.5
6472.0
11593.0
13864.5
13338.5
10879.0
11481.5
14550.5
13071.5
12972.5
11448.0
13394.0
13570.5
10651.0
13372.0
14234.0
14250.5
12947.0
13864.5
12158.5
12895.0
13116.0
10970.0
13047.0
5745.0
11527.5
11847.0
0
12785.0
0
12293.5
14304.0
0
5338.5
11320.0
8957.5
3974.0
3940.0
10209.0
13098.0
13827.0
0
8582.5
13257.5
13083.0
13467.0
16515.5
15473.0
13598.0
10049.0
14201.5
11032.0
6795.5
13368.5
12910.5
12768.5
4126.0
8744.0
13396.0
11727.0
12863.5
11926.5
12862.5
13760.5
15503.5
12823.0
8588.5
5442.5
13746.5
13745.5
0
9579.0
14201.0
10726.5
10490.5
13636.5
12577.0
10607.0
10044.5
12859.0
9223.0
14593.5
1122.0
12570.5
5014.0
12775.0
13693.0
13078.5
13196.0
8029.0
6085.0
8106.0
3045.0
9067.0
11638.0
13544.0
0
13743.5
3251.5
11265.5
13530.5
12979.5
11174.5
12425.5
300.5
14202.0
13404.5
14272.0
12725.5
11570.0
11443.5
0
9725.0
14663.5
13161.0
12010.5
11070.5
14218.0
6129.0
11826.0
13936.0
14459.5
13030.0
14001.5
12635.0
13699.5
13205.0
14383.5
12528.0
12125.0
9607.5
7640.5
10294.0
4795.0
15586.5
12848.5
15191.5
14043.0
13695.5
12903.5
7299.5
14478.5
10697.5
12852.0
7409.5
11916.0
9189.5
13521.0
13850.0
10368.5
5579.0
9083.0
13758.5
6660.0
11489.5
13076.0
13098.0
3810.0
11888.0
7061.5
14251.5
13671.5
13438.5
10884.5
12773.5
11961.5
13121.0
0
10472.0
2867.0
6999.0
3124.0
10831.0
11186.0
14472.0
10154.0
10094.0
7166.0
11262.0
12737.5
10485.0
12655.0
10595.0
12113.5
9720.0
7403.5
10122.5
14322.5
10975.5
14358.5
10148.0
14626.0
6802.5
5137.0
12995.5
12541.0
12161.0
14672.0
11483.5
7203.5
14146.5
11429.0
15968.5
10188.0
14382.0
10567.0
0
12135.5
7484.0
12847.5
12039.0
10737.0
14655.5
14490.5
14110.5
13736.5
13448.5
12015.0
0
8879.5
9143.0
13771.0
10201.5
10742.0
10134.0
14776.5
15323.0
13088.5
14027.0
12081.0
12127.5
11961.5
10064.0
3181.0
7654.5
11513.5
12679.0
14248.0
11096.0
13688.0
12180.5
12403.5
10115.5
10582.5
11426.5
15395.0
3943.5
12134.5
12034.0
5152.5
12932.5
12044.5
12129.5
12012.5
11967.0
0
5499.5
11337.0
9471.5
14000.5
13843.0
13242.0
11436.5
7215.0
13616.0
14949.0
5442.5
12029.0
10695.5
0
12927.0
2400.0
13122.0
7120.5
14174.0
12025.0
0
10229.0
11018.0
0
12627.0
10788.0
4472.5
13936.0
12044.0
14245.5
12074.5
13440.0
13447.5
10318.5
14603.0
13633.5
5716.5
12768.5
13150.0
11986.0
13443.5
0
13247.0
13717.5
10809.5
11430.5
10202.0
10880.0
12940.5
13790.5
14494.0
14345.0
13272.5
10061.0
10989.5
12180.0
13976.5
6109.5
12588.5
11691.0
11660.0
2385.0
13447.0
13562.5
12800.5
12799.5
7855.5
13667.5
12916.5
9601.0
3823.0
10934.5
13387.0
15587.5
14493.0
12655.5
13780.0
11330.0
9045.0
6309.0
10130.5
15034.5
13101.0
14830.5
12829.5
14819.0
478.0
13742.5
14229.5
13844.5
738.5
14106.0
5482.0

10079.0
15633.5
4288.5
0
0
14240.0
14524.0
13430.0
13192.0
13278.5
4867.0
0
2371.5
13539.5
13935.5
14287.5
10255.0
10851.0
13925.0
9718.0
8645.5
3239.0
11908.0
12790.5
13058.5
12753.0
14327.5
2679.5
12300.5
13282.5
13739.5
1188.5
1512.5
11813.0
12831.5
10113.0
11163.5
12765.5
14416.5
13537.0
6559.0
12901.5
2128.0
14212.0
12860.5
11977.5
4064.5
13711.5
12901.0
15205.5
11637.5
10377.0
2765.5
15762.0
13467.0
11117.0
7621.5
16313.0
16673.5
12130.0
12578.5
13412.5
438.5
14835.5
12510.0
14417.5
12469.0
12492.0
15123.0
13500.5
14804.0
12780.5
10313.0
8267.5
11552.5
12025.5
13915.0
13347.5
6667.5
8749.0
3566.5
826.5
13254.5
8458.0
3672.5
13272.0
15112.5
1420.0
14079.0
7519.0
12071.0
13562.0
6053.0
13695.5
6671.0
11631.5
0
16225.0
13669.5
10649.0
10242.5
11069.5
13053.5
11350.5
0
0
14156.5
2204.5
11160.0
15615.5
12637.0
11297.0
13216.5
790.0
14608.0
10112.5
10595.0
11588.5
13930.0
6376.0
10107.0
14173.0
13876.5
13538.5
12120.5
12419.5
6278.0
3063.5
12982.5
9662.5
2011.5
15217.0
11582.0
11616.5
10324.0
6433.0
10171.5
11878.5
348.5

14251.0
12565.5
11111.5
13854.5
13538.5
10125.0
14753.0
12453.5
6706.5
10423.0
10280.5
11367.0
10320.5
8064.5
13882.5
14647.5
13690.0
12891.5
11906.5
7016.5
14272.5
13195.0
8731.0
6242.5
11855.5
10566.0
11497.0
12831.0
10493.5
11902.5
7321.5
12588.0
12345.5
11351.0
13035.5
14898.5
14962.0
13421.5
5470.0
13324.0
14585.5
12348.0
14302.5
13485.0
12458.0
1535.5
12776.0
14124.5
12346.5
14049.0
11918.5
11410.0
12912.0
6618.5
12900.5
12728.0
11262.0
2676.5
9571.0
13130.0
10658.5
13402.5
9718.0
9634.5
13104.5
11769.0
13519.0
11372.0
13744.5
9613.0
12369.0
9586.5
6513.5
12189.5
8892.0
11673.0
11385.5
11314.0
10520.5
13559.0
12988.0
12997.0
13454.5
10102.0
9038.0
12887.0
12953.5
10319.5
10797.0
5640.5
12291.5
11540.0
12911.0
13574.0
5877.5
8597.0
10810.0
12431.5
8585.5
13600.0
13069.5
13313.0
11071.0
11101.5
12952.5
10708.5
11145.0
13960.5
12986.5
7035.5
2124.5
12760.0
11563.0
12611.5
0
10225.5
14912.0
68.0
13055.5
10624.5
10094.0
6121.0
7496.5
2023.5
13221.5
7910.0
14355.5
12774.5
10358.5
8730.0
9115.0
11984.5
12017.0
10777.5
11044.0
11303.5
0
13321.0
15451.0
10119.0
14534.0
777.5
10958.0
10643.0
126.5
10287.5
12843.5
6837.5
12913.0
5289.5
10160.5
8867.5
9297.0
13573.5
6634.5
10338.0
10703.0
11085.0
10338.0
13888.0
14292.0
10991.5
13401.0
11869.5
8942.5
11101.5
12653.0
9643.5
11885.0
8174.0
11042.0
3045.5
12042.5
13112.0
6042.0
11822.5
2794.0
10478.0
12397.0
1295.0
9600.0
5781.5
11849.5
10078.0
11003.5
13529.0
0
12575.5
11111.0
13723.0
10217.5
10511.5
6936.0
10092.0
7806.5
14788.0
0
12769.0
11170.5
300.5
12495.5
9101.0
12812.5
10755.5
13205.5
3842.5
12499.5
13556.0
6063.5
14893.0
13326.0
6413.0
13075.5
13584.5
13627.0
13002.0
15189.5
11027.0
12789.0
14039.5
6594.0
6618.5
13512.5
13476.0
11363.5
126.5
12419.5
0
13280.5
11932.0
10801.0
13159.5
11124.0
10810.0
13284.0
11907.0
11166.0
14177.5
14077.5
14147.5
11450.5
11025.0
13842.0
10715.5
5837.5
12235.5
11230.0
9785.5
7978.0
12963.5
13854.0
13321.0
10761.5
7510.0
1378.5
11152.5
13799.5
13891.5
13568.0
11057.0
10681.0
11578.0
13673.5
11835.0
13863.0
9525.5
12358.0
12876.0
12041.5
12326.0
14438.0
13809.5
15913.0
11704.0
5524.0
13786.0
13411.0
13020.0
14133.0
11396.0
13995.5
10111.0
15353.5
14544.0
13933.5
6038.0
6893.5
15304.0
11310.0
6318.0
14294.5
1993.5
13799.0
11740.5
10762.5
10821.5
11672.5
1247.0
9458.0
10919.5
12841.0
14192.0
7577.0
10222.0
13033.0
6437.0
5456.0
13076.0
12904.5
10965.5
15076.5
3877.0
5142.5
9804.5
11046.0
11890.5
11184.0
13057.5
8256.5
14038.0
12977.0
14462.0
11717.0
8558.0
12469.5
13414.0
13447.0
13635.0
12219.5
12876.0
14328.0
12295.0
8887.5
14582.0
13931.0
10808.5
9953.5
11015.0
13687.5
13134.0
13338.5
12869.0
12638.5
6064.5
13280.0
12893.5
13257.0
14638.0
14043.5
14206.5
7824.0
13263.0
9631.0
14328.0
14580.0
11409.5
12728.0
13849.0
771.0
13338.0
11055.5
13407.5
14097.5
14984.0
12773.0
13897.0
11924.0
14880.5
13599.5
11379.5
11479.5
12745.5
12781.0
12524.5
10573.5
14802.5
13802.0
10239.5
16633.5
10362.0
13347.0
2758.5
10357.5
11733.0
12169.5
15478.0
13161.5
10985.0
11976.5
14634.0
13532.0
12177.5
12869.0
9137.0

10173.0
11181.0
10943.0
11173.0
12061.5
9020.0
11063.0
13302.5
9807.0
13016.0
12871.0
11075.0
15416.5
14542.0
13893.0
8838.0
13284.5
13673.0
12829.5
6816.0
13905.5
12732.5
10802.0
5770.5
12999.0
10687.5
15539.0
13823.0
11155.0
14448.0
13389.5
14576.5
11628.0
3117.0
12375.0
13791.5
12881.0
7890.5
12385.0
14074.5
10243.0
8205.0
4597.5
633.5
13124.0
10641.0
14698.5
10090.5
11886.0
9600.0
13580.5
13368.0
10549.0
13604.0
14285.5
13001.5
13312.0
12397.0
9183.0
14432.5
11582.5
13519.0
9137.5
10685.0
11158.0
13443.0
15267.0
12917.5
11655.5
12248.0
13366.5
12520.5
13771.5
11063.0
11926.0
12828.0
11728.5
10706.0
15671.5
10679.5
10723.5
15698.0
10278.0
12899.5
9671.0
13193.5
9678.5
12695.0
12801.0
14436.5
14259.5
14591.0
12023.0
13814.0
6841.5
8609.5
8840.5
11406.0
9796.0
0
1744.0
11648.0
14706.0
875.0
10277.5
1782.0
8068.5
12977.0
11528.0
12235.5
13016.0
13714.5
12626.5
13476.5
9731.0
8000.0
12552.0
13230.5
4928.5
11122.5
13499.0
10423.0
1850.5
365.5
9666.0
11849.5
13481.0
1129.0
12764.0
13916.5
11062.5
13119.0
14022.0
11252.0
14245.5
11587.5
10653.0
13691.0
489.5
12352.0
2289.0
10260.5
10158.5
11238.0
11920.5
11421.5
894.5
12909.0
4983.5
13034.0
10666.0
9115.0
9017.5
11479.5
9596.0
13153.0
12722.0
10138.5
419.5
11077.5
478.0
13132.5
14228.0
12083.5
13249.0
14685.5
8695.0
12036.5
2967.5
11497.0
1313.5
13936.0
8525.5
11570.5
12955.0
10143.0
1684.5
5540.5
12886.5
13372.5
68.0
126.5
10971.0
13702.0
11865.5
10948.0
13961.5
2751.5
10298.5
13015.0
14082.0
13817.0
11996.5
6874.5
13138.5
5366.0
12044.5
11608.5
1160.5
13096.5
11158.5
13992.0
13851.5
5791.5
11047.5
8880.0
13584.5
2184.0
3430.0
14875.0
11876.5
10169.0
14109.5
9442.5
10533.0
13123.5
13169.5
4615.5
13746.0
15191.5
13072.0
12557.5
9732.5
12489.5
12630.5
1971.5
13000.0
5614.5
8024.5
9873.0
0
13816.0
6927.5
14304.5
13323.0
14006.0
12687.5
13373.0
10214.5
13937.5
5810.0
10604.0
10113.0
13276.5
11485.5
7617.0
11821.5
11953.0
13275.5
9511.5
10045.0
12961.0
14985.5
12809.0
13692.0
2760.5
13832.5
14407.0
12171.0
7273.5
14327.5
14080.5
13758.0
7806.5
13062.0
8169.0
11681.5
10983.0
300.5
14560.5
12646.0
11120.0
14232.0
11179.0
15164.5
6461.0
13135.5
12443.0
14309.0
11979.0
12975.5
13043.5
8657.5
10173.5
7224.0
13234.5
10459.5
8286.0
15407.5
14029.5
12960.0
12219.5
13767.5
12959.0
13176.0
126.5
12397.0
12617.0
10537.0
10830.5
11969.0
9466.5
12567.0
14014.0
13434.0
11400.0
12932.0
11506.5
13045.0
10525.5
12116.0
0
6311.0
14824.0
12377.5
12377.0
13966.5
12511.0
12806.0
14693.0
11024.0
12362.0
13505.5
13123.5
14555.5
11373.5
14081.0
11897.0
13038.0
9294.5
12448.0
6982.5
13920.0
8354.0
12857.5
13682.0
10532.0
0
12991.0
10530.5
12736.5
13680.0
10227.0
2240.5
13945.5
11487.5
6169.0
9091.0
12819.0
13396.0
13371.0
12637.5
12367.5
12194.5
365.5
13294.5
13258.5
10954.0
12653.5
11667.0
12449.0
12359.5
13416.0
13728.5
0
12903.0
10559.5
10995.5
13103.0
13165.0
10166.5
14629.0
12988.0
13783.5
13019.0
13169.5
13733.0
14426.0
13386.5
10081.0
10079.5
10300.0
13474.5
10136.5
15129.5
6250.0
13426.5
10041.5
11500.5
11816.0
13675.0
13087.5
13327.0
9523.0
0
8408.0
14136.0
13933.5
14011.5
12683.5
10659.0
13398.0
11010.5
13211.0
15145.0
9112.5
13367.5
13787.5
13352.5
13577.5
14100.5
10079.0
14870.0
11398.0
13286.5
16488.5
13974.0
12397.0
10732.0
11034.0
6628.0
6220.5
13403.5
14576.0
12693.5
13424.0
12318.0
13558.0
12754.5
12974.0
1856.5
0
10288.0
10098.0
13030.5
12954.5
3687.0
13071.5
9360.5
0
12993.0
6419.0
12966.5
13113.5
13205.5
14746.0
12751.5
717.0
10098.5
12869.0
13072.5
11465.0
9763.5
14525.0
14091.0
10384.0
14723.5
1966.5
12895.5
4058.0
13856.5
13254.0
12824.5
12157.0
11077.5
13855.5
13690.0
10507.0
13493.0
13447.0
12997.5
10577.0
12835.5
1123.0
0
2484.0
11028.0
13406.0
10985.5
13194.5
11092.0
1212.0
10596.5
11586.0
11324.5
7077.0
12591.5
7754.0
13478.0
12938.0
11149.0
13545.5
12749.5
7662.5
13498.0
12784.0
0
11410.5
1200.0
13678.5
14341.0
0
11954.0
13753.0
12198.5
9895.5
7932.5
13244.0
10506.0
11488.0
11025.5
14704.0
14081.0
15133.0
10203.0
12666.5
11532.5
9628.0
14797.5
10302.0
11176.0
12765.0
13322.5
12477.0
13728.0
12804.0
11348.5
13009.5
12679.5
13046.0
14522.0
5839.5
12956.5
14467.5
8206.0
7417.5
11015.5
13076.0
14439.5
12416.0
10482.5
14139.5
13854.0
12601.5
13253.0
13071.5
11622.5
13365.5
6476.0
14007.5
1122.5
1552.0
11672.5
13286.0
13264.0
11889.5
14232.0
13087.5
11726.0
12666.0
13965.0
13036.5
12844.0
13946.5
13383.0
10359.0
11542.5
11773.0
13951.5
13377.5
12371.0
6911.0
15789.5
13665.5
13134.0
13347.5
9072.0
14133.0
10825.0
10342.0
8446.5
14474.5
12961.0
11255.0
12378.5
11381.0
12796.5
11473.5
13273.5
12254.0
12132.0
14392.0
126.5
4081.0
13847.0
9487.0
11623.0
11398.0
13229.0
12773.5
13287.5
13249.5
9383.0
12048.0
11551.0
11417.5
10740.5
8845.5
15016.0
10945.5
12974.0
13531.0
12924.0
0
8204.5
11631.0
0
14152.5
12938.0
14224.5
6379.0
6181.5
13461.5
12474.5
12961.0
12802.0
13928.5
841.0
11892.0
10496.0
10132.0
13115.5
13468.5
10409.5
10442.0
12313.5
9634.5
11470.5
8151.0
13552.5
3059.5
11959.5
11734.5
11603.5
5472.5
12643.5
11814.5
10545.5
11771.5
13140.0
13815.5
11195.0
14714.5
12287.5
9422.0
13512.0
12335.0
12291.0
10114.0
4356.0
13813.0
13015.5
14180.5
14602.0
7938.0
10114.0
13202.0
10484.5
11994.5
12404.0
14656.0
12889.0
10781.0
13818.5
13512.0
11618.0
12516.0
11460.5
13920.0
12226.5
14924.5
10073.5
13318.0
12097.5
5336.5
9119.5
13892.0
12974.5
12787.5
10210.0
12452.5
10112.0
4864.0
12344.0
11437.5
11574.0
11855.5
13023.5
10330.0
11357.0
11394.5
13425.5
438.5
11425.5
6610.5
12808.5
10619.0
9297.0
12672.5
11794.5
11674.0
9986.0
11452.5
11036.5
10369.5
1993.0
8433.0
10965.5
8165.0
13082.0
11471.0
10832.0
13144.5
10550.5
12953.0
10596.0
12927.0
14838.5
6772.0
10782.5
10532.0
10583.0
11047.5
9359.0
13257.5
12735.0
11075.0
10117.5
10534.0
11936.0
13414.0
12872.5
10671.5
13694.5
10433.0
6169.5
14655.0
13236.0
11645.5
13264.0
12133.5
14129.0
10593.0
13726.5
11564.5
12693.0
12934.5
13500.5
13061.5
13455.5
13101.5
11045.5
13142.0
11744.5
10937.5
10162.5
11674.5
9694.5
10678.5
14085.0
13470.5
12985.0
12058.5
12439.0
9049.0
13309.0
6251.5
10076.0
8327.5
13806.0
4524.0
13147.5
6018.0
15135.5
14575.0
12140.5
11081.5
12577.5
13029.5
9583.0
10630.5
11345.5
11945.5
4941.5
10977.5
11602.5
10744.5
13754.0
9992.0
12322.0
1865.5
10117.5
10857.0
11093.5
4034.0
10364.0
8585.5
13511.5
13557.0
11017.5
10362.5
13322.0
10213.0
8651.0
11601.0
9757.5
10836.5
10207.0
11647.5
13104.5
2072.5
1014.5
13403.0
13797.0
11282.0
10221.0
11525.5
13408.0
12215.5
10110.0
13977.5
10067.5
12532.0
14278.5
14680.5
6092.0
7525.0
13363.5
13094.0
13141.5
14242.0
13250.5
11322.0
13364.5
9249.5
14155.0
14598.0
11003.0
13233.0
11212.0
12745.0
12923.5
11138.5
10144.0
14229.0
11608.5
419.5
11092.5
12491.0
12630.5
12410.5
13681.0
12000.5
2527.0
10345.5
12364.5
12793.5
12089.5
11232.5
11145.5
10584.5
6101.5
12687.0
934.5
10772.0
13820.5
3825.5
13540.5
13060.5
11612.5
12409.0
12764.5
13768.0
3042.5
11595.0
8447.0
419.5
15374.0
13659.5
0
68.0
11038.5
12551.5
11110.0
9361.5
2871.0
14290.0
1104.0
10584.5
6865.0
10655.0
13211.5
7681.5
775.5
12597.5
7422.0
5237.5
10410.5
13490.0
14551.0
11903.0
12933.5
10615.5
0
11446.0
10248.0
5586.0
0
12991.5
10508.0
12794.0
10577.5
11220.5
5740.5
12802.0
11415.5
10526.5
8019.5
10676.0
13167.5
14339.0
12532.5
12578.5
11246.5
7854.5
12690.5
3940.5
13750.5
1820.5
11554.5
4398.5
10992.5
9211.5
5643.5
12926.5
12740.0
11333.5
11099.5
13279.0
12903.5
11910.5
10590.5
13986.0
10081.5
13168.5
13075.0
10964.0
14075.0
13136.5
13563.5
12891.5
13356.5
11136.5
13576.5
12596.5
12856.0
11470.0
13490.0
13587.5
13343.0
13376.0
9805.5
14552.5
10832.5
6945.0
10481.5
12879.5
13194.0
12848.5
11289.0
10522.0
2009.5
13181.5
12828.5
1420.5
14488.0
12253.5
12405.5
10111.5
11601.0
5849.0
13006.0
6013.5
13111.0
13021.5
1517.0
9151.0
10269.5
10599.0
13146.5
11201.5
10403.0
10617.5
13699.5
13656.5
12268.0
13051.5
8020.0
12827.5
12758.5
12878.5
10662.5
10042.0
10161.5
13323.5
13349.0
10998.5
10937.0
10424.0
12832.5
11839.5
13564.5
11418.5
10237.5
13578.5
12413.5
14489.5
10117.0
11936.5
12988.0
13075.5
2102.5
416.5
11060.0
10118.0
10080.5
10170.0
10765.0
13306.5
13540.5
13754.5
12578.0
11908.0
11182.5
10185.0
12337.0
11937.5
14644.5
0
6060.5
10798.5
13191.0
7632.0
13217.0
12511.0
10698.5
11999.5
11466.0
12394.0
13676.5
10271.0
10844.0
8616.0
11587.0
13423.0
12940.0
401.0
10533.0
11724.5
11621.0
774.5
12923.0
9804.5
5560.5
7530.5
14531.0
13663.0
11620.0
9181.5
12190.0
11878.5
13028.0
11428.5
10463.5
10389.0
3002.0
8142.5
68.0
1227.0
14218.0
6922.0
13351.5
12784.5
10218.0
13029.5
13204.5
11804.5
9120.0
13557.0
13521.0
10224.5
7100.5
14192.5
5476.5
12345.0
14980.5
13559.0
11704.0
0
14779.0
10061.5
13111.0
12934.0
10330.5
13324.5
13244.5
12966.0
12873.5
10676.5
10157.0
7143.0
13513.5
2135.5
10522.0
13129.0
14019.5
12384.5
13397.5
11211.5
11113.0
12925.5
12866.5
10970.0
3319.0
13244.5
12997.0
10123.0
14115.0
11542.5
13800.5
2162.0
68.0
1806.5
8915.5
12129.0
10076.0
12797.0
11921.0
13672.5
11589.0
1054.5
11459.5
13005.5
2372.0
11076.5
12447.5
13801.0
10180.0
3134.5
12719.0
6143.5
5371.5
0
10198.5
9202.0
1012.5
12110.5
11605.5
8038.0
13472.5
13162.0
13253.0
10157.0
10476.0
13481.0
10672.5
14263.0
9588.0
13451.5
9896.0
13039.5
10109.0
13084.0
13954.5
13948.0
7133.5
13478.0
13238.0
11672.0
10576.0
0
12633.0
4237.5
6592.5
13844.0
7172.0
10094.0
9682.5
11640.5
10612.0
6981.0
10751.5
13149.0
13133.0
13033.0
13254.0
12079.5
10617.0
6408.5
11072.5
13072.0
12833.5
13376.0
13377.0
14960.5
11089.5
15016.0
11392.0
13134.0
10059.0
10065.0
10614.0
6478.0
13974.5
10268.5
13222.5
10860.5
12097.5
13078.0
12986.0
1013.5
13682.0
13579.0
2084.0
12282.0
13258.5
11059.5
10591.5
6971.0
13408.5
11522.0
13141.5
12995.0
13214.0
12144.5
7479.5
11722.5
1456.5
7140.5
13750.5
3928.0
10652.5
10718.5
10893.0
11477.5
12999.0
12969.0
10983.0
6621.0
11045.0
1870.0
13667.0
13396.0
10764.0
10400.5
13214.5
13074.0
11872.5
13311.5
10222.5
7882.5
9457.5
5707.0
12857.0
14967.5
6619.0
13765.5
7832.0
13884.5
7301.0
13334.0
13406.0
68.0
10321.0
10969.5
12826.0
10611.5
14384.0
13009.0
12605.0
8290.0
12577.5
10641.0
13353.5
11694.5
10518.0
13305.0
12303.0
10554.0
13015.0
13057.5
7509.5
13838.0
9593.0
10349.0
12843.5
11530.5
12908.5
11395.5
12485.0
12174.5
14215.5
13278.0
11759.0
12230.0
7303.0
2202.0
12980.5
12871.0
13224.5
13247.0
14009.5
5217.0
11587.5
12931.0
13418.5
11630.0
13133.0
12127.5
12994.5
11839.0
5729.0
14538.0
598.0
10779.5
10613.5
12580.0
6481.0
12428.5
12803.0
365.5
12917.5
12893.5
9949.0
12754.0
12668.0
10311.5
14890.5
11596.0
7664.5
12978.5
12975.5
6941.0
13266.5
12019.0
10562.0
11904.5
9519.5
13418.0
1692.5
14188.5
11400.0
7636.0
13856.0
11616.0
12635.0
12491.5
10534.5
11811.5
13741.5
10190.0
12051.0
12866.5
12329.0
12828.0
13257.0
13340.0
13085.0
12283.5
12951.0
9550.0
9244.5
9633.5
12117.5
12848.5
14129.5
2687.0
13772.0
12084.0
10663.0
11955.5
12429.0
13333.5
8698.5
11702.5
13369.5
12149.0
10993.0
13346.0
13816.0
13190.0
9712.5
14388.5
13218.5
10246.5
8511.0
10920.0
962.0
13083.0
10328.0
12861.5
13059.0
13680.0
11805.5
11273.0
13072.0
11174.0
12377.5
10490.0
13151.5
13774.0
9438.0
965.0
14102.5
11258.5
11643.5
8132.0
10337.5
10144.5
2262.0
14713.5
0
8139.0
13289.5
6123.0
11091.5
12423.0
13813.0
13112.5
365.5
13212.5
12852.5
10045.5
11348.5
13344.0
12824.5
5646.0
12958.5
11009.5
11882.5
12872.5
10412.5
10564.5
14291.5
12763.5
10707.0
11270.5
14271.0
10105.5
10562.0
471.0
11084.5
10879.5
9580.5
13012.5
2492.5
10134.0
10744.5
68.0
0
13323.0
14534.5
5839.5
13866.0
12508.5
12779.0
5617.0
11729.0
11094.0
10232.5
10282.0
7059.5
11908.5
1827.5
12149.0
10900.0
13293.0
10776.5
10720.5
10158.5
12774.0
7083.5
10170.5
13361.0
13978.0
11222.0
0
14211.0
13291.0
13396.0
12854.0
6694.5
10998.5
5889.5
10179.5
13727.0
12804.0
12981.5
13618.0
8787.0
12486.5
14066.5
13946.0
7711.5
9960.0
7664.0
14151.5
8140.5
13155.5
11999.5
12872.5
10732.0
12082.5
10431.0
10082.5
12953.5
10840.0
11634.0
8642.5
8352.0
12771.0
11580.5
13134.0
10271.0
11305.0
13514.5
11379.5
9072.5
3374.0
12588.0
10145.5
13414.5
6386.0
12105.5
12673.0
13098.0
12583.5
12428.5
13035.0
10145.5
10752.5
12862.0
0
68.0
13035.5
0
10499.0
14729.0
5211.5
4696.0
11164.0
11849.0
11654.0
10462.0
12897.0
9313.0
12801.0
12962.0
13623.0
10582.5
9708.0
10180.5
11708.0
6502.5
13211.0
13095.5
11436.0
10566.0
10959.0
8673.5
9007.0
11157.5
13322.5
9364.5
10527.5
10298.5
11559.5
13227.0
12994.0
13670.5
2909.0
68.0
11991.0
11624.0
10114.5
13182.5
4373.0
13028.5
126.5
13249.5
10118.5
10760.0
13010.0
13359.0
9182.0
14471.0
0
14533.5
11985.5
11510.5
14645.5
13849.0
13440.0
11437.0
11626.0
5922.5
13008.0
15005.0
13678.0
9905.5
13558.5
13900.5
0
11167.5
5317.5
11249.5
14155.5
7757.5
13415.0
12850.0
9565.0
13849.5
12353.5
13376.0
11567.0
3388.0
10684.0
13857.5
12613.0
5965.5
13289.5
12793.0
13284.5
14200.5
10658.5
12631.0
14056.0
8442.0
13054.0
13561.5
3391.5
8095.0
12929.0
12368.0
13541.0
13593.0
1238.5
10336.0
13546.5
11684.5
10120.0
13212.0
15266.5
13921.5
13280.5
12919.0
10989.5
13529.0
6143.0
11256.5
14460.5
12735.0
13663.0
12967.5
2911.0
11104.5
13094.5
4067.5
7861.0
12278.0
14179.0
0
13602.5
14893.0
11115.0
2710.5
10079.0
13500.0
15398.5
13365.0
10545.5
0
6337.0
0
9809.5
12452.5
12846.5
4425.0
13174.0
13128.5
0
12850.5
12627.5
13221.0
7367.0
7617.5
12796.0
0
11110.0
9363.0
10168.5
13097.5
13011.0
5029.5
13597.0
13401.5
10771.5
13247.5
11074.0
12790.0
0
13701.5
13524.0
13321.0
13660.5
12611.5
13235.0
11119.5
14070.5
13766.5
10178.5
11890.0
11504.5
12812.0
12866.5
11936.5
11657.0
8373.0
13055.0
811.0
12447.5
11622.0
9479.0
12240.0
12898.0
12192.0
10630.5
11955.5
13483.0
9068.0
12477.0
12862.5
12979.5
11076.5
10963.0
12938.5
12778.0
12536.5
2369.5
11935.0
15206.0
13027.5
13013.0
11941.0
12849.5
13471.0
13086.5
14113.0
11393.5
10049.0
11089.0
14777.0
14091.0
0
14468.0
12589.0
9514.5
0
5881.0
14308.5
6649.5
11146.5
10717.5
14358.5
15925.5
13858.0
12969.5
13099.5
13087.0
14565.5
13859.0
13261.5
13635.0
12920.0
10202.5
12846.5
6154.5
14238.0
5592.5
13779.5
13219.0
11051.5
12824.0
12930.5
13010.0
13696.0
13201.0
12889.0
13744.0
13440.0
13731.0
12041.5
11867.5
13840.0
12961.5
13105.0
12078.0
8499.5
13221.0
12387.0
13918.0
11946.0
6642.5
4982.0
13456.0
14518.5
10709.5
10613.0
13110.5
10502.0
12519.0
13222.5
7831.0
12315.0
14498.5
11230.0
12926.0
5609.5
12536.0
13338.0
13205.5
13255.0
13139.5
13568.5
12031.5
14039.5
13904.5
5560.0
11884.5
8170.0
11517.0
14179.0
8189.0
13404.0
12855.5
12297.5
12794.5
9142.5
9522.5
8884.5
13942.5
11293.0
14503.5
13975.0
0
11378.0
13850.0
8157.5
13515.0
13738.0
12923.5
12576.0
14336.0
13513.5
9297.0
10836.5
12921.0
14231.0
13566.0
0
5938.0
8857.0
11655.0
0
13293.0
11097.5
8150.5
6510.0
12367.5
15100.0
10727.0
13195.0
13227.5
0
6376.5
12067.5
13470.5
10727.0
14566.5
11667.0
11533.0
11871.0
12909.5
11510.0
10062.0
12904.0
3844.0
12960.0
6244.0
13088.0
12790.0
9421.5
13398.5
12503.5
13497.5
13134.0
14082.0
13409.5
15266.0
13058.0
10701.0
5087.0
13523.0
12590.5
12775.0
13027.5
13519.0
5201.0
6372.5
14223.5
11027.5
12602.5
13707.5
9829.0
12560.0
13487.5
12984.5
8274.5
14598.0
10524.0
12105.5
11838.0
14558.5
6744.0
0
13061.0
13332.0
15000.5
14414.5
10340.0
8743.5
13356.5
12919.5
10513.0
8170.0
12586.5
4480.5
12996.0
12619.5
7067.0
12832.0
14421.0
15753.5
12931.5
10510.0
8201.0
10339.0
14201.0
2495.5
13799.5
12867.0
12805.0
14121.0
8657.5
13584.5
13854.5
14148.5
13241.5
10154.5
14932.0
11358.5
8721.0
12630.0
14459.0
13140.5
10481.5
8592.5
7598.5
12887.0
14608.5
11899.5
13133.0
12847.0
8004.0
12490.0
14643.5
11470.0
14335.5
13201.5
15036.0
13159.5
14845.0
11935.0
11098.5
9447.0
10846.5
13085.0
1018.5
13467.5
12633.5
12901.0
12326.0
13739.5
10197.0
68.0
12917.5
13674.5
11603.5
6211.0
14198.0
8951.5
10518.0
12247.5
12632.5
13857.5
13154.0
3057.5
5639.0
13819.5
11193.5
0
14445.0
8686.0
5095.5
13731.0
10120.0
13715.5
13915.0
9010.5
7118.5
5704.5
12449.0
13481.0
5041.5
316.0
10283.5
1068.5
15199.0
7816.0
6738.5
12363.5
13844.0
1025.5
13844.0
14524.5
10418.0
14504.5
14015.0
344.0
12725.0
14583.5
12079.0
13196.0
15691.0
12890.5
11497.5
13612.0
919.0
12619.5
12455.0
11385.5
11316.5
10831.0
15264.5
13500.0
11889.0
8163.5
10794.0
10719.0
12419.5
5836.5
11908.0
12726.5
15911.0
12991.0
13366.0
10612.0
10963.5
13669.5
8164.0
13681.0
14382.0
14696.5
13174.0
4531.5
7524.5
11698.5
11234.0
12618.5
11438.0
10228.5
7735.5
10277.5
7485.0
8639.0
10080.0
9231.5
10658.0
10773.0
12637.5
13707.0
0
15759.5
13567.0
1784.0
13323.5
6668.0
7882.5
13812.5
2792.5
13269.5
5674.0
15874.5
12248.5
13135.5
13020.5
10583.5
11092.5
12551.5
4939.0
6659.0
8757.5
13053.0
11408.5
7011.0
13004.5
11258.5
13854.5
13658.5
10383.0
13621.0
12571.0
14005.0
12843.5
13337.0
3182.0
12362.5
15171.5
1142.0
14529.5
13916.0
10167.5
14880.5
14033.5
13484.0
13652.0
13658.5
13658.5
4143.0
14300.5
13935.5
13901.5
13747.5
8514.0
13190.0
12812.0
13601.0
12378.0
4010.5
12022.0
14177.0
2830.5
5947.5
15657.5
13323.0
6120.5
15250.0
13128.0
13006.0
14651.0
13313.0
13268.0
12281.0
12398.0
10488.5
12262.5
5108.0
13023.0
10597.0
9630.5
14034.0
13965.0
13107.5
12958.0
14356.5
12593.5
4237.5
10545.0
15408.5
8181.0
2151.0
11900.5
10894.5
12084.5
13586.0
11930.0
4505.0
14588.0
10945.5
5832.0
13637.5
6083.0
14139.5
10857.5
0
13167.5
11476.0
13052.0
12012.5
11615.0
14388.0
12926.5
8709.0
10293.0
12108.0
12870.0
13304.0
8890.5
12280.0
4136.0
10854.5
12947.5
15701.5
11446.5
11466.5
10203.0
10529.0
4469.5
2177.5
14023.0
5193.0
6769.0
13225.0
12987.0
14160.0
9144.5
9333.5
13931.0
13129.5
13990.5
10545.0
15264.0
14240.5
13439.5
13347.5
12767.0
13075.5
8440.0
3621.5
13005.0
13379.0
12737.0
14730.5
11999.0
15065.0
3690.5
3780.5
12486.5
4843.0
13400.0
13006.5
2172.0
1719.5
10173.0
2423.5
13635.0
14632.5
13194.0
13485.5
14222.5
14663.5
13703.5
14883.5
4522.0
9712.5
13329.0
6248.0
13554.0
0
12137.5
9871.0
12953.0
14326.0
13577.0
13630.0
12676.5
11425.0
13306.5
14430.5
5908.0
13337.0
14452.5
13278.0
11645.0
3744.0
0
12982.5
12974.0
13874.5
13906.0
3731.0
5551.5
2216.0
5686.5
126.5
13827.5
489.5
15135.0
13982.5
13119.0
13816.5
11716.0
2986.0
12732.0
6948.0
8383.5
14348.0
4755.5
9921.5
13956.0
5736.5
14302.5
13422.0
14147.0
10265.5
15083.5
12010.0
12866.5
14131.5
5406.0
13924.0
12348.5
14597.5
12840.0
4290.0
12987.5
11454.5
11683.5
9619.0
11371.0
14495.5
15080.0
6439.0
11670.0
13810.0
13255.5
14520.5
8323.5
6776.5
11413.5
14557.5
13687.5
13113.5
7786.5
4413.0
13647.0
10572.0
4386.0
14754.0
8552.5
126.5
3616.5
13224.0
8715.5
10950.5
8431.0
12339.5
7357.5
13897.0
14495.0
12310.5
11904.5
7869.5
13383.0
9905.0
10321.0
13887.5
0
13475.0
872.0
13026.5
7709.0
14660.0
13567.5
14691.0
8668.5
13915.0
10213.5
11138.5
13831.0
7678.0
12856.0
12521.0
9040.0
13523.5
2948.0
8539.0
11064.0
10477.0
10073.0
13903.0
11811.0
6619.0
13374.5
13383.0
2936.5
2906.5
13616.5
13344.0
9563.0
14318.5
10991.0
12894.5
3065.0
12821.0
1671.5
14446.0
13086.5
11087.5
9914.0
10942.0
11392.5
13593.0
14098.5
12807.5
14255.0
13489.5
10708.0
7007.0
10930.5
13800.5
13427.0
10348.5
5341.0
13935.0
13659.5
419.5
15312.0
4225.0
14268.5
12781.5
13387.5
14298.0
6498.0
1493.5
13293.5
14405.5
9738.0
3306.5
5019.5
14097.5
13393.0
12952.5
12890.0
11107.0
12530.5
13368.5
13442.0
2819.5
11112.5
11866.0
10512.0
14530.0
14454.0
11060.0
9853.0
13103.5
9644.0
14089.0
14296.0
13279.0
10844.5
5611.0
12610.5
10975.5
14294.0
8506.0
13457.0
14442.0
4699.0
13087.0
13535.5
10114.5
12066.5
11063.5
2181.0
2104.5
13516.5
11700.0
4321.5
13333.0
3196.0
14564.5
5097.5
14291.5
11529.0
9633.5
2297.0
12304.5
6123.5
11166.0
3570.5
12821.5
14067.0
14259.5
13500.5
14378.5
13324.5
11491.0
9298.0
11945.5
11212.0
7191.5
12513.0
11976.5
7253.5
12998.0
9957.5
11603.0
12810.0
3528.5
4262.0
11396.0
14299.0
10933.5
8127.0
13952.5
9158.5
11719.5
4203.5
11055.0
0
9837.5
7307.5
13004.5
0
0
14854.0
8215.0
13879.5
2441.0
12570.0
2477.0
11817.5
12843.0
12345.0
6778.5
10596.5
10134.0
12869.0
6168.0
12773.5
15040.5
4737.5
11471.0
10758.5
11691.0
13700.0
12973.5
13919.5
4212.5
1903.5
10731.0
9932.0
10939.5
15517.5
12917.5
11577.5
2690.5
6127.0
6718.5
10196.5
12784.5
11016.0
8059.5
5324.0
13408.5
13601.5
8028.5
7242.0
8799.5
13741.5
10587.0
14444.0
4930.0
11853.0
11489.5
14130.5
13800.0
13905.5
5243.0
14000.5
12649.0
12549.5
10816.0
5440.0
12814.0
12458.0
10095.0
13757.5
13076.5
15012.0
13921.5
11961.0
4409.5
12843.5
13404.5
10158.5
13763.0
13955.5
12518.5
14341.0
6943.0
10201.5
10048.0
12761.0
14721.5
3988.0
10345.0
12453.0
9683.5
10060.0
13275.5
12347.0
11033.5
13143.0
7554.0
12957.5
1638.0
7190.5
14599.0
13552.5
12288.5
13342.5
10407.5
14017.0
13150.0
8615.5
13131.5
11922.5
11741.5
14020.5
12878.0
13427.0
5668.0
13262.0
12604.5
10359.5
12994.0
8266.0
13292.5
12619.0
11473.0
10734.0
13687.0
11743.5
15325.5
13692.5
7419.5
10076.0
14793.0
10577.0
14074.0
14224.5
3788.5
13092.5
13244.5
12358.0
12728.0
10524.0
13034.5
12790.5
11426.5
12942.0
6942.0
8082.5
7915.0
15428.0
700.0
13730.0
11846.5
0
13988.5
10942.0
3687.0
10456.0
11571.0
68.0
13087.0
12466.0
6929.0
8039.5
13328.5
10972.0
13534.5
10661.0
7110.0
14729.0
13281.5
9236.0
13436.0
12920.0
7553.5
1286.0
11538.5
11445.0
9603.5
13329.5
13286.5
13095.5
12076.5
10809.0
14156.0
11888.5
13281.0
12779.0
6033.5
13574.0
14174.0
12883.0
6242.5
8346.0
13792.0
13702.5
13434.5
3742.0
1763.5
11434.5
13388.0
13071.0
13904.0
7994.5
13384.0
15671.5
1369.0
7460.5
1123.0
5345.0
7462.5
11525.5
12369.0
14539.0
12801.5
9315.0
3323.5
12977.0
10171.5
11460.5
13530.0
12789.5
8755.5
8424.0
126.5
8879.0
12845.5
2257.5
14321.5
4886.5
13223.0
10638.0
5032.5
13402.0
11123.0
13422.5
12313.0
1857.0
14182.0
14809.0
13281.0
11835.5
10264.0
13451.5
13006.5
12897.5
12661.5
12786.0
12785.5
10525.5
12964.0
13340.5
13489.5
13040.0
12122.0
9385.5
68.0
10067.5
13183.5
11998.5
11724.0
11406.0
11049.5
10317.5
10692.5
12461.5
14797.5
6174.5
12903.5
13522.0
10660.5
8885.5
12599.0
9011.5
13445.0
12244.5
11414.5
0
13197.0
13148.5
14046.0
13381.0
13990.0
13235.0
11552.5
13472.5
12257.5
8486.0
7414.5
13898.5
11314.0
10958.5
13263.5
10154.0
9471.0
12972.0
13333.5
9565.0
12067.5
6024.0
2871.0
13243.0
10965.5
9440.5
10256.5
13867.5
11228.0
13567.0
11683.5
10086.5
12362.5
10760.0
9351.0
6302.0
12792.0
13231.0
12076.0
6814.0
1497.5
10153.0
11724.0
5478.5
13639.5
12512.0
6779.0
12652.0
2492.0
12841.0
12229.0
14178.5
12792.0
13732.5
13225.5
8042.5
8767.0
7878.5
10838.0
11891.0
9174.0
10331.5
11320.5
7996.0
12434.5
13928.5
12888.0
12509.5
12644.5
12700.5
9346.5
0
0
13072.0
8018.0
13258.0
13209.5
6727.0
13139.5
10356.5
13026.5
10603.5
7991.0
10293.5
13383.5
7873.5
13340.5
13350.0
12393.0
8626.0
10971.5
14126.5
12113.5
13752.5
9949.5
8209.5
13783.5
13435.0
14285.0
12853.5
0
10682.0
11945.0
10409.0
14206.0
12592.5
13464.5
12831.0
12683.5
12936.0
13496.5
8657.0
14902.5
12314.5
11880.5
11827.5
4505.0
6374.0
8148.5
11903.5
10202.5
13060.0
10478.0
12008.0
1807.5
1163.0
8029.5
12120.5
7140.5
11540.0
12346.5
13313.0
9989.5
14140.5
11133.5
11127.0
12894.0
2879.5
8232.0
12932.5
4561.5
10134.5
12040.0
12958.5
12442.5
10331.5
4931.5
4749.5
14486.0
4322.5
13676.0
13360.0
13076.5
12152.5
7165.5
13510.5
10076.0
10172.5
12969.0
13737.5
10551.0
11775.0
10614.0
12886.0
13051.0
13258.5
12882.5
12774.5
13525.0
14295.0
12894.5
13027.5
11530.0
11226.5
9775.5
7211.0
2709.0
10159.0
9080.0
11434.0
10299.0
9022.5
8844.0
14047.0
9263.0
11547.5
12041.5
12019.5
11320.5
12834.5
10745.5
3156.5
2761.5
10665.0
9264.5
11403.5
5380.5
14689.5
9526.5
13126.0
11566.5
12654.0
11521.0
10237.0
12822.0
10208.0
13357.5
6624.0
13637.0
9435.5
12960.5
10669.5
12277.0
7855.0
13267.0
13271.0
6785.5
10728.0
12544.5
13334.5
3418.5
9375.0
10322.5
11812.0
12705.0
12003.5
8168.0
10581.5
11114.5
1757.5
13260.5
8948.5
14789.0
6159.5
13293.0
6353.5
11696.5
14696.0
11608.5
14566.0
3729.5
13319.5
10286.5
13957.0
12071.0
14495.0
12025.0
9627.0
10406.0
12398.5
11525.5
8797.0
8640.0
11547.0
13392.0
12773.5
10573.0
13776.5
13866.5
10652.0
11375.5
7525.5
7129.5
13582.5
13603.0
12348.0
10544.0
13149.5
10934.5
8800.5
12397.5
13104.5
10736.0
11508.0
12158.5
10154.0
12798.0
11438.5
13129.0
13673.0
11981.5
13180.0
13088.0
13385.5
3164.0
9793.0
13702.5
13666.0
6498.0
13729.5
13037.0
13136.5
10890.0
13974.0
13034.0
10610.5
12610.5
13494.0
10773.5
9257.0
11013.0
14374.5
10261.0
7622.0
14377.5
11123.5
11665.5
9384.0
11690.5
4932.0
10929.5
10103.5
11047.5
10520.0
12735.5
11075.0
12873.0
12171.0
13162.0
13270.5
7949.0
10758.0
12520.5
12873.0
13555.5
11864.5
10238.0
12071.0
10284.5
12581.0
6855.0
11068.0
6560.0
13727.5
12081.0
14567.5
7114.0
6212.5
10963.0
8341.5
9003.5
12821.0
12132.0
9022.5
13709.5
8557.5
11535.5
9525.5
13386.5
13650.5
14484.5
13563.5
13938.5
300.5
9083.5
12254.5
13003.5
13240.0
11933.5
12149.0
9684.0
13614.5
11315.5
12840.0
13271.5
12137.0
848.5
8953.0
13208.0
14841.5
13197.5
0
13426.0
7629.0
13526.0
13184.0
9061.0
11053.0
0
11097.0
10454.5
10487.5
12884.0
14520.0
13170.5
12925.0
13356.0
10483.0
9738.0
15069.5
14219.0
9336.0
12024.5
6969.5
14087.0
12828.5
13264.0
8693.5
12984.5
11279.0
12925.0
13534.5
5857.5
0
14668.0
7325.5
10156.0
12006.5
12331.0
12035.0
13477.5
13777.0
11554.0
12802.5
13326.0
14252.5
13607.0
11078.0
8888.0
8065.5
12995.0
13722.5
12607.0
7937.5
10429.0
12012.0
7769.5
10734.5
8210.0
13437.0
12518.5
12811.0
12821.0
10517.5
13349.0
860.0
14629.0
13659.5
11551.5
11087.0
10816.0
13394.0
13468.5
14759.0
14273.5
12344.0
14015.5
8560.0
12928.0
10536.5
11823.5
10125.0
14278.0
13337.0
6707.0
12165.0
13584.5
15016.5
11956.0
13211.5
13073.5
12858.5
2236.0
14127.0
11865.0
11430.5
12855.0
14267.5
7804.5
11064.5
13243.5
12959.0
9061.5
12024.5
13276.0
12811.5
13014.5
13212.5
13475.0
13389.0
13698.0
2793.5
9053.0
11563.0
11701.0
12006.0
11607.5
13169.5
2097.0
10156.0
13079.0
12779.0
13632.0
12878.5
13419.0
12415.5
13736.5
13270.0
14474.0
13720.0
11467.5
13773.0
14529.0
13226.0
14274.5
13054.0
12993.0
12272.0
13013.5
3146.5
10388.5
14449.0
13800.0
11037.5
10289.0
11976.5
10228.0
