126.5
302.0
951.0
1375.5
1283.5
895.0
546.0
1427.0
1463.0
68.0
2017.0
1702.5
1506.0
1452.5
2176.5
126.5
2273.5
867.5
1012.5
2866.0
1312.5
1012.0
2117.0
2709.5
2788.0
1763.0
68.0
2962.0
2226.5
5719.0
3217.0
1318.0
3597.5
2205.0
507.5
1595.0
975.0
2410.5
4142.5
1321.0
3470.5
7458.0
2399.5
2814.0
2454.0
750.5
441.5
697.5
1698.0
6616.0
1773.0
0
3750.5
5156.0
1456.5
1060.0
598.0
2126.0
243.0
5304.0
962.5
2238.0
3378.5
2138.5
3269.0
6209.0
5193.5
2990.5
1556.5
5191.5
652.0
300.5
1979.0
5200.0
3400.0
1819.0
1000.5
1361.0
4644.5
2979.0
1248.5
1340.5
6083.5
2021.5
543.5
3368.5
5848.0
9170.0
3229.0
4883.5
5339.5
4310.5
348.5
0
4298.0
2283.5
4249.0
7098.5
6654.0
6851.5
2602.5
1869.5
3256.0
3074.5
2615.0
6319.5
1407.0
1799.5
7073.5
4441.0
4548.5
4545.5
3207.5
2009.0
8753.5
2982.0
348.5
2452.5
3290.5
3766.0
3978.5
5344.5
8969.5
917.5
3214.5
4701.0
1762.5
6468.5
5197.0
0
7285.0
3764.0
1159.5
5582.0
7927.0
3584.5
2427.5
6860.5
8016.0
4417.5
4278.0
0
4286.5
2445.5
5951.5
1150.5
7374.5
3710.5
4607.0
0
1496.5
4530.5
3202.0
3585.0
2519.0
3001.0
1391.0
7449.0
11260.0
2032.5
1263.0
3512.0
7757.0
5908.5
3826.5
5583.0
3672.0
1544.5
736.0
7558.5
5969.5
3847.5
7137.5
2746.0
2080.0
4496.5
695.5
3924.5
2738.5
5992.5
7026.0
2884.5
3167.5
4579.0
6678.5
0
9198.0
2419.0
8791.0
6181.5
3688.5
3097.0
7850.5
2244.5
9200.5
68.0
752.5
68.0
4785.5
9339.5
9364.0
5224.0
8147.5
854.5
5998.0
0
7281.0
3992.5
5840.5
988.0
6304.0
3617.0
8426.0
775.5
8029.5
5859.5
4831.5
6727.5
2245.0
0
5727.5
3274.0
1553.0
7447.5
4628.0
1778.0
3681.5
0
4286.0
1834.0
6650.0
1527.0
3620.0
4504.5
4007.5
2059.5
6922.5
8743.5
4180.5
6773.0
242.0
663.5
8796.0
3477.5
6957.0
2044.0
9818.0
5455.5
0
68.0
6397.0
8616.0
0
9460.0
1676.5
1188.5
6747.0
8290.5
4746.5
0
6780.0
6841.0
4605.0
5940.5
8001.0
3747.0
5208.0
374.5
1418.0
6848.5
2602.0
5279.5
3361.5
0
598.0
4482.0
1929.0
2503.0
951.0
534.5
5743.5
2200.0
4988.5
3454.0
5217.5
365.5
6217.0
2018.5
4656.0
892.0
3956.0
7141.0
5465.5
2489.0
2807.5
4513.5
6763.0
8457.5
855.5
3027.0
2071.0
2394.5
6874.5
2512.0
2619.0
5979.0
316.0
4345.5
5353.0
5517.0
3116.0
6596.0
6723.5
2848.5
2598.5
7256.5
5484.0
535.0
2442.5
4774.5
4050.0
7060.0
2760.5
2109.5
9795.5
0
4101.5
3930.5
601.0
2952.0
5390.5
2702.0
2348.5
2781.5
7308.0
2893.5
9493.5
2136.5
1012.0
3578.5
7129.5
4904.0
5270.5
5953.0
3063.5
3088.0
3181.5
7596.0
6920.0
5238.0
3543.0
5723.0
3335.5
5213.5
7941.5
1478.5
6284.5
0
1432.5
942.0
7494.5
2638.0
6400.0
3503.0
3091.5
370.5
1918.5
4043.5
4432.0
6435.5
1226.0
9023.5
6406.0
5594.0
0
5653.0
4487.0
5638.0
4421.0
2263.5
0
9203.0
2180.0
243.5
6902.0
3060.0
68.0
797.5
0
7046.5
0
1219.0
2217.0
6431.0
8086.5
7681.5
2593.0
7061.0
6573.5
1342.0
822.0
2664.5
3070.0
2234.5
0
2482.5
2848.5
5979.0
3997.0
5865.0
4355.5
2436.5
4870.0
3609.5
5801.0
1543.0
3580.5
8228.0
6063.0
771.0
10400.0
5352.5
3141.5
3781.0
3956.0
6058.0
6047.5
5546.0
2126.0
2009.5
3243.5
0
1336.5
9800.0
68.0
5723.0
7488.5
5438.5
2162.5
6986.5
68.0
6000.5
5966.5
11015.0
4540.0
8413.5
3259.0
0
7763.0
878.5
438.5
3581.0
5128.5
5207.5
4289.0
5783.5
6749.5
6503.5
0
128.0
6803.5
6882.5
4728.5
2251.0
3918.5
4567.0
3430.0
6115.5
68.0
0
6126.0
302.0
2771.5
6928.5
2135.5
5178.5
8396.5
1172.5
7298.5
5633.5
3223.0
6073.5
656.0
9042.5
173.0
9027.0
2972.5
243.5
6285.0
7629.5
4105.0
5689.5
6503.0
6491.5
8580.5
3671.5
5542.0
3785.5
1506.5
8128.0
1338.5
4966.5
5522.0
3978.5
8099.0
2024.0
6601.0
2496.5
12078.5
0
5547.0
5586.5
2474.5
4767.5
4797.0
6207.5
1425.0
3087.0
7062.0
7023.0
5971.0
1362.5
3418.0
4646.5
6403.5
6691.0
8709.0
3211.5
6030.0
5099.0
7988.5
2003.5
3268.0
771.5
6426.5
126.5
5365.5
9812.5
2332.0
8168.5
4398.5
1476.0
2789.0
5894.0
3718.0
2418.0
2333.5
2520.5
5592.5
5884.0
6705.0
8862.5
4290.0
5560.5
2041.5
8523.5
3280.5
3409.5
7906.5
5524.0
3591.5
1000.5
10236.0
2473.5
2771.5
5042.5
4286.5
5572.5
2632.0
8830.5
6787.0
8156.5
3066.0
4552.5
9784.5
3124.5
8108.0
9793.5
0
0
3261.0
4708.5
8753.0
594.5
2742.5
6677.5
3870.0
11469.0
10419.5
2474.5
7261.0
1814.5
6388.0
3946.5
7057.5
8606.5
6975.0
1999.0
586.0
7454.5
3132.5
4278.5
7201.5
5871.0
4956.0
2679.0
68.0
3858.0
7694.0
11066.0
1760.0
1847.0
386.0
2953.5
4595.0
4771.0
11160.0
1653.0
2217.5
3936.5
0
4729.0
12259.0
438.5
5154.5
7948.0
7846.5
8557.0
348.5
8533.0
2117.5
1206.5
3897.0
7510.0
7400.5
6898.0
7083.5
9543.0
4392.0
5726.0
407.0
0
4355.5
7496.5
4829.5
138.0
6832.0
6245.5
2375.0
8380.5
5619.0
8796.0
8377.0
4026.5
5141.0
3396.5
7625.5
5113.5
3163.0
3303.0
6088.0
0
6961.5
3096.5
1167.5
4962.5
3462.0
7181.5
6671.5
5524.5
2291.5
7610.5
3797.5
9356.0
3891.0
3308.0
5352.5
138.0
7471.0
4589.0
3039.5
1082.5
2111.0
938.5
6752.5
576.5
7514.0
6914.5
4584.0
11419.5
9345.5
8644.5
6338.0
5543.0
7367.0
7661.5
1442.0
6758.5
8768.5
5356.5
8330.0
7312.0
136.0
11392.5
4319.5
7152.0
1301.5
68.0
5456.0
8036.0
5080.0
4451.5
0
11156.0
0
7276.5
5456.0
10357.5
10450.0
8475.5
2535.5
1351.5
5455.5
2556.0
2319.0
10030.0
5832.0
138.0
126.5
6479.5
3552.0
9874.0
5525.5
9187.0
5993.5
8217.0
5141.0
2049.5
6963.0
2956.0
856.5
3508.0
6208.0
0
11549.5
8294.0
5024.0
6530.0
3760.5
126.5
8742.5
4072.0
345.5
9972.5
5953.0
2333.5
10508.0
1886.5
8070.5
1217.0
7327.0
4766.0
10160.5
11138.5
4272.5
1204.5
6221.5
6398.0
3801.5
138.0
5714.5
7532.5
2847.5
3264.0
5930.0
6359.5
8589.5
3283.0
1421.5
6874.0
5573.0
4631.5
6609.0
7591.0
10174.5
68.0
12109.5
2978.5
3757.0
2870.0
8661.5
6700.0
4902.5
3488.0
2817.0
5451.0
6312.5
4788.5
8493.5
6611.0
8684.5
8866.0
1295.5
4583.5
8094.0
126.5
419.5
10068.0
2727.0
6949.0
10896.5
1477.0
7464.0
4389.5
2784.5
7547.0
243.5
8750.5
68.0
8442.5
10058.5
3289.0
0
1474.5
7644.0
3005.0
4857.0
7640.0
2160.0
10150.5
5887.5
300.5
7295.5
2525.0
3405.0
7390.5
3322.5
1694.0
6240.0
4026.5
2349.0
7194.0
9052.0
10524.5
6430.5
1217.5
8354.0
10520.0
6261.0
6514.5
2173.0
7237.0
6829.0
11820.0
11106.0
1902.0
8143.0
7375.0
5270.5
1685.5
6549.5
7045.5
2952.0
2201.0
3145.0
6797.5
5851.0
419.5
6712.5
7499.5
1104.5
0
5813.0
2313.5
3052.5
11443.5
11401.5
7258.0
8118.0
6468.5
5554.5
6900.5
10274.5
7292.5
953.5
8180.0
2093.0
5749.0
3085.0
4438.0
8937.0
6487.0
3788.0
0
1839.5
8036.5
4007.5
4726.0
8700.5
8296.0
5191.5
8056.0
3566.0
0
7072.0
8289.0
4183.5
0
7097.5
7063.5
11273.0
7647.5
10643.0
5514.0
183.5
5724.0
10623.0
4611.0
4074.0
868.0
781.0
944.5
3554.5
9837.5
680.5
6948.0
6086.5
1859.5
6052.0
10729.0
5467.5
7753.0
5134.0
5848.5
8172.5
7397.0
6222.0
4076.5
4623.0
10317.0
10447.0
4825.0
2491.5
9555.5
1479.0
1453.5
4426.0
1185.0
10861.5
10235.0
6992.0
4331.0
68.0
10881.0
3383.0
7253.5
8180.5
5705.5
6347.5
0
4786.5
7336.0
4468.0
10750.0
5606.5
5922.5
5792.5
7055.5
6561.5
1375.0
6647.5
12470.5
3770.0
7965.5
8479.5
9606.0
760.5
3322.5
2779.5
13385.5
2938.0
6945.0
257.0
9075.5
10266.5
10343.5
6846.0
6607.5
8991.0
4922.5
8122.5
5241.0
1186.0
700.0
5572.0
10635.0
2040.0
7932.0
0
10220.0
7447.5
2060.0
5060.0
10165.5
4561.0
3985.0
370.5
3458.0
5479.0
138.0
5303.0
8412.0
8439.0
6081.0
9296.0
3891.0
4057.5
6694.5
11292.5
3585.5
5590.5
416.0
2940.5
10209.5
0
9007.5
7182.5
7616.5
8336.0
7697.5
5638.5
2753.5
7696.5
4674.5
2423.5
3548.0
12890.5
8886.0
8134.5
8216.5
4773.0
2450.0
2447.0
7973.0
5575.5
7028.0
8415.0
0
5287.5
7093.5
3128.0
3237.0
8965.0
5715.0
6671.5
11487.5
7763.0
11846.0
1011.0
827.5
3049.5
5674.0
8024.5
6198.5
6215.0
3142.0
7877.5
9693.5
4654.5
580.0
3792.5
5809.5
4936.5
7317.5
7620.5
828.0
9816.0
3896.0
7131.0
2931.5
5231.0
7182.5
10400.5
7307.5
2643.5
7327.0
11897.0
5101.5
7064.5
8232.0
8902.5
11094.5
4401.5
8763.0
8057.5
6238.5
9427.5
3148.5
5062.5
1105.0
11061.5
7668.0
8534.0
6421.5
3748.0
7281.5
7107.5
2845.5
2094.5
9924.0
7507.0
10586.5
0
7155.5
8038.0
541.0
5478.0
8584.5
2759.5
5645.0
5051.5
10457.0
5910.0
1914.0
11354.5
8715.5
4293.5
6873.5
6153.0
9058.0
6605.0
3150.5
8201.5
9590.0
478.0
4632.5
894.5
6460.5
478.0
173.0
7597.0
8728.5
7863.5
438.5
6831.0
7230.5
5440.0
4421.0
4789.5
7338.0
7411.0
1017.0
6281.0
7741.5
4191.0
5554.5
7764.0
7191.5
11349.5
8143.0
5027.0
3020.5
5110.5
5390.5
4242.5
9358.0
6938.5
5206.5
8115.0
8562.0
4654.5
6416.0
652.0
5858.0
8401.5
7316.0
7610.5
6666.0
6737.0
9646.5
7846.5
5444.5
9112.0
68.0
4869.0
6685.5
6843.5
9117.0
810.5
383.0
365.5
8919.5
4733.5
4684.0
7116.5
3268.5
10629.0
5260.5
5943.0
3392.5
7550.0
4799.0
7582.5
4384.0
8289.0
5577.0
5211.5
10877.0
2987.5
7555.5
10480.5
4949.0
1250.0
7580.0
9608.5
382.5
2605.5
6089.0
8359.0
5709.5
1857.0
8935.5
5923.0
6488.0
9004.0
8139.0
6006.0
7996.5
1979.0
9405.0
9416.5
4683.0
6518.5
6562.5
10052.5
6308.0
752.5
9995.5
4335.5
7452.5
960.0
4853.0
4356.0
8492.5
7390.0
4573.0
5441.0
9117.0
4494.0
6951.0
7428.5
302.0
10147.5
3841.5
8541.5
1595.5
8222.5
9089.5
7570.5
9072.5
6751.5
2774.0
7558.5
2900.5
9260.0
4479.0
4976.0
3289.0
12456.0
5813.0
7193.5
12868.0
12089.0
2740.0
3466.0
7777.5
7547.0
9752.0
8134.5
8379.0
5790.5
9760.5
8250.0
10143.5
7930.0
7644.5
8231.5
5677.0
6794.0
8999.5
4454.0
6702.5
7847.5
5144.0
1609.0
6460.0
7715.0
1771.5
7648.5
1873.0
6665.5
7515.0
1220.0
300.5
2893.0
4538.5
3808.5
7083.5
8392.0
6299.0
8100.5
4951.5
13695.5
6341.0
5993.0
6796.0
5197.0
6056.0
10254.5
3803.0
5810.5
4035.5
6575.5
6701.0
3936.0
12506.5
6304.5
5997.5
2055.0
1646.5
3362.5
10203.0
8134.5
5603.0
7332.0
5880.5
8566.5
7955.5
2568.0
1073.5
6098.5
9979.5
5314.5
7806.5
10752.0
12217.0
6113.0
11402.5
5716.5
2281.5
6908.0
8040.0
5737.5
8731.0
757.0
5955.0
1019.5
6773.5
5587.0
6594.0
9118.5
8743.0
300.5
2546.0
6359.0
7869.0
11063.0
4904.5
6812.0
68.0
8560.5
7946.5
5627.5
348.5
5216.0
3952.5
68.0
3426.5
7509.0
7220.0
6057.5
5317.5
9483.0
11132.5
10580.0
7395.5
11534.5
478.0
8038.0
6076.0
68.0
7132.0
4649.5
4161.0
6121.0
4225.5
7167.5
11482.5
7622.0
365.5
7648.0
8494.0
6150.0
10081.5
11683.0
3256.0
663.5
8889.5
13712.5
5103.0
12942.5
9433.5
2344.0
6761.0
6131.5
4942.0
1263.0
8311.0
8184.0
12769.0
5664.0
8336.0
2628.0
3698.5
1232.0
7561.0
2036.0
5468.0
2459.5
6973.0
7002.5
2443.0
5310.0
9938.0
172.0
7563.0
7396.5
10065.5
4424.5
868.0
5794.5
68.0
2718.5
3811.5
6021.5
7844.5
7649.5
5807.5
8930.0
7958.5
10583.0
2967.0
3831.0
1244.5
6401.0
2473.0
4471.0
8467.0
6636.0
8023.5
5067.0
126.5
2247.5
5933.0
12278.0
7141.0
7855.0
1077.0
7266.0
8285.5
14193.0
126.5
7130.5
6309.0
9866.5
11183.0
10894.0
1077.5
1957.0
6622.5
811.0
8123.5
68.0
11675.0
1034.0
10306.0
8244.5
9374.5
5764.5
4546.5
8418.0
7424.5
68.0
1269.0
12683.0
2915.0
6154.5
9585.0
9683.5
8673.5
7653.0
5234.5
3645.0
7467.5
10313.5
3836.0
13163.0
6333.5
1739.5
1075.0
719.0
5558.5
10300.0
4678.5
10085.5
7364.5
0
7402.5
9584.0
9799.5
9007.5
6713.5
7743.5
10097.5
2507.5
834.5
7057.0
3691.0
4264.0
5618.0
830.0
1889.5
5752.5
3799.5
6650.5
2253.0
7961.0
7431.0
10585.5
2561.5
3039.5
2520.0
13358.5
8250.0
12711.0
5819.5
11607.0
5615.5
7519.5
7541.5
9140.0
4853.5
9783.0
7632.5
11705.0
2982.0
7441.5
5447.5
9031.0
8990.0
8731.0
787.0
6596.5
2076.0
5066.0
5577.5
6353.0
8059.0
4402.5
7304.5
497.0
6306.5
12692.5
4827.0
10249.0
4883.0
6455.0
7229.0
8580.5
1835.0
7978.0
1790.5
5817.5
6677.0
12200.0
6469.0
8297.0
7493.5
10652.0
811.5
4042.5
2052.0
5800.5
7371.5
9531.5
8903.5
978.0
6813.5
12427.0
8784.5
5813.0
7470.5
348.5
11035.5
9907.5
5125.5
8597.5
7367.5
2291.0
13293.0
3266.0
4180.0
5139.0
1146.5
11369.0
6535.5
6001.5
3160.5
10710.0
8418.5
6347.5
710.5
8941.0
4300.5
6820.0
4778.5
10101.0
1690.5
68.0
7287.0
10459.5
6606.5
6150.0
6355.0
10365.0
4017.0
6886.0
5459.5
2966.0
9719.5
1863.0
7999.0
12273.0
5120.5
7615.5
7896.5
5601.0
10122.5
3693.0
8986.0
7452.0
7722.5
3332.0
9467.5
7473.0
6538.5
911.5
7692.0
8161.0
3188.0
7952.0
3630.5
6848.5
4992.5
3555.5
7347.0
7511.0
6167.0
3424.5
9107.5
68.0
6402.0
8655.0
126.5
10378.0
8032.5
419.5
419.5
4452.0
7140.0
3690.0
126.5
1165.5
6877.0
2201.0
4543.5
7366.5
3876.5
9457.5
3030.0
7835.5
491.0
5669.0
2590.5
7158.5
9613.0
6312.5
8529.0
663.0
7277.0
1881.5
8481.0
1148.0
9237.5
2328.0
10133.0
4584.5
9113.0
8095.0
5940.5
6734.5
1563.0
11388.5
6142.5

3169.0
1010.5
1344.0
7918.5
702.5
68.0
710.5
11719.5
700.0
9161.5
68.0
5132.0
6924.0
8140.0
6337.0
0
3548.5
745.0
10102.5
9089.5
790.0
8092.5
2770.5
6087.0
4553.0
2993.0
5710.5
7743.5
10381.5
1329.5
1667.5
6160.0
10020.5
5130.0
5645.0
3027.0
7318.5
8493.5
1887.5
5520.5
9606.5
5949.5
9269.5
7820.5
8688.5
5321.5
10752.0
11200.5
9146.5
4302.0
6812.0
9025.0
3626.0
2476.5
4655.5
10125.0
10204.5
6580.5
841.0
8319.5
1022.5
9306.0
8075.5
11448.5
7492.0
6680.5
8688.0
7403.5
2673.0
9625.0
7047.5
7205.0
3177.5
1880.0
1709.0
3114.5
10380.0
7528.0
8102.5
6149.0
11671.0
1108.5
4762.5
5669.0
7472.5
10880.5
0
1083.5
8111.5
11425.5
1899.5
5822.5
9151.0
9275.5
1697.0
734.5
3186.0
5978.0
4995.5
11276.5
6789.0
11631.5
8125.0
6146.5
4254.5
6711.0
11884.0
472.0
7308.0
11112.5
10289.0
7379.5
12629.5
3265.0
4519.5
10965.0
6498.0
4428.0
708.5
3040.5
7794.0
2899.0
8142.5
13048.0
9398.5
7168.0
10906.0
4037.5
10663.5
11820.5
4606.5
3717.5
6869.0
9929.5
10581.5
4110.0
990.0
6547.5
5554.5
3665.0
771.0
2248.0
4337.5
698.5
8308.0
6248.5
2677.5
6230.0
10234.5
438.5
646.0
11067.5
6966.0
586.5
3048.5
9184.0
4268.0
10189.0
10122.0
0
8507.5
582.0
257.0
7321.0
7549.5
5828.5
10963.0
11508.5
9762.5
2160.5
6681.5
3203.0
5527.5
5240.5
3173.0
700.0
6463.5
9752.0
2822.0
9944.0
10270.5
2521.0
6613.5
771.0
4871.0
7967.5
8834.0
2505.5
4504.0
6822.5
3179.0
10630.5
12390.0
5933.5
0
5743.5
3728.0
10798.5
8135.0
8704.5
10698.5
9863.0
4953.5
11624.0
5226.0
8484.0
8453.5
6731.0
3033.0
6953.0
8165.5
5232.0
7096.5
2891.5
6796.5
10083.0
10586.0
10854.0
7880.5
10659.5
6369.5
10044.5
7164.5
9842.5
10975.5
2188.5
5701.0
1498.5
5559.5
4214.5
4722.5
4218.0
5425.5
3950.5
9849.5
4777.5
6920.5
11939.0
2351.0
1188.0
4830.0
2426.0
3579.0
10873.5
9297.0
3870.5
5857.0
2759.0
7944.5
983.0
2690.5
3112.5
126.5
5868.5
2971.5
6311.5
10588.0
2902.5
1725.5
1313.5
12197.5
1450.0
5363.5
4249.0
11528.5
10742.5
10409.5
1754.5
8896.0
0
2461.5
4476.5
11294.5
4201.5
6714.5
138.0
7324.0
6828.0
5993.5
5014.0
8911.5
9641.5
418.5
9759.5
9933.5
1477.5
10112.0
5618.0
11209.5
4278.5
5103.5
253.5
7654.5
10114.5
5356.0
10828.5
6368.0
2949.0
7508.5
10292.0
10238.0
302.0
9007.0
6529.0
7968.5
4844.5
12194.5
543.5
5813.0
7152.5
7929.0
4032.0
6655.0
5969.0
9574.0
10714.0
0
8300.0
243.5
3792.5
478.0
12203.0
12092.5
5662.0
7943.0
15217.5
478.0
11303.5
11318.0
4646.5
471.0
12307.5
8277.0
3478.0
8111.5
7306.0
10203.5
758.5
10822.0
4739.5
8266.5
12195.0
1493.0
13544.0
8768.0
179.0
0
0
8409.0
441.5
6103.0
1759.5
961.5
7739.5
173.0
10352.0
9241.0
0
10645.5
3664.0
12698.5
8221.0
68.0
68.0
11100.5
6048.5
10971.5
4819.0
9168.5
9531.0
4014.5
0
4995.5
8676.5
1459.5
13444.5
12005.0
11270.0
13151.0
68.0
5740.0
2423.5
12322.0
10594.5
11997.5
11961.5
10801.0
1752.5
2411.5
2312.0
11658.5
9876.5
9812.0
10879.5
9235.5
12040.0
1284.5
2844.5
6734.0
6751.0
7389.5
11107.5
5846.5
12744.5
2777.0
7786.5
8388.0
8697.5
2051.0
2460.5
12429.0
5838.5
4019.0
10763.0
5470.0
10001.5
3838.0
327.0
8425.0
4793.0
710.5
964.0
1737.0
13364.0
5328.5
11168.0
2184.0
0
2091.5
3397.5
2744.5
2799.5
10987.0
4876.5
5237.0
316.0
1714.5
9632.0
491.5
10045.0
1495.0
3506.5
7133.5
5918.0
14302.0
5927.5
11506.5
10242.5
0
9589.0
3636.5
9929.0
10140.5
8659.5
11467.0
12056.0
6976.5
13951.5
10223.0
7024.5
10714.0
2590.5
1075.0
0
1762.0
10823.0
10231.0
10368.5
4499.0
1266.0
1676.5
8779.0
7280.5
1546.5
7771.5
11904.0
3227.0
1832.0
3788.5
12345.0
0
7224.0
10705.0
7285.0
5878.5
952.5
11524.0
11881.0
11277.5
8731.0
2505.5
3351.5
6968.5
10298.0
2052.0
0
1812.0
126.5
10318.0
2920.0
5229.5
10590.0
10828.0
1560.0
1842.0
11417.5
6364.0
10618.0
13280.0
691.0
6429.0
4193.0
10378.5
1281.0
2205.0
5418.5
438.5
5182.5
837.5
13664.5
8713.5
0
0
0
10527.5
755.5
11796.0
68.0
13513.0
1349.0
9964.0
0
418.5
11137.5
8459.0
700.0
0
1863.5
7664.0
13022.0
5526.0
11131.5
12771.0
9003.0
0
1701.5
12669.5
0
11407.5
0
8104.5
0
1110.5
9758.5
1110.0
11642.0
11415.0
1832.5
11206.5
0
2155.0
9713.5
8112.0
4441.0
10373.5
10218.5
9441.0
9071.0
1492.0
4613.0
11757.5
1414.0
9290.0
11451.0
6289.5
10302.0
10139.5
9399.0
4968.0
5441.0
11591.0
4986.5
2072.0
8527.0
3281.0
11924.0
7780.0
3129.5
5035.0
10709.0
5795.5
4217.5
9956.0
5862.5
11002.0
11031.0
8252.0
9230.0
12129.5
2622.0
6493.0
6614.0
1167.5
4475.0
4390.5
8222.0
3607.0
4523.0
10721.0
4482.5
1026.5
5258.0
8284.0
11542.5
1864.5
5751.5
1421.5
365.5
120.5
9124.5
9565.5
10705.0
2488.0
3017.0
13043.5
7549.0
3040.0
1770.0
4447.5
12852.0
11985.5
8370.5
12090.0
5217.0
10208.0
4193.0
11856.0
3394.5
10115.5
2908.5
8456.0
12460.0
3251.5
11538.0
2140.5
3409.0
11744.0
13374.5
1339.0
10649.5
2807.5
14229.0
10545.0
4136.5
10073.5
10929.5
4598.0
2085.5
11527.0
5760.5
10103.0
6951.0
1832.0
7870.0
11294.5
5197.5
5613.5
3069.5
12021.5
9847.0
3816.0
9407.0
13230.5
11917.5
2145.5
8028.0
10262.0
13177.0
7523.5
7839.0
10181.0
10973.5
4777.5
2114.5
595.0
7287.0
9631.0
3774.0
2672.0
6342.5
13450.0
1068.5
955.0
7908.0
7410.5
8259.5
10534.5
1443.5
5387.5
10114.0
11105.5
407.0
5368.5
11707.5
5512.5
651.0
11477.5
3108.5
1464.5
1587.5
9173.5
5741.0
4015.5
10147.5
1568.0
2918.0
4568.5
12024.0
2514.5
11316.0
9503.0
10061.0
0
10531.5
4148.0
3158.5
4848.0
2994.0
12697.0
9693.0
10893.5
9030.0
4244.5
9869.5
3699.5
10554.5
1883.5
0
11125.5
9841.0
10655.0
12890.0
12819.0
3716.5
13201.5
8965.0
12031.5
2178.5
12448.5
10378.0
126.5
13834.0
1805.0
3258.0
10236.0
68.0
2160.0
12387.0
14789.0
3118.0
10592.5
2721.5
1734.5
10606.0
5847.5
10090.0
838.5
12580.0
4024.0
9294.0
7515.0
11837.0
2015.5
12085.5
4052.0
3061.5
1092.0
374.5
1736.5
956.5
5116.5
13376.5
14840.5
4937.0
14853.0
9836.0
2998.0
8732.0
7014.5
11421.5
12301.5
1188.0
5274.5
10302.5
3279.5
6591.0
3770.0
12619.5
10799.5
12372.0
8677.0
11752.5
5235.0
13143.5
10174.0
7329.5
9886.0
2276.5
4862.5
10646.0
667.5
10695.5
1828.0
8323.5
1888.0
9449.5
12849.0
8161.0
348.5
5829.0
11910.0
12075.0
8623.0
12682.5
3279.5
11035.0
2725.5
6120.5
14955.5
11365.5
1582.0
3199.0
2307.5
10803.5
9358.5
9876.0
4170.5
8991.0
10940.0
3233.5
11398.0
10025.5
2205.0
12249.0
0
528.0
11167.5
7149.5
10367.0
3264.0
10730.0
3562.5
3846.5
11023.5
897.0
12183.0
3131.0
11474.5
13751.0
2294.0
5500.0
10996.5
13003.0
2086.0
11917.5
688.5
516.5
9968.0
10811.5
10158.5
3650.0
12050.5
3913.5
10616.5
13179.5
5234.5
1865.5
10661.0
360.5
11801.0
2027.0
5377.0
4341.5
3018.0
2934.0
978.5
6273.0
9113.5
5488.5
3705.5
8001.5
13044.5
1619.5
5877.5
8176.0
10893.5
11675.5
6341.5
10647.5
9853.0
3965.0
12549.0
10952.0
3684.5
3030.0
11986.0
9112.5
12631.0
11156.0
11008.0
9608.5
7578.5
734.0
9994.5
3427.0
4100.0
4869.0
10902.5
12525.0
10660.0
9797.0
11534.0
0
3454.5
12850.5
3668.0
2679.0
1583.5
1844.5
2553.0
2276.0
9749.5
10248.0
10544.0
4050.5
0
11291.0
12045.5
13292.5
4743.0
10669.0
383.0
1442.5
0
9794.5
2559.0
1722.0
0
4424.0
10594.0
11193.0
874.5
10396.5
8754.5
5159.0
5802.5
0
2886.5
11143.0
848.5
4077.5
4997.5
10338.5
10397.0
12007.0
9222.0
9666.0
1337.5
5531.0
2642.5
9099.0
10238.0
4184.0
7647.0
11319.5
5336.0
775.5
9288.5
1934.0
2025.0
138.0
5416.5
126.5
5304.5
594.5
0
10428.5
2714.5
3759.5
2384.5
5310.0
0
2409.0
9261.0
13284.0
6952.0
3081.0
2771.0
9734.5
1860.0
10438.0
0
1278.0
10580.0
0
10127.5
2481.0
11075.5
13738.5
2318.0
5028.0
9032.5
10517.5
11195.0
1815.0
9366.0
10628.5
5560.5
4191.5
4102.5
7723.0
10299.5
2192.5
0
13239.5
10707.0
2021.5
1402.5
5230.5
4624.5
10730.0
11798.0
5447.5
15157.0
10550.5
2791.5
10716.5
1083.5
12384.5
10232.0
13527.5
11535.5
0
3252.0
9194.0
13048.5
9398.5
563.5
10522.0
12336.5
2337.0
8245.5
3662.0
3078.0
10580.0
1789.0
8649.0
13775.0
5674.0
5676.0
5407.5
7722.5
1988.5
9427.0
8631.5
710.5
2625.5
5230.5
10768.0
10498.5
8539.0
3370.5
6867.0
10289.5
646.0
10950.5
115.5
6421.0
2999.5
6703.5
12591.0
1865.5
3704.0
68.0
2259.5
12139.5
5002.0
7493.0
3194.0
1640.0
11019.5
2268.5
13070.0
13793.0
68.0
10086.5
2059.5
1706.5
8625.0
11035.0
4929.5
6606.5
7300.5
12318.0
10807.5
4927.0
11365.5
6486.0
12494.5
11885.5
2471.0
5391.0
2976.5
9403.5
841.5
11146.0
12112.5
7434.5
1652.5
10150.5
3270.0
10536.5
10065.0
68.0
13807.5
7618.0
12313.0
8429.0
3027.0
10197.5
4561.5
4057.0
11397.0
6544.0
5210.0
11922.0
10261.0
5698.5
8209.5
3170.0
10472.5
9492.5
10467.0
1939.0
2834.5
1324.0
3363.0
12531.5
10106.5
0
4096.0
3042.0
11089.0
10184.0
3552.5
1087.5
11372.5
9528.0
8412.0
14446.5
4509.0
11915.5
9147.0
186.5
844.5
7172.0
5318.0
10712.0
2458.5
10575.0
5397.5
3550.0
6055.5
11917.0
4951.0
1339.0
4067.0
1943.5
1389.0
729.5
2281.0
9551.0
11078.5
313.5
5991.5
9267.0
126.5
7548.0
2519.5
10422.0
7933.5
11153.5
3051.5
10800.5
5833.0
11638.0
6428.5
8960.5
7798.5
11193.5
4907.0
574.0
9283.5
6737.0
10361.5
10128.0
1602.0
2030.0
8280.5
3483.5
10110.0
6172.0
8843.5
11774.0
9092.5
7616.5
12877.5
2456.0
10250.0
10676.5
6664.0
4517.5
7500.5
10740.0
8145.5
11785.5
8340.5
1175.5
7927.5
9778.5
7003.5
2270.0
4348.0
2468.5
12438.0
12322.5
8866.5
7925.5
12085.0
9746.5
10517.5
1385.5
10575.5
9050.0
4625.0
11544.5
11014.0
489.5
5203.5
5505.5
11048.5
2876.0
10866.0
4915.0
6184.0
12301.0
6694.0
2747.0
10326.5
1248.0
2762.5
3749.5
10981.5
1594.5
10840.0
8084.5
10332.0
10319.0
9418.0
12589.0
4779.0
3905.0
5648.5
1320.5
2899.5
0
10784.5
5699.0
12937.5
8482.0
5409.0
8940.5
1123.0
68.0
3077.5
10331.0
3817.5
12099.5
68.0
7515.5
12890.0
6486.5
11106.5
9652.5
4506.0
3277.5
10489.0
2713.5
4822.0
4024.0
0
13015.0
9799.5
11849.0
9862.0
9682.0
8449.5
11084.5
419.5
1905.0
9620.0
13564.5
7957.0
1462.0
1651.5
3651.5
9059.5
10209.0
5628.0
841.5
7367.0
13327.0
4530.5
1899.5
10003.5
9280.5
3613.0
6971.0
2237.5
4028.5
8614.0
68.0
717.0
12358.5
12826.0
6306.0
10191.5
8466.5
3451.0
4522.5
2810.0
9621.5
4804.0
0
2137.5
10770.0
3715.0
10447.5
524.5
11748.5
1807.5
8618.5
3039.0
8284.0
12975.5
7475.5
9607.0
11595.5
10625.5
12029.5
1582.0
8523.0
5318.0
10767.0
6703.5
10186.0
3180.5
8038.5
11151.0
1847.0
3647.0
9530.5
8627.0
2306.5
3759.0
9997.0
11990.0
1914.0
6605.0
13267.5
11325.5
12763.5
2105.0
629.0
13946.5
8908.5
10319.5
985.0
12870.0
14316.0
419.5
2309.0
4576.5
2045.0
13818.0
784.5
10048.5
4896.0
10176.0
6424.5
8395.0
13266.5
2252.0
13800.5
10375.5
1352.5
13204.0
12299.5
4125.0
11658.5
289.0
9661.5
10116.0
5450.0
2380.0
2627.0
13664.5
14042.0
3996.0
10166.5
3153.0
10090.5
8178.5
10151.5
12156.5
4170.0
13314.0
10357.0
10721.0
9226.5
12866.0
11259.5
5280.0
10223.0
983.5
12360.5
2039.0
12887.5
7787.0
68.0
1367.0
3791.5
6462.0
2105.0
12978.0
13562.5
3870.5
0
0
2718.5
10017.0
10870.5
0
10618.0
11051.5
10336.0
3193.0
2701.5
68.0
4743.5
10798.0
9483.0
9993.5
13718.0
6346.0
0
2164.0
10130.0
2102.5
13333.5
8598.5
7357.5
0
68.0
5176.5
6505.0
11865.0
441.5
11954.5
2753.0
11251.5
13119.0
5670.5
9344.0
7766.5
4044.5
11573.5
9151.0
3907.0
2333.0
14185.5
8822.5
8492.5
3875.5
3009.5
5500.5
1333.0
11678.0
2287.0
13075.5
10058.5
10076.5
9263.5
13321.5
14440.5
14755.5
10774.5
13421.0
438.5
0
2289.0
2464.5
8855.5
12287.0
12275.5
12467.0
9086.5
6961.5
4180.0
1059.0
10251.0
126.5
4359.0
10510.0
2864.5
14482.5
348.5
656.5
10048.0
10310.5
7267.5
3274.5
10092.0
3535.5
11452.5
13405.0
10711.5
8601.5
695.5

11906.5
6568.0
10298.0
12379.5
2255.5
10620.0
10507.5
9997.5
13266.0
8368.0
4424.0
6322.5
2123.0
7585.0
11094.0
11067.0
8949.0
14420.5
10938.0
9994.5
2774.0
13417.5
6563.0
419.5
1219.0
285.5
7092.0
2319.0
5338.5
7421.5
5706.5
10370.5
8419.5
2930.5
5779.5
13103.5
11524.0
6872.5
4779.0
9667.0
11690.5
7597.5
10209.0
1792.5
9986.5
9662.0
7000.0
12398.5
7819.5
1778.5
3327.0
15053.0
12046.0
1787.5
637.0
7945.5
12932.5
12058.5
12098.0
11499.0
11416.0
14180.5
13918.5
3189.0
10658.5
2428.0
10066.5
2487.0
9860.5
881.5
9150.0
3946.0
9873.0
9450.0
68.0
6522.0
11886.5
7951.5
7904.0
461.0
13287.5
1601.5
10352.0
2179.5
5897.0
8487.5
120.5
9019.5
3516.5
10053.5
2610.0
2680.0
3340.5
961.0
6199.0
8963.0
7833.5
10769.5
8507.0
2717.0
11660.5
1424.0
11527.0
1141.5
12148.5
11013.0
1556.5
1146.0
11166.5
4836.0
2350.0
11185.0
13091.5
316.0
1390.0
9093.5
2718.5
12585.5
5386.0
2452.5
13484.0
10688.5
10732.0
10166.0
10513.0
3506.5
4828.5
12173.0
13946.5
2991.0
7319.0
3813.0
0
5116.0
964.0
638.5
12411.5
13346.5
6418.0
12328.5
1025.5
4393.0
10749.0
581.0
15152.0
7563.5
5284.0
5932.0
7865.0
6563.5
3116.5
13824.0
11824.0
3529.0
2536.0
12107.0
10112.5
15185.5
8150.0
419.5
4902.0
12266.0
2891.0
15407.0
2691.0
3296.5
6935.0
4191.0
8187.5
5686.0
2352.0
2122.0
10333.5
9999.5
11087.0
2553.0
11132.5
1444.0
13265.0
4416.5
2901.0
14687.5
2318.5
11353.0
0
0
8756.5
1480.0
12946.0
11431.0
13012.0
6985.0
2681.5
10073.0
3803.0
12263.0
7501.5
5033.0
771.0
12854.5
9105.0
1578.0
13726.0
9848.5
4120.0
10459.5
10570.5
9213.0

9895.0
3319.5
13170.5
11925.0
438.5
11002.5
11022.5
10602.5
10232.0
4764.0
13331.0
13776.0
2436.5
4506.5
10303.0
15007.5
11394.5
8654.5
2356.0
13753.0
8453.5
11097.5
11619.5
3905.0
10676.0
7525.5
12868.0
8494.5
9877.0
2224.0
10442.5
8308.0
11678.0
2198.5
10094.5
9696.5
0
2260.5
12190.5
11055.5
5238.5
7233.5
7287.0
9810.5
5729.0
13977.5
10553.0
10189.5
2878.5
6962.0
4678.5

568.5
11838.5
1197.5
2991.5
1463.0
68.0
6065.0
4801.0
6707.0
4185.0
10598.5
7824.5
6084.5
6140.0
8300.0
11300.0
10980.0
2940.0
4552.0
9506.5
16407.5
2367.0
4902.0
15462.5
4354.5
4285.0
10421.0
10442.5
1127.5
365.5
7346.5
3268.5
10838.0
12591.5
68.0
3095.5
710.5
3933.0
3293.0
12089.0
12950.5
1261.0
68.0
12122.0
8163.5
5003.0
11490.5
8418.5
8700.5
7695.5
12697.5
2316.0
8709.0
8902.0
11806.0
9030.5
2781.0
11122.5
359.0
3109.5
11337.0
1718.0
13479.0
13959.0
6912.5
5182.5
9579.0
10407.0
8703.0
10812.5
2597.5
1445.0
10931.5
4043.5
7882.5
3204.0
16417.5
2009.5
11873.0
7663.5
11656.5
9367.5
13993.5
2485.0
10175.0
581.0
3990.0
68.0
3431.0
11720.5
2018.0
4420.0
4302.5
13561.5
355.5
3345.0
7634.5
8280.0
4433.0
2310.0
4872.0
12431.5
8529.0
9900.5
3529.5
5223.5
3352.0
1826.5
12753.0
12875.5
11379.0
10495.5
10714.0
11703.0
4332.5
3369.0
570.0
9599.5
5100.5
1727.5
12883.0
0
316.0
3130.0
10646.0
4210.0
4656.0
13719.0
12734.0
9843.0
8130.5
9445.5
10565.5
13313.0
3150.5
2649.0
5700.5
2469.0
6480.0
4234.5
438.5
6125.5
11536.5
3996.0
2740.5
12301.5
11191.0
4915.5
10307.0
2489.0
12873.5
12168.0
3339.5
419.5
4370.0
2991.5
10785.5
3958.0
348.0
4926.0
3430.5
4419.5
12114.0
3610.0
11184.5
1425.0
10323.5
3123.0
7970.5
10533.5
9303.5
11012.0
68.0
10801.0
10155.0
8156.5
3947.5
8924.5
4303.5
0
3697.5
12476.5
3778.5
10597.5
3738.0
9859.5
10223.5
13067.0
10886.0
0
10320.0
10614.5
2182.5
8561.0
10196.5
809.0
1276.5
11448.5
68.0
14294.5
12064.5
9631.5
656.5
68.0
3947.5
12246.5
11923.0
10179.5
3423.5
3175.0
10718.0
10958.5
12462.5
11944.5
4122.5
10462.0
12922.0
6177.5
5821.0
2311.5
11904.5
601.0
10906.5
68.0
7332.5
9476.5
11836.5
11852.5
2256.5
10646.5
2512.0
5499.0
2891.5
10723.0
1841.5
4034.0
5374.0
1270.5
2558.5
2825.0
9096.5
11403.0
11153.5
1461.0
8542.5
9148.0
10967.0
12191.5
4857.5
3461.0
9387.0
9429.5
2142.5
10564.0
3867.0
6057.5
4024.0
11114.0
10077.0
4977.5
2614.5
7868.0
8690.0
11653.0
12269.5
5897.0
11386.0
10124.0
4049.0
11974.0
8520.5
3648.5
13126.5
68.0
9355.5
6704.5
0
14600.5
12101.5
68.0
14808.5
10041.0
14496.5
10558.0
2444.0
11976.0
11464.5
13565.5
12887.5
12609.5
12195.0
721.5
13630.0
4753.0
11392.5
13706.5
12913.0
8010.5
9545.5
2471.5
6350.5
1949.0
7031.0
4139.5
10882.5
3171.5
5475.5
7738.5
2023.0
3255.0
12477.0
11483.0
3194.0
4409.5
2993.5
10091.5
1408.0
10387.0
10103.0
4837.5
0
3654.0
8421.5
12647.5
2627.5
13410.5
1529.0
2647.0
5425.0
12793.5
10959.5
10540.5
3864.5
8693.5
12426.0
9462.5
12231.0
1916.5
11667.5
14154.0
8429.0
10059.0
14637.5
12785.0
3203.5
1480.5
789.5
13101.0
10131.0
10291.5
11961.0
0
11640.0
12474.0
478.0
12689.0
1606.5
0
14439.5
12901.5
11065.0
10228.5
5164.0
5803.5
11510.0
9124.5
11525.0
10427.0
8034.5
10763.0
7755.5
12943.5
13151.0
10991.5
10365.5
10762.0
0
5170.5
10981.0
2614.5
14162.0
13765.0
12607.0
3492.5
2156.5
717.0
6851.0
12091.5
11139.5
1063.5
6459.0
1576.5
2776.5
958.0
3788.0
7595.5
11770.0
0
3352.0
9216.5
13311.0
5061.0
717.0
12371.5
365.5
8674.0
5461.5
11561.5
6535.0
10093.0
10752.0
14459.5
2185.5
11217.5
0
2792.0
10822.0
6043.0
11065.0
14888.0
5063.0
4784.5
12174.0
12417.5
11577.0
13088.5
126.5
7773.5
7240.5
12830.5
8685.5
12021.0
4843.5
3315.0
6576.0
11870.0
3533.5
6938.0
7646.0
11143.0
4119.0
126.5
9662.0
11045.0
9429.0
0
7865.5
1199.5
7776.5
419.5
12841.0
12005.0
12393.0
2039.5
0
8574.0
7975.5
9910.5
1608.5
2458.5
8651.5
12753.0
4519.5
126.5
5847.0
0
12267.5
4869.0
13448.5
0
12035.5
10236.5
11103.5
10233.5
11650.0
12054.5
10271.5
9781.5
11652.5
9014.5
10979.5
10730.5
2486.0
6508.5
10337.5
12086.0
2841.5
10598.5
12142.5
12373.0
2433.5
3562.0
10481.5
9874.5
2767.5
11925.0
12858.0
8897.0
6269.0
4864.5
9287.5
3878.5
14214.5
11608.5
7766.0
3532.5
11266.5
13573.0
4082.5
4049.5
11064.5
652.0
10760.0
13849.5
10740.0
13400.5
11012.5
4441.0
12301.5
2438.0
13742.5
14026.5
0
0
6022.0
11179.5
6716.0
12870.0
9874.0
6572.0
13819.5
1051.0
3177.0
11110.5
8267.5
11094.5
7822.0
1355.5
734.5
12877.0
4998.0
10120.0
10759.5
10096.5
8593.0
11912.0
0
11436.5
11065.0
6111.5
0
0
2435.5
11518.0
11259.0
68.0
0
10633.0
10233.5
11477.5
0
11118.5
0
1180.0
12434.0
12447.0
8238.5
10118.0
8387.5
13358.0
12620.0
5391.5
2967.5
10279.5
10152.5
3333.0
13788.0
2805.0
11459.0
9006.5
2894.0
13231.5
3235.5
2821.0
3312.0
768.5
7920.0
10586.5
15081.0
10526.0
4321.5
0
12516.0
3303.0
1178.5
12488.5
1687.0
4236.0
1261.5
12223.0
1789.5
11863.0
8580.0
3442.5
10131.0
10380.5
10206.0
1306.5
1694.0
1490.5
3207.0
6093.0

9389.5
13999.0
10752.0
10069.5
68.0
11906.0
4181.0
3485.5
2288.5
3393.5
3442.5
1584.0
10486.0
11821.0
10465.5
905.5
1953.0
4250.0
12061.5
1148.5
2674.0
12404.5
2313.0
365.5
2677.5
14801.0
8608.5
8596.0
13337.5
300.5
8996.5
4450.0
13177.0
1956.5
11440.5
4248.0
11332.0
11526.5
10091.5
11432.5
12800.0
5553.5
13275.0
12600.5
10222.0
12530.0
13593.5
13992.0
4503.5
465.0
10564.5
10725.0
2473.5
3306.0
12749.0
2905.0
13969.0
13636.5
11052.0
8562.0
8397.5
10687.5
10549.5
13243.0
8105.5
3480.5
9975.0
6122.5
11537.0
10939.5
1714.5
68.0
4477.0
8847.5
11164.5
9289.0
3347.5
11883.5
2584.5
2632.5
478.5
1112.5
12388.5
4496.5
419.5
2451.0
3859.5
471.0
13989.5
4551.5
12691.0
2107.5
14065.0
10293.5
3953.0
2675.5
6998.5
8396.5
1599.0
1297.5
12818.5
3324.0
12605.0
3385.5
11130.5
12992.0
12832.5
5097.0
4394.0
11064.0
12505.5
9515.0
4737.0
10120.0
7042.0
8872.0
6530.5
10071.5
2048.0
3579.0
4788.5
9668.5
770.5
11951.0
419.5
11538.5
4077.5
10137.5
12122.5
11203.5
6438.5
11647.0
3854.5
10309.5
9957.0
2687.0
10155.5
709.5
12736.0
2020.5
1322.5
4608.5
14560.0
11721.5
2842.0
897.0
4853.5
4261.0
3025.5
3697.5
3404.0
11372.0
11905.5
4072.0
10091.0
10693.5
2828.5
10590.0
419.5
68.0
2531.5
419.5
11496.0
10856.5
5157.0
12458.0
8238.5
14214.0
10508.0
1438.0
11961.5
10150.0
10939.5
126.5
2277.0
2858.0
13564.5
12237.0
12200.0
10146.0
3245.0
10639.0
10620.0
12761.0
12782.5
2011.5
3076.0
12443.5
10291.0
10886.5
1211.5
9856.5
12039.5
15420.5
14995.0
0
11891.5
13767.5
8438.0
3288.5
11836.0
12577.0
3015.0
10041.5
1677.5
12603.0
2517.0
11158.5
3064.5
8096.0
10277.0
13432.5
3603.5
7463.5
10556.0
12437.0
2578.0
10982.5
14352.0
14257.0
637.0
2124.0
12915.0
10373.5
13214.0
10945.5
1701.5
11448.5
13311.0
10988.0
4618.5
644.0
0
10574.5
5614.0
424.0
7487.5
12312.0
2451.0
0
8146.5
13261.5
0
10264.0
11904.5
5671.0
11658.0
11470.0
8015.0
3959.5
10277.0
2830.5
3545.0
9120.0
0
5303.5
6880.5
13412.5
0
11041.0
11077.5
11465.0
6147.0
12023.0
1351.0
10885.0
5655.5
7929.5
11400.5
12916.0
13226.5
3565.5
9133.0
3787.5
10837.5
7535.0
1497.5
2667.0
3244.0
13996.5
10182.5
8321.0
10414.5
4863.5
13731.5
9728.0
441.5
13042.5
12173.5
12268.5
14222.5
11495.5
1622.5
316.0
10121.0
1918.0
115.5
12143.0
6946.0
10568.5
0
12016.5
10290.0
10878.5
10605.0
8567.5
5918.5
13391.0
13199.0
11377.5
0
15046.5
577.5
0
10312.0
2407.5
12594.0
5091.5
3981.0
13716.5
15084.5
2156.0
10513.5
875.5
10940.0
13006.5
12897.0
10879.5
8183.0
3233.0
12480.0
10135.5
8667.5
11111.0
11216.5
11433.5
3919.0
6578.5
12166.0
3626.0
6119.5
1601.0
6133.0
10330.0
689.5
3969.0
11450.5
11521.0
10807.5
13518.0
68.0
0
13711.0
3376.5
5405.5
4479.0
11521.5
15473.0
390.5
4391.0
8820.5
10565.0
15189.5
13035.5
10680.0
12591.5
12062.5
10445.0
2055.0
11092.0
11970.5
0
419.5
15148.5
15031.5
659.5
10028.0
13765.5
2681.5
419.5
7284.5
14154.0
828.0
10802.5
11886.5
1622.0
359.0
2621.0
3693.5
1319.5
11931.0
710.5
12872.5
3304.0
138.0
11251.5
12315.5
10194.5
3778.5
14611.5
5321.5
4388.0
3741.0
1787.5
2499.0
3266.0
3383.5
2099.0
14070.5
7962.5
3621.0
4140.0
1357.5
13745.5
712.0
13518.0
2198.5
12280.5
7112.5
14752.5
12861.5
10713.5
717.0
3292.5
14595.5
9190.5
10920.5
848.5
989.5
607.5
3297.5
13843.0
12838.0
9669.0
2387.0
2588.5
10685.5
4494.0
10644.5
13790.5
5919.5
3462.0
6838.0
6077.5
13065.0
919.0
15206.0
10638.0
2971.5
12439.0
1997.5
2510.5
7093.5
13195.0
1131.0
10307.5
10768.0
12313.5
14293.5
401.0
11623.5
2375.0
10516.5
11702.5
12665.5
967.0
12745.0
1419.5
13894.5
12804.5
755.5
9592.0
13372.5
10299.5
11504.0
10052.0
10650.0
1738.5
3054.0
5263.5
2983.5
3429.0
9339.0
1367.0
12145.0
2114.0
10992.5
11729.5
11037.0
12742.5
10260.5
11756.0
4582.0
13122.5
10649.0
9539.5
13777.0
5084.0
3520.0
10164.0
11835.5
2488.5
4979.5
12108.0
5237.5
3687.0
13480.5
8261.5
6118.0
1079.5
5598.0
10080.0
2812.0
11454.5
2813.5
1032.0
12349.5
11760.5
961.5
3571.0
13329.0
10810.5
12630.5
4951.0
826.0
13551.5
9334.5
3338.0
3818.0
9794.0
9981.5
12113.5
13870.0
2428.5
13598.5
10260.0
2374.5
3828.5
10577.5
8159.0
3757.0
1200.5
2557.5
7609.5
2542.0
10197.5
285.5
6885.5
2558.5
2484.5
11117.5
9406.0
964.0
11082.0
1768.0
15173.0
4209.5
4243.5
11747.5
10926.5
10514.0
15069.5
4539.5
11843.0
12782.0
3507.5
13188.5
7478.0
1298.5
4332.0
10379.0
0
3064.0
2003.5
14405.0
12395.0
13540.5
10161.0
14770.0
13582.5
11175.5
126.5
4698.5
2219.0
3539.5
2517.5
10524.0
11091.5
9908.0
8256.5
2166.0
10061.0
6405.5
3021.0
12343.5
10285.0
13517.0
10083.5
12020.5
0
4495.0
11220.0
734.5
1253.5
10111.0
9626.0
1591.5
9858.0
1109.5
12192.5
13617.5
3841.0
14350.5
12524.5
11050.5
3695.5
10527.5
11449.5
233.0
5208.0
12897.5
10926.0
11676.0
5972.5
8590.0
3084.5
6569.5
5076.0
8260.0
8192.0
10061.5
7636.0
10014.5
12368.0
10613.0
14499.0
0
3490.0
3847.5
8643.5
13660.0
10897.5
2587.0
8297.0
10946.5
752.5
11576.5
11682.5
9778.0
12546.0
14288.5
11192.0
3259.0

13621.5
1003.5
12601.0
12871.0
14517.0
3971.5
12651.0
534.5
4600.5
1419.0
7011.5
4978.0
6559.5
11364.0
13384.0
4971.0
8388.5
13684.5
5526.5
10627.0
10923.5
12567.5
10063.5
13631.5
3011.0
10142.0
7333.5
13850.0
10503.5
10864.5
5227.5
524.0
11909.5
3755.0
11915.5
10401.0
5510.0
0
1192.5
5446.0
14290.0
13700.5
9614.5
2999.5
7176.5
12336.0
0
10458.0
5556.5
11820.5
4632.0
13692.0
1058.0
2444.5
10695.0
13369.5
13197.5
4350.5
13666.0
11544.5
0
10617.5
0
4430.5
14859.5
4134.5

0
1699.5
3220.0
5415.0
12453.0
10787.5
4377.0
0
1193.0
1156.0
3950.0
13619.0
4783.5
11145.5
10062.0
11942.5
10263.0
11086.0
12001.5
13679.0
10063.0
4356.5
4256.5
9417.0
11203.0
10638.0
6566.5
0
2923.0
1751.5
0
7843.0
0
3139.0
0
11722.5
0
3588.0
10942.5
11815.0
1387.5
10728.0
11746.5
14120.5
12331.5
7472.0
0
11852.5
4417.5
7666.0
68.0
10959.0
8944.5
10578.5
12037.0
12462.0
13467.5
14476.0
15158.0
0
4597.0
4804.0
4124.0
10854.0
9385.0
3602.0
1308.5
3810.5
1664.0
11076.5
3321.5
11828.0
10514.5
13827.0
0
13178.5
1716.5
12404.5
10393.0
7232.0
10543.5
300.5
11604.5
1413.5
1897.5
9246.5
3768.0
0
10502.0
13168.0
4193.5
14265.0
10092.5
13981.0
13676.5
4375.5
3987.0
11108.5
3293.0
11057.5
11931.0
11299.5
0
2489.5
10740.0
10634.5
12005.0
5376.5
10767.0
1159.0
11968.5
10344.0
965.0
10524.5
11542.5
14314.0
12325.0
11841.5
2650.5
12439.0
6146.0
2641.0
549.5
12902.0
12746.5
1313.5
10675.5
10059.0
0
10582.0
12591.0
11164.0
822.5
2462.5
2823.5
14662.0
10185.5
8454.0
8146.5
0
13577.0
11239.0
316.0
3795.5
11833.0
11796.0
10682.0
13213.0
10155.0
11143.5
1895.5
10724.0
8139.0
10168.5
13412.0
10955.5
12536.5
8966.5
2291.5
11974.0
10599.5
13185.5
1993.5
0
12866.0
9638.5
10935.5
10322.0
0
3223.0
5388.0
9254.0
8124.0
10090.5
316.0
13186.0
13790.0
10521.0
0
12654.5
12304.5
4113.5
0
10380.0
68.0
11882.5
0
4138.5
10158.5
8714.5
10049.0
12678.5
10836.5
4337.5
7136.5
13537.5
12995.0
4710.5
9637.5
0
8031.0
10557.0
10738.0
10749.5
8144.5
10309.5
10466.0
10640.5
14257.0
13519.5
995.0
11080.0
4105.5
14589.5
14887.0
11845.5
9113.0
12885.0
3724.0
13444.5
5207.5
0
3805.0
0
770.0
2426.5
138.0
771.5
3740.0
2090.5
12475.5
68.0
11639.5
6538.5
10069.0
1451.5
14010.0
10099.5
10666.0
14697.5
12500.5
11484.0
10716.5
10191.5
14948.5
1948.5
14863.0
0
6496.0
12956.5
3932.0
5945.5
2591.5
11070.0
5246.0
11893.5
14664.0
12854.5
15146.5
4360.5
1725.5
9487.5
14915.5
11061.0
0
10075.0
359.0
12432.5
14553.5
4333.5
13179.0
11543.5
11865.0
10320.0
10820.0
4496.0
8083.0
7486.5
1007.5
14856.5
1352.0
0
2518.0
3427.0
13780.0
11539.0
1218.5
0
3787.5
12295.5
12135.0
8832.0
10251.5
10133.0
7370.5
3519.5
13177.5
11635.5
12413.0
13521.0
12562.5
3231.5
12579.0
10148.5
10236.5
13722.5
0
4604.5
11939.0
6808.0
2781.0
12486.0
10474.0
12739.5
10106.5
12839.5
11823.0
668.0
14686.0
15000.0
2848.0
11835.0
12639.0
12245.0
13585.5
12781.5
12863.5
14187.0
3545.0
11167.5
5362.5
10235.0
6986.5
6524.5
3939.0
7628.0
1123.5
5374.0
14515.0
1142.5
11593.5
896.5
3211.0
11002.0
11023.0
7589.5
12625.0
3594.0
5980.0
8246.0
1735.0
10088.5
4868.0
10631.5
10655.5
10119.5
14648.5
8542.5
11854.0
12952.5
0
12542.5
4577.0
10866.0
3813.5
2231.0
4261.0
11198.5
9558.0
9054.5
10508.5
3516.5
3274.0
68.0
12939.5
9165.0
12758.5
9558.5
10403.5
12314.5
14157.5
7727.5
1314.0
11963.5
9304.5
13174.0
14566.0
12479.5
4192.5
14233.0
1982.0
9076.0
3126.5
11472.0
0
0
13440.5
5597.0
10212.0
14536.0
12613.5
13950.5
13028.5
10958.0
10282.5
10987.5
2553.0
12015.0
11502.5
13769.5
1232.5
6428.5
618.5
12552.0
14154.5
4713.0
11953.0
14108.0
2285.5
12553.5
11832.0
2119.5
11866.5
12771.0
12815.5
10658.0
242.0
0
3552.0
12016.5
12035.0
12421.0
7797.0
11847.0
2632.0
126.5
10242.5
11681.0
4432.0
13646.5
10238.0
12430.5
11096.0
13234.5
11776.0
984.0
3392.0
12591.0
13556.5
11728.5
11409.0
1157.5
15181.0
14319.5
12928.0
11915.5
10684.0
243.5
11090.0
11650.5
10611.5
3497.5
115.5
3959.0
4163.5
10510.5
12184.5
13277.5
2281.5
13794.0
3043.5
4660.0
2610.0
2848.5
11947.5
68.0
13918.0
1897.0
115.5
12075.0
15502.0
5744.5
12190.0
10976.0
1456.5
10967.0
15083.5
11102.5
11838.5
10578.0
3193.5
13317.5
14476.5
10292.0
12589.0
478.0
14573.0
14457.5
13928.5
7424.0
2731.5
12960.0
1331.5
593.5
12404.0
12091.0
12779.5
13521.5
14760.0
3125.5
11046.0
13216.5
5117.0
11562.0
12266.5
5489.5
13580.0
13800.0
4628.5
14514.0
10857.5
478.0
13613.5
14347.0
1723.0
10087.5
13305.5
13043.0
12866.5
15058.0
10282.0
11984.5
8745.5
14743.0
5180.5
4715.0
8055.0
136.0
6928.5
13400.5
2925.0
3354.5
13482.0
1541.5
12138.5
2667.0
1901.0
10399.0
11642.0
3084.5
138.0
13836.0
1514.5
10329.5
10737.0
2793.5
6521.5
10645.5
11438.5
12063.5
13816.5
1068.5
4640.0
11577.5
11142.0
2429.5
7886.5
3130.0
5500.5
6340.0
9120.0
9366.0
2514.0
10977.5
3371.5
5294.0
11622.0
8677.5
10334.5
8550.5
6852.5
6212.0
9833.5
6995.0
1195.0
11391.5
10808.5
13768.0
10768.0
11860.0
6502.0
3188.5
14511.0
10284.5
12360.5
7315.0
11945.0
3527.5
8117.5
13655.0
2038.5
8083.5
11957.5
8150.0
14787.5
10178.0
4251.0
10073.0
12446.0
68.0
4882.5
3291.5
12540.5
8515.5
12443.0
13385.0
14965.0
10491.0
14514.5
9256.5
13778.5
11070.0
12211.0
11472.0
13755.5
11139.0
13996.0
2150.5
6236.0
9781.0
10955.5
13784.5
2529.5
13215.0
14304.5
9101.5
11759.0
3140.5
243.5
4013.5
1955.0
1167.5
14156.0
6393.5
12650.5
8356.0
13127.5
13759.0
13586.0
889.5
15847.5
8164.5
14076.0
1528.0
126.5
5658.5
8087.0
4824.5
13504.5
10948.5
9693.0
7625.0
374.5
4792.5
0
10796.0
8248.0
3548.0
716.0
12751.5
11105.5
2770.0
10248.0
8646.0
851.0
13847.5
11593.0
1512.0
4152.5
13641.5
2492.0
10324.5
1228.5
13388.5
13050.5
13287.0
2936.0
13324.0
1528.5
68.0
1684.0
603.5
11592.5
3793.5
3918.0
10324.5
4001.0
10255.0
2119.0
11592.0
12802.0
68.0
15217.0
10541.0
13233.0
3530.5
10200.0
13577.0
3910.5
2369.5
12486.5
2238.5
6152.5
508.5
14585.0
8104.5
2397.0
5446.5
14358.5
0
1181.0
0
2747.5
9106.5
2331.0
1188.0
10017.5
15034.5
4861.5
3729.5
3414.0
5715.5
11526.0
2854.0
11171.0
13188.0
4134.5
14656.5
68.0
14314.5
4760.5
13589.5
6533.5
12740.0
0
10093.0
0
12702.5
1882.5
3252.0
0
12272.5
0
2722.5
7035.0
0
11942.0
0
6849.0
5568.5
4571.5
13149.5
13314.0
636.0
15532.0
3583.0
0
4458.5
0
5833.0
4393.0
12889.0
14508.0
10309.5
10133.0
10852.0
1707.0
11198.5
10696.0
1611.0
11520.5
11943.0
10677.0
0
12325.0
12960.5
6811.0
14205.5
12034.5
10661.5
0
10276.0
13188.5
0
10589.5
11764.5
9565.5
14923.5
11953.5
14304.5
11034.5
0
12773.5
3346.0
11558.5
6467.5
14485.5
8824.0
3107.5
14983.5
11110.5
0
12731.0
13666.5
14493.5
10594.0
8384.0
12720.0
10470.0
4831.0
0
15145.0
10219.0
10536.5
14703.5
13422.0
13325.5
12765.0
8979.0
2180.5
13602.0
14022.0
12373.0
5785.0
2661.5

14047.5
13582.5
10606.5
12444.0
1475.5
6816.5
13594.0
15030.5
11623.5
10486.0
13561.5
0
12833.0
4996.0
2503.0
8210.0
14592.5
12179.5
10244.5
0
13367.0
9120.0
0
13524.0
13254.5
14803.0
3907.0
14538.5
1647.5
3571.0
10085.0
8632.0
497.0
4561.0
14301.0
10571.5
8052.5
12561.0
12811.5
3331.0
8554.0
1876.5
13986.0
10189.5
13770.5
988.5
14408.0
11841.0
10127.0
13821.5
10073.0
13226.5
10982.5
13846.5
13623.0
4216.0
13546.0
3861.0
11439.5
13755.0
9237.0
6005.5
13255.0
10072.0
11592.5
11022.5
0
0
14229.0
8892.5
0
12116.0
14179.5
8445.0
4919.0
2678.5
7676.0
0
14040.5
12320.0
3377.5
12397.0
13731.5
0
13049.5
13450.5
10953.5
14740.5
10242.0
115.5
12134.0
1014.5
10573.0
10978.5
10280.0
1935.5
0
12089.0
4023.5
3727.0
2894.0
10604.0
0
3887.0
12872.0
3141.0
12735.5
0
13899.5
8138.0
5002.5
13363.0
9424.0
10071.0
6680.5
10862.0
11063.5
13483.0
0
11209.5
10879.0
0
10155.0
11721.0
3741.0
6783.0
10806.0
11536.5
0
5339.5
3249.5
11892.0
11446.5
1041.5
12882.0
11026.0
4904.0
12349.0
13410.5
13638.5
14658.5
3763.0
10039.0
11500.0
12053.0
13708.5
2102.0
12370.5
4250.5
1387.5
13919.0
2111.0
1068.5
1902.0
13896.5
10576.0
11261.0
2772.5
12120.0
11428.0
13505.5
10329.5
13904.0
12023.0
13227.0
15024.0
13595.5
1616.5
14667.0
0
11920.5
13202.5
11633.5
7358.5
11423.0
8816.0
0
13970.0
1961.0
13811.5
1905.5
12381.0
3235.5
10677.0
4114.0
14090.5
11720.5
11224.5
13210.0
11076.0
11174.0
12157.0
12062.0
0
14131.0
10544.5
0
0
0
0
13266.0
4096.0
0
12047.0
15441.5
12728.5
516.5
14297.0
0
12964.0
1810.0
0
13673.5
0
11985.0
11848.5
12371.5
12465.0
2607.5
10342.5
12842.5
13742.5
10761.0
11835.5
12029.0
13253.5
12191.0
10188.5
15381.0
11780.0
14612.0
15581.5
13273.5
0
0
10791.5
12105.0
0
2821.5
10507.5
14386.5
13251.0
13113.5
11276.0
11545.5
10641.0
5586.0
2024.5
3243.0
4303.5
11430.0
14566.0
12424.0
2422.0
0
0
15126.5
9055.5
1053.0
2972.5
2971.0
2341.0
2176.5
659.5
1375.0
15186.5
1344.5
10107.0
6620.0
1920.5
3219.0
2101.0
9710.0
15037.5
12574.0
3097.5
13783.0
2871.0
0
10865.5
0
14066.5
9694.5
7118.0
4013.5
868.0
2216.0
7000.0
13449.5
0
1219.0
4522.5
12419.5
12487.5
10546.0
8640.5
4006.0
1003.5
0
3630.5
1883.0
15716.5
0
3830.5
3655.5
6999.5
811.0
6148.0
11794.5
12909.5
14556.5
11025.5
10365.0
11925.5
5508.5
0
2669.5
11989.5
4403.5
14030.0
10179.0
11982.0
2577.0
2809.5
9790.5
11562.5
10065.5
14070.5
3374.5
1312.5
11067.0
10206.0
5841.0
13760.0
13741.5
12373.0
0
8266.0
3398.0
10130.0
14594.5
0
126.5
7997.5
7712.5
10597.5
13893.5
0
2808.0
11026.0
12404.0
10834.0
13183.5
3863.0
11852.5
2632.5
13194.0
12420.0
12052.0
10458.0
829.5
11539.0
5140.5
10147.5
12987.5
3836.0
10218.0
14526.5
14093.5
10059.0
7072.5
11382.5
10299.0
12047.5
11513.0
5083.0
13512.5
10416.5
11005.5
7682.5
10367.0
10004.0
13959.5
12051.5
11028.0
15177.5
10695.5
1001.5
11671.0
1269.0
11014.0
14065.0
2143.5
2705.5
12490.5
12100.5
0
6660.5
10504.5
3878.5
12035.0
10630.5
11468.5
12321.5
11224.5
13272.5
1127.5
10075.0
3402.0
3369.0
11750.0
0
11542.0
8174.0
8388.0
5831.5
4797.5
10345.5
3259.0
11756.0
10070.0
10912.0
5074.5
13741.0
10558.0
3918.0
10177.0
10647.5
14548.0
10230.0
13057.0
10169.5
5709.5
4216.5
3395.5
9229.0
11511.5
10579.5
2062.0
9540.5
13303.0
4698.0
13413.5
5678.5
10118.0
14119.0
126.5
3096.5
14141.0
5143.0
9239.0
1872.0
10994.5
7839.5
5294.0
10687.5
1718.5
12642.0
11195.0
13038.5
10181.0
10542.0
6654.0
14311.5
598.0
6626.5
10577.0
12569.0
11964.5
11427.5
11895.5
10829.0
14186.0
9823.5
11601.0
10661.0
13842.0
10202.0
13305.5
8419.0
10567.5
11427.0
12736.0
355.5
6237.0
11199.5
6023.5
11772.0
14164.5
13267.5
10550.5
10946.5
11497.5
1830.0
13434.5
11528.0
2668.5
13450.0
2623.5
3271.5
10542.5
10656.5
10624.0
11626.5
12254.0
9649.0
8777.0
10836.0
3962.5
2949.0
11876.0
12836.5
13231.5
3293.0
6627.5
0
3481.0
3623.5
4073.0
6048.0
10141.5
13423.5
3988.5
8707.5
10518.5
2816.0
10270.0
12105.0
0
12539.5
8428.0
1533.0
2717.5
68.0
15838.5
10629.0
365.5
12938.5
7954.0
15507.5
10726.5
9597.5
3230.0
2624.5
14167.5
11145.0
11471.0
6822.5
6850.0
2086.0
7149.5
14648.5
15111.0
1887.0
10692.5
3841.0
12627.5
8609.0
12905.5
13642.0
10149.0
2958.5
3868.5
16208.5
14392.5
11939.0
3973.5
10973.0
3130.5
771.0
1280.0
12184.0
6257.5
0
5216.5
4876.5
1183.5
12334.0
12622.0
2218.5
3615.0
13296.5
16338.5
12512.5
11861.0
3807.5
10991.5
0
11468.0
2434.5
7987.5
13920.0
6764.0
12389.5
0
12999.0
13052.0
10714.5
10163.5
9950.5
12294.0
13530.5
14698.0
848.5
3780.0
13991.5
12765.5
10647.0
11960.5
13250.5
10079.0
10068.5
9274.5
11227.5
12011.0
11157.5
11435.5
10669.0
13761.0
12420.5
11047.5
13591.5
7303.0
13472.5
0
7897.0
12723.0
4610.0
3953.5
12939.5
13853.5
1403.0
11841.5
6237.5
6258.0
4219.0
14364.0
12435.5
10565.5
8979.5
10302.5
11027.5
10042.0
11329.0
12659.5
10285.5
10738.5
12033.5
10799.5
13301.0
13900.5
14570.5
13887.0
721.5
11592.0
6483.5
10698.5
4037.0
7097.0
1388.5
656.0
2566.0
12401.0
3325.0
1437.5
3584.5
13441.0
14480.5
13108.0
0
2919.5
2000.0
2850.0
11232.0
6341.0
14223.5
12901.0
11440.0
11764.0
1889.5
10413.5
1744.0
10335.5
16198.0
12705.5
15020.0
10574.0
9125.0
7055.0
814.0
10728.0
11584.0
3679.5
3931.5
10149.0
13670.0
7150.0
12093.5
1175.0
10799.5
6115.5
3586.0
3923.0
13140.5
11595.0
15807.5
348.5
13940.0
1650.5
1393.0
5148.0
15385.0
8111.0
8973.0
10915.5
3668.5
10739.0
13047.5
3438.5
11079.0
9967.0
11905.0
3378.5
10708.5
7540.0
9830.0
12595.0
0
3066.5
3797.5
14292.0
10378.0
10700.0
1140.5
0
10360.5
1866.5
11018.0
0
11495.0
12959.0
14154.0
6859.5
1834.0
8653.0
2552.0
14185.5
138.0
11621.5
13536.5
11435.0
10247.5
2702.5
7101.0
593.5
12748.0
2922.0
3907.0
3218.0
11892.0
12878.5
12436.0
14619.0
11858.5
9595.0
2376.5
3565.5
3096.5
10181.0
12766.0
1463.5
3085.5
7500.5
1855.5
13780.0
10643.5
13415.5
2960.5
3183.0
12625.5
10967.0
14399.5
4044.5
10554.0
13112.0
12927.5
10952.0
11451.5
9979.0
3892.5
128.0
12378.5
12712.5
3040.5
2180.5
3964.5
4567.0
10075.0
1161.0
10374.0
6229.5
14783.0
11078.5
13384.5
8071.0
10256.5
11656.5
14905.0
6695.5
10083.5
12982.0
10324.0
2765.5
4358.0
11902.0
13310.5
548.5
13453.5
243.5
13703.0
12422.0
68.0
4997.5
13895.0
652.0
0
9159.5
1863.5
11626.0
13796.0
13725.5
12906.5
10907.5
11767.5
13905.0
2988.5
5623.0
10112.5
1230.5
11552.5
5818.0
12962.5
12555.5
1458.0
11472.0
9760.0
1221.5
13837.0
14634.0
10378.0
10819.5
243.5
13818.5
3656.5
1111.5
1032.0
15507.0
11911.5
12578.0
12978.0
13618.0
2003.0
6870.0
0
10580.0
11922.5
15015.5
1050.5
2646.0
12666.0
1826.0
11488.0
1247.5
0
12317.0
8444.5
9171.0
11765.0
10588.5
10752.0
12519.5
10619.5
10323.0
6699.5
2674.5
138.0
4952.0
2994.5
13923.0
11167.0
11808.5
4867.5
1415.5
396.0
10536.0
1774.5
10931.0
990.0

1762.5
1007.5
1662.0
3303.5
1165.0
14860.5
2790.0
1458.0
12372.0
5981.5
13000.5
0
10954.0
13747.5
10684.0
1102.0
2275.5
1853.0
13120.0
0
12740.0
3399.5
8091.0
13228.0
0
2785.0
300.5
13347.5
12166.5
2116.5
8652.5
794.5
8558.0
2141.0
11915.0
11551.0
9140.5
12247.0
11008.5
4459.5
10558.5
12294.5
7166.0
253.5
9690.5
5335.5
12876.5
10538.5
14140.0
10285.0
1361.5
9338.5
3128.0
11711.5
2144.0
11553.0
1659.0
10129.0
2906.0
2761.5
13417.5
11918.5
12837.0
10412.5
8295.0
8095.0
2990.5
8533.5
1636.0
9808.5
12605.0
10930.5
10065.0
2787.5
12357.5
10315.0
1821.5
1395.5
2601.5
14881.5
12435.0
11218.0
10506.0
14580.0
68.0
5780.5
971.0
10084.5
7182.0
8762.0
2055.5
12566.0
3055.0
1511.0
16238.5
12906.5
11591.0
4383.5
5922.5
3123.5
2213.5
7825.0
383.0
4738.5
0
419.5
12868.5
6918.5
14189.0
8560.5
7261.0
1624.5
9691.0
1849.5
10288.5
10162.5
10825.5
10120.5
12382.0
8865.0
11015.5
3371.5
14073.0
15164.0
14780.0
4343.5
10266.0
419.5
12538.0
13160.5
11169.5
1196.5
9241.0
6331.0
13620.5
11602.5
12688.5
471.0
12830.0
1818.5
10071.0
3750.0
11637.0
10215.5
912.5
9043.0
1341.5
12750.5
15137.5
6684.5
12321.0
8149.0
4986.5
7443.0
1565.0
11918.5
1475.5
4273.5
10840.5
14033.0
12903.5
14009.5
10939.0
10231.0
11108.0
10088.0
1069.0
10182.0
348.5
8524.5
13561.0
5782.0
680.5
5668.5
2028.0
13567.0
11852.5
6225.5
10935.5
419.5
13900.0
13933.5
12098.5
9687.5
14811.0
12581.5
0
665.0
15568.5
11504.5
1959.5
12446.5
1186.0
8834.0
11323.5
5689.0
257.0
8661.5
13282.0
230.5
10134.5
10634.5
2329.0
4427.5
7178.5
12252.0
3946.0
10640.5
8280.5
12954.5
12572.0
1594.5
11250.5
15220.0
11262.5
6937.5
4464.0
9061.5
7436.5
10296.5
5914.0
14077.0
13245.5
10846.0
11273.5
9161.0
1354.5
14059.5
10408.0
1529.0
4340.5
11787.5
14659.0
7808.0
10171.0
10365.0
2648.0
0
6371.5
8558.0
11705.0
10802.5
7268.0
8324.5
10940.0
10507.0
419.5
3596.5
10673.0
12139.5
12752.0
8863.5
12972.5
2059.5
11633.5
7256.5
7235.0
14195.5
7124.0
13019.5
10075.5
10071.5
11351.5
10545.0
9662.0
10957.5
8106.5
637.0
12171.5
11540.5
15917.0
11748.5
4731.5
3861.5
11845.0
2878.0
10541.5
138.0
11923.0
10497.5
12282.0
6484.5
7055.0
9314.5
6562.5
5885.5
1884.5
7546.0
9781.5
2818.5
11175.0
11423.5
6511.0
12343.0
11479.5
4046.5
10388.5
1542.0
11972.0
7310.5
126.5
2718.5
12013.0
8042.0
9524.5
14300.0
11138.0
10557.0
6768.0
7586.5
10885.5
11862.0
10166.5
8177.0
7078.0
4543.5
126.5
14530.0
1133.0
10992.5
7807.5
10540.0
6593.0
12238.0
10905.5
6572.5
13333.5
10986.5
10165.5
3510.0
14120.0
11164.5
10043.0
5191.5
10530.5
5603.0
1466.0
10960.0
3850.5
10679.0
1015.0
6599.0
10456.5
9122.5
932.5
12452.5
0
11074.0
9534.0
5632.0
2955.0
3189.5
12752.5
2610.0
5451.0
1386.0
6365.5
10075.0
14403.0
68.0
10666.0
4413.0
5488.5
6448.5
4897.5
7805.0
10317.5
13923.5
3442.5
10175.0
11388.5
2036.5
14358.0
11614.5
6091.5
15089.5
10833.0
14421.5
4534.5
13816.5
14419.5
1741.0
2206.5
4132.5
10779.5
10188.5
10064.5
10798.5
14606.0
14831.0
12415.0
0
2254.0
14503.0
9693.0
12540.5
10629.0
12909.5
12331.5
2633.0
11162.0
13779.5
10981.5
9227.5
1165.0
7561.0
5694.0
7729.5
12954.5
14174.5
14971.0
6972.5
7802.0
12592.5
0
5852.0
2317.5
7710.5
12333.0
11118.5
10641.0
9855.0
13828.5
13486.0
12918.5
7200.0
11554.0
14325.0
7420.0
8553.5
1142.0
3448.5
10613.5
3768.5
1919.0
2762.0
5926.0
7568.0
10097.0
4871.0
14733.5
13786.5
14224.0
13687.0
10645.0
3872.0
10593.5
13753.5
3394.5
771.5
3466.0
15087.5
5958.5
984.0
8311.0
3429.5
10233.0
12354.5
2363.5
13067.0
5225.5
11106.5
2444.5
15256.0
14419.0
9097.5
9520.5
2569.0
11128.0
3168.0
7766.0
514.5
9154.5
12458.0
12396.5
13104.5
11885.0
1000.5
14630.0
302.0
2379.5
2008.5
12851.5
13612.0
663.5
9005.0
10206.5
2674.5
11858.5
5713.5
12343.0
15435.5
0
13418.5
10077.0
12561.0
736.0
13722.0
9814.0
6470.5
3175.5
14351.5
68.0
13864.5
6192.0
12028.0
7101.0
13672.5
10298.5
10133.0
14102.0
11411.0
11429.5
68.0
13381.5
4504.5
11432.5
3705.5
8647.0
10707.0
10379.5
68.0
0
1575.5
2840.0
10145.0
6809.5
6901.5
1769.5
1869.5
12088.0
6405.5
2367.0
9279.0
10518.0
1250.5
68.0
11253.0
348.5
1515.0
11077.0
11392.0
8620.5
13869.0
3227.0
11101.0
12440.5
7952.5
11820.0
15551.5
13750.5
8697.0
10578.0
12830.5
2175.5
10299.0
3904.0
10651.5
14329.5
5316.5

0
12896.5
4944.5
6662.5
14197.5
9569.0
285.5
10124.0
3092.5
10090.0
12953.5
10933.0
11122.5
7222.5
717.0
10898.0
6964.0
10592.0
14677.0
12517.0
12138.0
3845.5
11633.0
13726.0
4552.0
13709.0
12581.0
11654.5
771.0
12117.0
6724.5
3749.5
1038.0
12042.5
12376.0
13836.5
11860.5
14320.5
12609.0
12606.5
2375.5
9526.0
7776.0
2425.0
5579.5
10922.5
14516.0
4662.0
14724.5
13106.5
10376.0
13342.0
9863.0
14091.0
10062.0
12357.0
68.0
12124.5
11486.5
12893.5
10641.0
11596.0
14730.0
4112.5
1849.0
11196.5
12682.0
1052.0
1140.5
9660.0
10537.5
5077.5
11389.5
10145.0
10485.0
10068.0
11111.5
12412.0
359.0
14108.0
0
2439.0
12760.0
9465.5
12160.5
12264.5
13568.0
12064.5
4224.0
13591.0
12714.5
2188.5
3050.5
3250.0
5207.0
15897.0
2374.0
10565.5
68.0
10303.5
10070.5
12282.0
3041.5
6119.5
12437.0
3259.5
10207.0
11106.0
12732.5
8312.5
1217.5
10729.5
10611.5
11610.5
13191.5
12050.5
10068.0
14881.0
7572.5
10602.5
8587.0
13937.0
8576.0
7084.0
68.0
300.5
6849.5
15002.5
6112.0
11876.0
2405.0
11099.0
11085.0
8706.5
12737.0
11110.5
11670.5
10939.0
14411.5
12348.5
11249.5
14308.0
3391.5
6435.5
12741.5
11022.0
3607.0
1033.5
8785.0
14147.5
11822.5
13087.5
9313.0
1015.0
757.0
12713.0
13216.5
0
15829.0
5405.0
10414.5
10993.0
13013.0
10921.0
10152.0
365.5
2289.0
6354.0
14215.0
9025.0
12340.0
0
10251.0
11413.5
12849.5
13432.0
14487.0
1933.5
3121.5
438.5
0
13236.0
11932.0
7109.5
11015.0
3733.5

12609.5
1260.0
10271.0
12509.5
12632.5
11466.5
12887.0
138.0
14368.0
13987.5
6489.0
0
11419.0
8773.0
12945.5
11827.0
10057.5
2209.0
12928.5
10344.0
316.0
14269.0
13627.0
14598.0
3563.0
14473.5
10192.0
