0
0
126.5
316.0
243.5
583.0
665.0
0
138.0
1048.0
1450.5
1990.0
899.5
0
2404.5
126.5
2615.5
698.5
2600.5
1975.5
1596.5
2666.0
2743.5
3197.0
419.5
771.0
671.0
583.0
3265.0
497.0
2564.5
5438.5
1356.5
4536.0
983.5
2421.0
595.0
3061.5
3843.5
3132.0
3673.0
646.5
6387.0
808.0
955.0
1193.0
886.0
1461.5
646.0
1807.5
4692.0
3588.0
126.5
460.5
1609.0
418.0
663.0
1144.5
943.0
1354.0
4456.5
1136.5
2147.0
438.5
1054.5
419.5
884.5
478.0
2809.5
3209.5
538.0
4168.5
2479.0
961.0
0
4177.0
0
1020.5
2746.0
2879.0
1140.5
4675.0
489.5
736.0
1875.5
1688.5
940.0
243.5
1023.5
0
285.5
2694.0
2410.0
1926.0
138.0
3457.0
1387.0
424.0
591.0
1901.0
4649.0
3663.0
2453.0
2411.5
0
3141.0
706.0
1959.5
4294.0
756.5
4452.5
2173.5
435.5
652.0
535.0
3866.0
528.5
2440.5
3283.0
2217.5
3389.0
2246.0
365.5

2650.5
704.5
1835.0
1614.0
2732.0
438.5
424.0
2662.5
401.0
4045.0
2799.0
2074.5
703.0
1266.5
115.5
912.5
6536.5
3099.0
7564.5
5921.5
2704.0
2164.0
0
2716.5
4435.0
1048.0
2696.5
1507.5
2876.0
3825.0
4833.0
120.5
1823.5
2852.5
2476.0
390.5
887.0
253.0
0
1240.5
2975.0
2670.5
2330.5
5787.5
3879.5
1547.0
809.0
6250.5
0
7645.5
3374.5
4523.5
3409.0
257.0
6156.5
2849.5
2218.0
4159.0
10268.0
3875.5
3444.5
1904.0
1987.0
1788.5
2381.0
10236.5
4303.5
6167.5
126.5
3800.0
8070.0
471.5
3617.0
5468.5
719.0
7124.0
3185.0
10866.0
3665.5
3275.0
6959.5
4378.5
68.0
1565.5
5161.0
4081.5
670.0
300.5
6895.5
4430.0
3029.0
6874.5
7137.0
5365.5
5676.5
183.5
2085.5
2449.0
6159.0
3554.0
5076.0
2368.5
4264.0
1176.0
719.0
2376.5
4708.5
370.5
1508.0
2191.0
841.5
4323.5
2687.5
0
608.5
1399.0
1955.5
845.5
949.5
5808.5
1222.5
2020.0
1648.5
2188.0
831.0
5669.0
1949.5
1924.0
1333.0
695.5
768.5
2478.5
2331.0
1313.5
1741.5
651.5
1458.5
1885.0
2365.0
738.5
419.5
1325.0
3454.5
1059.5
841.0
1307.5
1629.5
1722.0
1104.0
3501.5
419.5
5054.5
1355.0
2147.5
2406.5
2430.0
971.5
1289.5
1675.5
554.0
435.5
4325.0
1923.5
862.0
1343.5
1439.0
1882.5
1315.0
2192.0
786.0
419.5
549.5
359.0
1457.0
1033.0
521.0
0
1335.5
401.0
2624.0
593.5
710.5
4504.5
3703.0
376.0
2879.5
524.5
438.5
1082.5
3259.5
4988.0
1588.5
1968.0
430.5
674.5
2964.5
2850.0
1903.5
126.5
1370.0
790.0
3192.5
1995.0
5227.5
1895.5
497.0
4797.5
1944.0
1810.0
2114.5
7227.0
3906.5
2503.5
3763.0
2520.0
2359.0
667.5
1482.0
359.0
2977.5
2102.0
5784.0
5649.0
126.5
4165.5
5904.0
8279.0
4500.0
7426.5
2560.5
1346.5
3877.5
7972.5
8896.0
3161.0
769.0
5730.5
126.5
5119.5
453.5
6717.5
3509.0
1906.5
6441.5
2675.0
7632.5
3299.5
6308.0
5365.5
1755.5
4991.0
1432.0
6586.0
6484.5
4799.5
4371.0
5405.5
5056.5
0
2032.0
7308.5
1579.0
2092.5
1067.0
2891.0
4557.0
3210.5
383.0
5897.5
6580.0
1571.5
9727.5
3166.0
2839.0
6003.5
3471.5
7816.5
5345.5
5952.5
5488.5
2105.5
4201.5
7776.0
6885.0
8814.5
1129.0
3542.0
9018.0
5720.5
886.0
2942.0
2782.0
2938.0
2022.0
4104.0
7708.5
3765.5
1751.5
6032.5
2438.0
9149.0
3020.0
4838.5
2639.0
3860.5
2482.5
3788.5
6497.5
6095.0
2043.0
5199.5
7092.5
2237.5
4534.0
4276.0
5397.5
4553.5
2117.5
3493.5
10579.5
3821.0
3950.0
6617.0
9305.0
5014.5
2198.0
7052.5
1748.5
401.0
6205.0
1877.5
4899.5
2036.5
3550.0
3989.5
915.5
7388.5
2103.0
0
6915.0
4421.0
68.0
4740.5
3314.5
2601.5
5860.5
5027.5
2253.5
6042.0
1019.5
0
6413.5
2857.5
1503.5
0
0
5324.0
0
4767.5
3181.0
2922.0
5664.5
0
7104.5
6456.5
5344.5
3969.0
5353.5
1699.0
4813.0
4288.0
9721.5
0
4606.0
5266.0
4881.5
1351.0
478.0
4991.5
0
8548.5
2374.5
1081.0
6994.5
6025.5
194.5
736.0
3745.5
6032.5
2781.5
6206.0
2619.5
2934.5
0
3861.5
4849.5
3475.0
6953.5
6995.5
5994.0
6732.5
5940.5
3592.0
3150.5
2266.0
6098.5
3495.5
4680.5
6807.5
2996.5
5527.0
3187.5
5718.0
7257.5
289.0
3232.5
2677.0
4355.5
4315.0
6495.0
138.0
2215.5
6687.5
7700.0
6789.0
2834.0
9597.5
4813.0
2433.5
5728.0
5661.5
5634.5
891.5
9632.5
0
6649.0
0
4582.5
3372.0
1383.5
2308.0
1389.0
4667.5
7834.0
8991.5
4437.0
481.0
3737.5
8302.5
2761.5
10940.0
3532.5
3027.0
5895.5
3653.0
9605.0
11954.0
6562.0
2844.0
3851.0
6265.5
4276.0
3837.0
285.5
812.0
6899.0
6277.5
7646.5
3598.5
3081.5
8719.5
5981.5
7956.5
6746.5
967.0
5213.5
3764.5
10081.5
535.0
5235.5
1680.0
8847.5
9494.0
3518.5
1670.5
519.5
1266.0
3546.0
8486.5
3389.5
3361.0
6159.0
1865.0
5319.5
10210.5
435.5
6495.5
4564.0
8956.0
1588.5
3487.5
7637.0
9674.5
2004.5
10408.5
7218.5
5091.5
2015.0
671.0
5178.5
243.0
3605.0
3629.0
5882.5
4243.5
6660.0
646.0
3516.5
6664.5
3592.0
2578.5
0
190.5
2425.0
6531.0
2441.5
7161.0
1927.0
5723.0
7512.0
8757.0
2834.5
2295.5
4497.0
1374.0
7378.0
3639.5
10198.0
7440.0
3342.5
3168.0
2250.0
257.0
2756.0
1482.5
1778.5
1840.5
6784.5
68.0
1758.0
11493.0
4881.0
7271.0
1706.0
3955.5
4410.5
3220.0
2000.5
3871.0
0
10111.0
2965.5
10095.0
0
7116.0
492.0
4840.0
7311.0
3470.0
2276.5
2514.5
2651.5
3004.5
5204.0
7457.0
4334.0
2330.0
3078.0
2954.5
7134.0
5359.0
0
5420.0
8362.0
6812.0
9217.0
1650.0
2035.0
4069.0
7310.0
3474.0
2437.5
6151.5
5411.0
6931.0
5528.5
3045.5
1948.0
1592.0
8416.0
7466.5
7170.0
6306.5
3785.0
1987.5
5848.5
2610.0
2445.5
6820.5
2524.0
6049.5
9529.5
8831.0
2759.5
0
7731.0
0
10121.0
1032.0
8062.5
3107.5
1572.5
9652.5
6324.0
5289.5
5057.0
6166.0
841.5
7636.5
2305.5
9007.5
8714.0
5025.5
5608.0
0
9669.0
0
7413.5
6261.5
0
5381.0
0
6760.5
8244.0
126.5
2671.5
3309.5
8459.0
7979.5
0
774.5
9308.5
4938.5
5876.0
7409.0
1472.5
10946.0
2042.0
0
5250.0
1021.0
714.5
1797.0
6662.0
0
0
8822.5
8121.5
5586.0
5492.5
3832.5
7982.0
5339.0
6286.0
4644.5
2229.5
5569.0
2874.0
5676.5
1869.0
6077.0
8738.0
6394.0
6974.5
4888.5
2945.0
1598.0
5840.5
2564.0
683.5
68.0
5638.0
3305.5
785.5
7542.5
0
3741.0
3650.5
3265.0
0
4154.0
3267.0
9485.5
1638.5
5700.0
6686.0
2997.0
6975.0
6069.5
4048.5
1637.5
595.0

1126.5
3086.0
7212.5
6888.5
745.5
4353.0
3161.0
5594.5
9402.5
2975.0
9192.5
4718.0
3184.5
4642.5
4188.5
7623.5
8227.0
4624.0
7011.0
1000.5
3807.5
2433.0
2022.5
3454.0
7606.5
6777.5
2224.5
3292.5
5600.5
8218.5
3186.5
4146.0
633.5
0
10088.0
8507.0
583.0
3135.5
4465.5
4475.0
5885.5
6599.5
0
2615.5
126.5
1351.5
2564.0
3137.0
1039.5
6190.0
8689.0
1898.5
7973.5
1340.0
9664.5
7386.5
7869.5
5533.5
3725.5
4153.0
5018.0
0
7717.0
10226.0
7308.0
2698.0
5507.0
10203.0
6561.0
895.5
2307.0
0
2068.5
0
3124.0
5477.0
3419.0
2231.0
7498.0
3461.5
5922.0
5830.0
1811.5
8008.5
4737.5
7860.0
7196.0
5213.0
7200.5
10167.5
562.0
4681.0
300.5
4900.0
3166.0
2092.0
2396.0
6103.0
7580.0
1127.0
7131.5
2589.0
6988.5
8173.0
9822.0
0
3842.5
6600.5
6371.5
4345.0
6372.5
2685.0
0
8055.5
2233.5
5470.5
2600.5
7948.5
7313.0
9483.0
7438.5
3266.0
2876.5
11561.0
6592.0
8148.5
3835.5
1593.5
6752.0
4050.5
10363.0
2073.5
595.0
6978.0
6950.5
6324.0
5184.0
5299.0
1553.5
7172.5
5804.0
6504.5
4176.5
7113.5
9080.5
10787.5
0
2575.5
6757.5
6937.0
4471.5
3334.5
6124.5
6375.0
3918.0
6155.5
9825.5
3169.0
4266.5
0
6163.5
6240.0
10622.5
7909.5
6529.5
10764.5
0
7910.5
9980.0
0
1320.5
3872.5
2606.0
4854.5
7551.0
2986.5
5123.0
2579.5
10062.0
4085.0
2897.0
126.5
4975.0
7296.5
6330.0
7965.0
3756.5
6488.5
7205.0
2791.0
6831.5
7848.5
3269.0
7153.0
4170.0
3228.5
7546.0
7604.5
10960.5
0
8755.5
7911.5
2560.5
5846.5
8008.5
8071.0
6288.0
2246.0
4333.5
138.0
6881.0
10469.5
7315.0
998.0
8776.0
8613.0
9954.5
5042.5
2038.0
3248.0
5039.5
11855.5
5888.0
8373.0
9225.0
6743.0
3818.0
3097.0
8254.0
2038.0
9458.0
7984.0
7343.0
4984.5
9327.5
7621.0
1403.5
3548.0
4953.0
10991.0
4330.5
4304.5
10716.5
3811.0
4264.0
5262.0
4264.5
2759.0
1056.0
736.0
7283.0
5691.5
4365.0
5762.0
7270.5
7228.0
7716.5
4304.0
3027.5
4503.5
7460.0
6155.5
5980.0
11809.5
6264.5
4312.0
7613.5
1480.5
6943.0
1540.5
5474.0
8337.0
9291.0
9806.5
8779.0
1068.5
1762.5
8303.0
6517.5
5867.0
3028.5
9755.0
2236.0
1932.5
9608.5
5672.0
7196.5
12244.0
2766.0
6952.0
6157.0
4934.5
1212.5
3217.0
3602.5
3425.5
2341.0
6426.5
9811.0
6152.0
8807.5
5329.5
2315.5
1824.5
9577.0
0
3558.5
4180.5
6411.5
7159.5
8394.0
7925.0
5480.5
7828.0
13858.5
7586.5
8600.5
4834.5
7410.0
8669.5
9049.0
8025.0
68.0
8975.5
9064.5
2814.0
8910.0
6812.0
4441.5
11466.0
9553.0
6210.0
8955.0
5300.0
2101.0
7645.0
8510.5
6478.0
6931.0
10240.0
5161.5
3090.5
7202.5
7868.5
7752.0
2372.5
5601.0
1333.0
1806.0
11091.0
3958.5
860.5
2475.5
5376.0
5224.5
8441.0
5125.0
5902.5
4508.0
6271.5
7583.5
11052.0
2296.5
8120.5
359.0
3910.5
2587.0
6679.5
5011.0
4178.5
7679.5
6709.5
8075.5
6139.0
9322.5
183.5
4006.5
8080.5
6362.5
8192.0
5057.5
2223.5
6880.5
713.5
5897.5
68.0
5152.5
2885.5
7045.5
7021.0
8156.0
1509.5
583.0
646.0
10034.5
4506.0
5833.0
10160.5
787.0
7731.0
7525.0
3588.0
5594.0
6938.0
5002.5
1178.5
2688.0
979.0
5547.0
8478.5
3233.5
6200.5
7320.0
10057.5
0
8569.0
5732.5
7313.5
3658.0
2660.5
1570.0
2763.5
7063.0
3588.0
9224.0
4569.5
9978.0
9005.5
6871.0
6151.0
2021.0
10373.0
6544.5
9660.0
8658.5
4523.0
4451.5
10575.5
5899.5
2113.0
3275.0
6251.0
6362.0
6424.5
9256.5
7171.5
12267.5
10942.0
11203.0
9414.0
8647.0
8470.0
7183.5
8411.5
5716.0
10690.0
5385.5
10524.0
1709.0
0
8544.0
5368.0
3058.0
365.5
8146.5
1106.5
5255.0
1089.5
12256.5
8547.0
7226.5
6507.5
2511.0
1653.5
4189.5
4893.0
9916.5
9289.0
3731.0
10191.5
5786.0
776.0
4383.0
7688.0
4985.5
459.5
6464.0
9076.0
0
5687.5
4430.0
6008.5
699.5
2934.0
3551.0
6034.0
8088.5
5153.5
4478.5
4241.0
4199.0
8143.0
8265.5
10977.0
4640.0
5729.5
4652.5
6511.0
5864.0
3172.0
8043.5
6653.5
2590.5
4759.5
1161.0
11090.5
3983.5
7645.0
7571.0
8804.5
5607.0
2990.5
7735.0
6527.0
8959.5
0
6980.0
7007.5
8429.5
4503.5
5724.0
6758.0
3453.5
9708.0
9712.0
6981.5
7971.5
8616.0
2321.5
6895.5
9163.5
7704.5
5012.5
5005.5
4977.0
8676.5
8427.5
9746.0
7502.5
10929.0
8988.5
9935.5
4563.0
7130.0
9498.5
6419.0
2540.5
5455.0
5172.0
4160.0
6527.5
6888.0
5243.0
6289.5
6204.0
11228.5
14225.0
3580.5
8924.0
7014.5
2916.5
4818.0
5483.5
10726.0
2709.0
4843.5
4284.5
419.5
8780.0
2341.0
5564.5
9496.5
6208.5
7347.5
4481.5
8578.0
6934.0
2455.0
7637.0
2849.5
0
5222.5
7782.5
10058.0
2943.0
7489.5
10059.5
5569.5
7820.5
7002.0
6346.5
8554.0
8229.5
5119.0
11698.5
2837.5
7295.0
6850.0
4790.0
6687.5
5400.5
8077.0
9080.5
9631.0
9407.5
2747.0
7985.5
10192.5
5996.0
0
8186.5
300.5
3818.0
7239.0
5972.0
6984.5
9352.0
2837.0
8721.5
9159.0
6924.0
4364.5
8828.0
8746.5
4073.5
7155.0
8049.0
10943.0
4771.0
3654.0
10075.0
9791.0
10056.0
1281.5
5582.5
1073.0
8653.0
5594.5
8339.5
1666.5
4104.5
7371.0
11858.5
9197.5
9603.0
10535.5
6820.5
8449.5
10084.5
882.0
7475.5
8223.5
6446.0
7056.5
5594.5
7580.0
6869.5
7365.0
9062.5
9402.0
6115.5
2587.0
9467.0
7198.0
5909.5
6408.5
6145.0
10052.5
11645.5
9932.5
10195.0
257.0
9176.0
68.0
5792.0
6038.0
5481.5
2985.5
9431.0
6986.5
10512.5
10600.5
6285.0
6843.0
8429.0
3542.5
68.0
6197.0
9620.0
8452.0
3899.5
6405.0
6884.0
7666.0
7236.5
8547.0
5115.5
4526.5
4860.5
9822.5
2199.0
5619.5
299.0
4110.5
10627.0
7332.0
10656.5
5014.0
6451.0
5663.5
6320.5
2136.5
2386.0
7103.0
68.0
10414.5
7971.0
4612.0
8167.5
6228.5
11105.5
0
6351.5
5695.0
7770.0
2066.0
8249.5
7045.0
6815.0
7953.5
138.0
7640.0
8590.5
6012.5
5959.5
6208.0
9643.0
0
2370.0
6882.0
9931.0
9379.0
5040.0
6386.5
6689.0
6218.0
10571.5
407.0
11456.0
7784.5
9752.5
10368.5
6130.0
6984.0
7041.0
4917.0
5603.0
2556.0
5472.0
4498.0
8565.0
8904.0
6938.5
7423.5
9056.0
2149.0
5665.5
9744.0
10506.5
7420.5
6125.5
1396.0
7076.5
10152.5
6202.5
6731.5
10978.0
794.5
9027.0
5947.0
5562.5
5539.5
6684.5
7853.0
7321.0
6776.5
7249.0
7898.0
6826.0
8290.0
3502.0
8565.0
11080.5
9040.0
0
5582.0
8581.5
9248.0
2456.5
7535.5
7507.5
10952.0
5791.5
5502.0
2561.0
7969.0
8689.0
10841.5
8465.5
8530.0
6838.5
6324.0
5679.0
1806.0
5023.0
8495.0
8273.5
4241.0
8905.5
12289.5
431.5
8586.0
7102.5
9199.0
5036.5
8283.5
7288.5
478.0
9527.0
6165.5
6002.0
5648.0
2303.0
8364.0
7984.0
8537.0
8975.5
11371.5
5848.0
5623.5
10045.5
7119.5
3893.5
4144.0
9221.0
3007.0
6812.0
9373.5
3576.5
9943.5
7940.0
1068.5
5907.5
7809.0
8283.0
8099.0
4893.0
8300.5
10194.5
1740.5
8642.0
7613.0
4922.0
9204.5
10128.5
7599.0
5144.0
0
7153.0
5641.5
848.5
7208.5
7562.5
5659.0
9356.5
7172.5
8849.5
138.0
7797.0
4409.0
497.0
4889.0
10054.5
1683.0
10057.5
5715.0
9733.5
4087.0
10217.0
771.0
12932.0
11525.0
10561.5
8443.5
7238.5
7126.0
1142.0
7355.0
5919.5
9818.0
8002.0
7147.0
7845.5
9316.0
6385.0
7088.5
9412.5
8924.5
9723.5
770.0
8305.0
11897.5
3308.5
9394.0
6822.0
10132.5
10528.0
7510.5
6435.5
9030.0
10071.5
5658.5
9854.0
3818.0
10069.5
5603.0
3039.5
497.0
8915.5
5746.0
9708.0
4531.0
6174.0
8002.5
6456.0
6219.5
9422.0
6947.5
7239.5
7059.0
8606.0
7749.0
10633.0
7852.5
9796.5
6989.0
9608.0
7576.0
3459.5
4176.0
5691.0
10498.5
6346.5
8848.5
2240.0
13629.0
6100.5
8262.5
7436.0
5478.0
9931.0
11701.5
7292.5
10982.5
11084.0
7477.5
5719.5
4925.0
10212.0
2094.0
9377.5
7471.0
6881.5
5254.0
126.5
5484.5
3125.0
9585.0
8062.0
10249.5
10183.0
11497.5
1424.0
9644.5
6365.5
4278.0
4865.0
6593.0
9187.5
10049.0
8708.5
10205.5
10247.5
4491.0
4955.0
11069.5
10559.0
9437.5
3255.0
4247.0
10249.0
10049.5
2723.0
10056.0
10862.0
6725.5
12379.0
2109.0
0
6980.5
1003.0
4216.0
4406.5
10056.0
11453.0
4825.0
5289.0
598.0
10382.0
7288.0
300.5
10251.5
10452.0
6461.5
10998.0
4128.5
10260.5
6675.5
68.0
1557.0
2419.5
9203.0
1850.0
4029.0
0
3493.0
8003.0
9583.5
5620.0
10863.0
4616.5
2601.5
1444.0
7920.5
4317.0
2669.0
8156.0
3495.0
3870.5
3173.0
6762.5
8037.0
6629.0
4370.5
11543.0
0
3195.0
7205.0
3726.5
3496.0
7379.5
4216.0
7483.5
1297.5
5945.5
8229.0
478.0
6767.0
9133.5
8199.5
1402.5
13146.0
2451.5
10318.5
13316.5
419.5
10861.5
8747.5
12897.5
3157.5
7218.5
10898.5
9123.0
2014.5
11537.0
5941.0
7165.5
9011.5
6273.5
0
8828.0
3879.5
4404.5
5657.5
5257.0
11921.0
4907.0
10185.0
9463.5
8847.5
7716.5
4667.5
5456.5
7969.0
3460.5
6658.0
0
9184.5
6887.5
7402.5
7179.5
4703.5
11309.0
8412.0
10254.0
6088.5
5106.5
3919.0
9300.5
9087.0
7721.0
5475.0
6659.0
6103.0
3086.0
11189.0
10558.5
6073.5
5218.5
6300.0
613.5
10217.5
2715.0
6349.5
5757.5
9823.0
6707.5
5329.5
7484.5
10140.0
11316.0
11721.0
8588.0
6787.5
7182.5
3072.5
12224.0
10341.5
11258.0
5794.0
7468.5
6812.0
10950.0
4313.5
3216.0
3747.5
5801.0
11004.5
6109.5
6126.0
0
7447.0
11152.0
7610.5
10326.0
6683.5
4026.0
3162.5
3769.5
7381.5
6210.5
0
5967.5
8700.5
11912.0
5436.0
6209.5
4090.5
9008.0
10706.0
10842.5
10182.5
7752.0
10535.5
2338.5
6982.5
8513.5
3376.0
5986.0
7197.0
11293.0
10520.0
6399.0
12546.5
10950.5
8111.5
3097.0
3209.0
7069.5
4611.0
9564.0
6901.0
10135.5
562.0
7840.5
10162.0
4584.5
6390.0
126.5
2528.0
8172.0
6769.0
9491.0
9698.5
10320.5
9019.5
6512.5
7862.5
7055.5
3974.5
5131.0
4052.0
8127.0
6775.0
10951.0
4159.5
8332.0
6079.0
7142.0
674.5
2114.5
4356.0
6456.5
7685.5
2754.5
1304.5
9661.0
8736.5
5858.5
4284.0
7946.5
6325.5
4537.0
7599.5
8116.0
10837.5
8143.5
4022.0
7079.5
10645.0
10052.5
5965.5
8414.0
11965.5
2918.0
9061.5
12070.0
7813.0
4169.5
7853.5
8750.0
2741.0
11444.5
4763.5
7421.5
2352.5
8174.0
3787.0
6579.5
10344.0
10300.0
6222.5
6822.5
3589.0
6636.5
10186.0
126.5
6678.0
6862.5
6714.5
5524.0
6660.5
7486.0
8049.0
3321.5
5736.0
3304.0
10141.5
0
6212.0
10863.0
5057.0
3306.0
7027.0
4979.0
11287.0
9417.5
2327.5
6248.0
10062.0
5629.0
5864.0
8971.5
9522.0
9948.5
4882.5
4585.5
8970.5
9591.0
8298.5
7007.5
0
10048.0
3852.0
812.5
771.5
6260.5
8570.5
6377.5
10073.5
6990.5
68.0
6454.5
8932.0
3327.5
7306.5
1935.0
6027.0
6608.0
7773.0
10057.0
6785.0
10565.5
7701.0
5890.0
4691.0
13701.5
7055.0
11272.5
10046.0
10095.0
5812.5
808.5
1510.0
7415.0
4173.5
8696.5
7272.5
10003.0
8758.5
10629.5
7609.0
8524.0
9003.5
7526.0
7683.5
7027.5
6782.0
2900.5
10957.0
7932.0
7147.5
8383.0
10824.5
10074.5
8488.0
7606.5
4321.5
5755.5
5165.0
7439.5
4010.5
5560.5
9789.5
11074.5
7705.5
7731.0
9053.0
5693.0
12190.5
8919.0
7139.0
7010.5
2907.5
10172.0
5177.0
12109.0
5939.0
7833.0
8896.0
8767.0
8742.5
6965.5
7633.0
9345.5
5152.0
9826.0
7832.5
3765.0
6666.0
8143.5
8361.5
12178.0
8914.0
6519.0
10533.5
12435.5
6645.0
7584.5
10099.0
7347.5
7715.5
2867.5
11908.5
3463.0
9099.5
10099.0
734.5
10335.5
841.0
7898.0
12284.0
10228.0
7301.0
6383.5
9050.0
10673.0
6928.0
7418.5
10577.0
8255.0
10973.0
3481.5
7981.0
7365.0
5329.5

6588.5
10855.5
7594.5
10799.0
7264.5
8971.0
7805.5
9868.0
8788.0
6695.0
9347.0
7138.5
9438.5
9190.0
6070.5
9961.0
9377.0
9561.5
7707.0
10248.5
9779.0
11555.0
6611.5
8654.5
6299.5
10068.5
9137.0
9764.5
4315.0
12847.0
8210.5
6335.0
8533.0
9285.5
7954.5
9377.5
7010.0
8829.5
8583.0
6188.0
6795.5
6553.0
4297.5
7823.5
667.0
2115.5
7806.0
9361.0
5493.0
4635.5
9271.5
10462.5
8090.5
10107.5
6838.5
6541.0
6453.0
7777.5
7879.0
8023.0
9256.0
11843.0
8976.0
3899.5
9805.5
6705.0
7176.0
11889.0
9790.5
7470.5
4969.5
6202.0
9999.0
8852.5
8166.0
7075.5
9808.5
4680.5
10930.0
7756.0
9367.0
7533.0
4509.5
9202.0
964.0
7399.0
8209.0
6039.0
6855.0
6473.0
12391.5
6214.0
6110.5
10068.5
489.5
7333.0
1898.0
3110.5
8889.0
6828.0
7516.5
11278.5
2249.5
2579.0
3750.5
9927.0
1157.5
1442.5
8037.0
4238.0
4954.0
4319.0
3580.5
8161.0
7512.0
6816.5
9124.0
7407.0
9676.5
9319.5
6381.5
8779.5
1336.0
9972.5
6758.5
11839.5
7093.5
6326.5
9610.5
7435.0
10123.0
8694.0
1138.5
6915.0
9588.5
5151.0
7116.0
10462.5
7863.0
6233.0
300.5
68.0
8318.0
10161.5
7907.5
7902.0
11214.5
13609.5
9503.0
6556.5
9932.5
8925.0
8997.0
2818.0
9367.5
10099.5
9602.0
7314.0
8299.0
11510.0
13786.0
8883.5
9725.0
11086.0
5611.0
9260.0
13072.5
1544.0
10824.0
8435.5
6187.0
3177.5
0
4977.5
10347.0
4921.5
7188.0
9201.5
9192.0
8293.0
10304.5
8805.5
12024.5
4366.5
6637.0
1316.5
9386.5
11181.0
6036.0
5771.0
4481.5
1114.5
10254.5
10870.0
5943.0
10046.5
12238.5
11042.5
8256.5
8128.0
3442.5
11406.5
8482.0
9355.0
8484.5
126.5
6997.0
7321.0
419.5
771.0
6913.0
7837.5
6535.5
9041.5
7658.0
10638.0
10690.5
9606.0
8848.5
8584.5
2432.0
11721.5
13039.5
8275.0
5017.5
8149.0
9537.0
4067.0
2156.5
8592.5
8792.0
10110.0
7014.5
7897.0
6870.5
9828.5
7758.0
7118.5
478.0
10388.5
9135.0
10524.0
68.0
6436.5
3744.5
10970.5
8995.0
13225.0
6559.0
2645.5
7126.5
13766.0
4695.0
8769.0
663.5
355.5
12832.5
6944.5
5451.0
7186.5
9633.0
7087.5
4486.0
10753.0
3737.5
6783.0
8450.0
895.5
9033.0
243.5
6048.5
6178.5
4391.5
9659.0
960.5
8509.0
9805.0
7450.5
10719.5
11707.0
10968.5
4586.5
4861.5
7414.0
126.5
6315.0
8485.5
9273.5
7957.0
9826.0
8248.5
9510.0
3151.5
5376.0
9845.5
7635.5
7090.5
8015.0
3800.5
4627.5
4868.0
7150.0
9389.0
4653.5
3816.0
848.5
11394.5
1987.0
6199.5
1610.5
9276.5
8539.0
9322.5
12246.0
6725.0
4380.5
1691.5
6092.0
2989.0
8434.5
2988.5
2237.0
0
10163.0
6742.5
13159.5
11836.5
1224.0
6062.5
11535.0
1107.0
7102.5
1810.0
11762.0
1276.5
2567.0
11216.5
10964.5
1387.0
7019.5
68.0
9809.5
10485.5
4564.0
12521.5
5954.0
11051.5
10138.5
10006.0
4815.0
8453.0
7468.0
10680.0
3283.5
5090.5
7016.5
8074.5
407.0
2988.0
5806.5
10331.0
2826.5
9938.5
9068.0
9328.0
6179.0
10533.5
7659.0
4092.5
12695.0
10946.0
10812.0
10112.0
13719.5
1773.0
11067.5
7857.5
10276.0
7539.0
4215.0
10596.5
8336.5
5897.5
5478.0
11381.5
10250.0
4181.5
7791.0
8539.0
7567.0
11139.5
2707.5
7796.0
10063.5
10214.0
7590.0
809.0
3801.0
5100.0
6119.0
11234.5
7691.5
11369.0
7781.5
9623.0
8703.5
10103.0
7586.5
365.5
2143.5
11532.5
5684.5
3602.5
5962.5
7432.5
4012.5
8287.5
6800.5
8224.0
8878.0
4977.0
10288.0
6765.0
1036.0
10018.5
7871.5
0
348.5
7637.0
8486.0
10195.0
9791.5
8090.5
8694.0
12148.0
10117.5
6328.5
8577.5
9302.5
1600.0
7917.5
8494.0
8385.5
12044.0
9852.5
8535.0
10542.5
10202.5
10942.5
8360.5
5947.0
719.0
11374.5
7468.0
68.0
704.5
3451.5
126.5
10439.5
6246.5
11707.5
2392.0
10506.5
7797.5
9976.0
7565.5
3971.5
6593.5
8234.5
68.0
3078.0
9716.5
9803.5
8793.5
8220.0
6130.5
10508.5
7626.5
11442.5
6943.0
8707.0
8874.5
5129.0
5760.0
3173.0
68.0
9604.5
7628.5
6731.5
6995.0
3361.5
7400.5
6182.5
6534.5
7103.0
10101.0
8283.5
6676.0
6912.0
13882.5
6601.5
11776.0
6030.5
7669.5
3312.5
3316.5
8252.5
10060.5
1911.5
3870.0
6448.5
7849.0
7422.0
8438.0
10144.0
5375.0
7664.5
680.5
4821.5
7944.0
9280.5
8254.5
5666.5
9161.5
0
5167.5
68.0
10694.5
11774.5
7026.0
9257.5
6355.0
11830.5
4748.5
4805.0
8742.5
1482.5
10643.0
5265.0
6448.5
10511.0
8605.0
4692.0
7967.5
8343.0
11740.0
6542.5
2794.5
10114.0
10736.0
8495.0
6733.0
4173.5
3166.5
9579.5
6365.0
12842.0
9961.5
11703.0
6386.5
5718.0
7489.0
11328.0
8475.5
7525.5
9303.0
14517.0
10314.5
6190.5
10887.5
8166.5
5921.0
6890.0
5111.5
11459.0
7976.5
10064.5
8238.0
5876.0
489.5
9287.5
2980.5
4397.5
3662.0
7298.5
6190.5
6413.5
5555.5
9266.5
11467.5
6585.5
6916.0
6206.5
10686.5
6612.5
9346.5
6419.5
2506.0
10976.5
6933.5
5471.5
3353.5
6436.0
2601.0
10130.0
5662.5
7155.5
10116.5
4051.0
5763.0
7352.0
7721.0
8424.0
9464.5
2006.5
4125.0
10392.5
7257.5
8423.5
10241.5
4976.0
6331.5
9609.0
4594.5
6331.0
11853.5
11798.0
7992.5
7610.5
6666.5
10620.0
12197.0
10883.0
5557.5
7396.5
848.5
939.5
5071.5
4726.0
4745.0
10283.5
5734.5
7137.5
8063.5
7732.0
9405.0
10735.0
10592.0
0
7751.0
9430.0
4886.5
4136.5
9542.5
9186.0
9380.5
7566.5
0
1704.0
7372.5
10236.5
5319.5
9190.0
6703.5
5868.0
10472.5
4634.5
6874.5
11879.5
10211.0
5766.0
9194.5
8787.0
10200.0
4868.5
10956.0
10778.0
6092.0
4864.0
4994.0
9021.0
5112.5
11385.5
7695.5
7433.5
10275.0
9741.5
10374.0
11671.0
11580.5
7865.0
12995.0
9404.0
4617.0
9241.0
11063.0
5300.5
9188.5
8824.0
6040.5
9284.5
11107.0
6106.5
3255.0
2813.0
5543.5
9998.0
11296.0
10147.5
8564.5
6899.5
6991.5
10116.5
8859.5
6727.5
1089.5
7974.0
9754.0
5548.5
9165.5
10097.0
8963.0
9630.0
4018.0
10748.0
9668.0
4867.5
10470.5
7255.5
9022.5
5829.5
10963.0
9235.0
5741.0
6069.5
4981.0
9558.0
5538.5
3671.5
7231.5
9037.0
5122.5
4615.0
9195.5
10969.5
6517.5
8535.0
11724.5
9028.5
10767.0
3192.0
7165.0
4292.0
0
3899.0
9219.0
6866.5
10409.5
2198.5
10419.5
9621.5
8775.5
6316.0
5697.5
7696.5
4925.5
6242.5
7314.0
3375.5
7309.0
10366.5
8476.0
0
3672.5
7886.5
6584.5
11842.5
8639.0
10501.0
5557.0
8276.0
13194.5
5217.5
5034.0
7464.0
10951.0
11054.0
12060.5
8036.5
10490.0
6077.5
3329.0
9941.5
9590.5
8618.0
8151.0
6720.5
4970.5
10196.0
7518.0
9383.0
10632.5
13278.5
9319.0
10764.5
12724.0
3678.0
6204.5
10515.0
6837.5
10509.0
0
12269.0
7785.5
9241.5
10617.5
10446.0
126.5
7047.0
365.5
2793.5
8804.0
10490.0
11961.0
6738.5
9572.5
7386.5
10261.5
5876.5
11833.5
3921.0
12116.5
6679.0
12480.0
6221.0
10691.0
3030.5
8867.0
4536.5
11664.5
8200.0
424.0
8388.0
10313.5
3455.0
5549.5
10142.0
4274.5
8358.5
9573.0
3806.0
2831.0
11750.0
10834.0
9203.0
6149.5
7912.0
9518.5
8526.5
5788.5
10087.0
6761.0
10255.5
7741.0
7561.0
6660.0
4935.0
11014.5
6567.5
6959.0
4316.5
848.5
8295.0
4301.0
11212.5
6580.0
1817.5
10953.5
424.0
6194.5
6874.5
11178.5
4719.0
5763.0
11266.0
9263.0
8444.5
333.0
4467.0
9753.5
0
9277.5
2487.5
781.5
2944.5
8369.5
5974.0
14057.0
11390.0
4681.0
11970.0
7950.5
3933.0
8523.0
8787.5
10239.5
6378.5
10963.5
10942.5
10347.5
9482.5
438.5
2919.0
10755.0
7220.5
10103.5
8463.5
11144.0
6021.5
12303.0
5529.5
5709.5
10148.0
11274.0
10571.0
6768.0
11841.0
6574.0
7508.5
7222.0
6644.5
3243.5
11392.5
6146.5
11892.5
6919.5
10390.0
4622.5
8730.0
13306.5
5861.0
3700.5
6580.0
10324.0
10217.5
9697.0
6623.0
11312.5
6327.5
8163.0
4941.5
2667.0
10071.0
10782.5
10566.0
10370.5
10347.5
8412.0
8903.0
6696.5
6540.0
9628.0
11450.5
6857.5
10600.0
8055.5
10257.5
11610.0
6133.0
8306.5
5328.0
11371.0
4703.0
5445.0
6411.5
5137.0
12045.5
4538.0
8037.5
10675.5
2148.0
9496.0
7567.0
9844.0
11116.0
7112.0
10180.5
9902.0
10556.0
7406.5
11180.0
9213.0
2246.0
0
12711.0
5668.5
10194.0
10619.0
12878.0
10663.5
5926.0
0
10238.5
528.0
10620.5
13484.0
10222.0
4778.0
9693.5
11513.0
8800.0
3685.5
5306.5
11416.0
365.5
12963.5
10257.5
12288.5
8655.5
0
7842.5
4733.0
3108.0
6138.0
10990.5
10122.0
3452.0
4810.0
8407.0
4414.0
9770.5
3014.5
10552.0
7588.5
10742.0
7349.5
2653.0
3321.0
9867.5
10294.0
11732.0
4021.0
8076.0
6091.5
971.5
7097.5
10864.0
11233.0
6906.5
10482.5
9582.5
9709.5
11393.5
9987.0
13656.0
3028.5
6658.0
6016.0
5301.5
10541.5
4702.0
8642.5
12057.0
3540.0
9638.0
9756.0
12992.5
6947.0
5140.0
5747.0
9460.0
10546.5
10488.0
10760.0
7071.0
1259.0
3822.5
8567.5
8733.0
8997.5
5681.5
4133.5
5824.0
5037.0
9921.0
7332.0
11042.5
9477.5
2891.5
1106.0
1969.5
10963.0
8543.5
10944.0
0
10621.0
13131.5
14496.5
8600.0
5553.0
10317.5
11106.5
8103.0
12713.0
8579.0
8123.0
3049.0
9373.5
7005.5
10963.0
7765.0
11991.5
7090.5
4381.0
10059.5
9263.5
12600.5
6748.5
8047.5
4862.0
9388.5
10288.5
2833.0
10168.0
6410.5
10587.0
10624.0
0
11030.0
6642.5
12172.5
8177.5
10081.0
7958.5
12316.0
3396.0
12344.0
6299.0
8857.0
10388.0
6780.5
6703.0
10063.0
9789.0
10061.0
8405.5
5429.5
2769.5
4350.5
9394.5
7439.5
0
6482.0
8404.5
7358.0
12486.5
10909.5
9906.0
5498.0
5001.0
9273.0
12277.5
10016.0
9434.5
5422.0
8542.0
10035.0
7093.5
7186.0
8287.0
7613.0
13177.5
12286.5
9141.5
9308.0
10215.5
9561.5
10779.5
10309.0
10986.5
8864.5
6596.0
8480.0
8993.0
2073.0
424.0

5780.0
9187.5
6121.0
5323.5
11272.0
4815.5
6549.5
5528.5
9410.0
4013.5
8628.0
10404.0
7486.0
6423.0
2730.0
11763.5
10334.5
5718.0
11396.5
4812.0
12444.5
6302.0
5826.5
10503.5
10149.0
2846.5
9038.5
0
7913.5
2460.0
7201.0
9112.5
9660.0
11908.5
1671.0
10861.0
10731.5
10507.5
14072.5
3670.0
7292.0
2212.0
10163.5
8273.0
10049.0
7106.5
6308.0
1138.5
6865.5
10943.5
7668.5
11105.5
9536.5
4822.5
11793.0
961.0
8840.0
1367.5
6941.0
4714.0
12106.0
598.0
1334.0
9605.0
5973.5
8521.5
14676.0
0
5807.0
7776.0
5682.0
3437.5
6728.0
803.0
4644.0
8832.5
6995.0
8710.5
10435.5
10254.5
10103.5
8065.5
9563.5
10182.0
6696.5
11215.5
8138.5
6388.5
5780.5
2985.5
3010.5
8417.5
8938.5
10535.0
6827.5
5947.5
11508.0
3333.0
11413.0
5868.5
9163.5
4928.0
8865.5
9507.5
5562.0
3103.0
5632.0
8516.0
10042.5
7531.5
5099.0
6066.0
3525.5
0
12570.0
9221.5
9819.5
9645.0
11139.0
8614.0
10047.0
7730.0
10079.0
5595.0
9344.5
7376.5
9415.0
422.0
10426.0
8196.0
7054.5
4031.0
10525.5
7360.5
12818.0
7455.0
10856.0
6728.5
11002.5
6131.0
8603.0
4656.0
13003.0
9107.0
704.5
7722.0
6560.5
11777.0
9741.5
7963.5
5647.5
6385.5
10223.5
8716.0
9955.5
5265.5
9145.0
1381.0
7478.0
5961.5
4759.0
5920.5
11581.0
3018.0
9854.5
11218.5
12063.0
9226.0
7476.5
11627.0
7053.0
10243.5
10946.0
9671.0
3378.0
7441.0
138.0
1189.0
10037.0
7177.5
729.5
9027.5
12418.5
7569.0
8284.5
11650.0
8875.0
10701.5
10733.0
10957.5
14381.5
3804.5
9935.5
2912.0
3560.0
10646.5
3681.5
7665.5
9220.5
2957.0
2471.5
8848.0
700.0
10648.5
9393.0
5731.0
0
8186.0
7938.0
10820.5
6128.0
9305.0
12277.5
8708.5
5942.5
2574.5
11976.5
9527.0
2803.0
10251.0
11578.0
8489.0
10597.5
9302.5
4092.0
5276.0
6289.5
0
0
2349.5
6301.0
8461.5
10157.0
3829.0
7651.5
6620.0
11166.0
9231.5
9538.0
11159.0
8085.5
14529.0
6658.5
6877.5
1462.5
10805.0
7927.0
4899.0
3131.5
8977.5
3035.0
8890.5
6557.0
6946.5
10653.0
12080.5
7310.5
3018.0
10208.0
2944.5
11457.5
10186.5
8603.5
11712.0
7320.5
6351.5
3593.5
9442.5
6892.0
12965.5
9905.0
5338.5
10385.0
4329.5
12534.0
10251.5
3259.5
11370.5
2950.0
12876.0
10822.5
7666.5
3421.5
0
7134.5
9048.0
4413.0
7492.5
13704.5
12251.0
8148.0
5777.5
11737.5
9060.5
7548.0
6439.0
7671.5
7854.0
8409.5
9149.5
6358.5
3055.5
8628.5
13277.5
6166.0
8162.5
10676.5
8526.5
6682.0
9360.0
9952.5
6867.5
9711.0
6478.5
6196.5
3905.5
8147.0
7036.0
9546.0
12693.5
10082.5
9244.0
3452.0
5975.0
10081.5
14529.0
14611.0
12557.0
8931.0
11865.0
3878.5
16028.0
2510.5
8284.0
6696.5
4892.5
6666.0
8340.0
1280.5
9609.5
6695.0
10584.5
9049.5
6849.5
2960.0
12386.0
7124.5
11951.5
13651.5
9071.5
8456.0
11170.0
7649.5
8416.5
2937.5
11434.5
11406.5
9221.0
10643.0
8938.5
6454.5
9287.5
3440.5
10942.0
3434.5
11905.0
11224.5
11232.0
9561.0
11232.5
3312.5
6092.0
10258.5
11301.0
10214.5
10522.5
10756.5
13575.0
7122.5
8484.5
10331.5
10180.0
11642.5
6149.5
1976.5
5402.0
8464.0
10211.5
6240.5
1403.5
6432.0
4830.5
10067.0
5130.0
9694.0
8622.0
10855.0
10121.0
7138.5
8722.5
9595.0
10760.5
12249.0
9928.5
4860.0
8761.5
9691.5
6625.5
8944.0
9120.0
11623.0
4760.5
11056.0
829.5
2877.0
6118.0
2776.0
11430.0
10582.0
1402.5
5884.0
9511.5
9125.5
7349.5
2840.0
5949.0
11124.0
10082.5
10524.0
11127.5
3173.0
6820.5
10601.5
8296.0
11591.5
6205.0
5022.5
1870.0
10940.0
3005.5
11956.5
6453.5
6488.5
10884.5
6809.5
8704.0
8274.5
7050.5
10273.5
12084.5
7798.0
9163.0
8232.5
10848.0
12782.5
10833.0
10964.5
12077.5
11504.0
68.0
663.5
10677.5
2733.5
8099.0
5502.5
6855.5
11158.5
13269.0
8159.0
6461.0
9809.5
11241.0
6007.5
8906.0
12985.5
8906.0
10520.0
10551.5
13222.0
9484.5
13290.5
9932.0
9315.0
10850.5
12452.0
6662.5
10116.5
8881.0
6750.5
12795.0
10675.0
6067.5
5278.0
7506.5
6953.0
6567.5
10075.0
7487.0
3253.0
8505.5
9432.5
459.5
10548.0
5400.5
5825.5
1304.0
3262.5
9847.0
8944.5
2668.0
8081.5
7706.0
8481.5
10309.0
2371.5
0
4262.0
9289.5
5679.5
12725.0
10459.0
7659.5
11498.0
10070.0
10051.5
4004.0
11536.5
4190.5
10080.0
6453.5
7326.5
9019.0
5558.0
5495.0
419.5
6694.0
1686.5
10794.5
11129.5
10134.5
9585.5
0
365.5
11667.0
12179.5
5407.5
10171.0
10578.5
0
6067.0
7370.0
7632.5
9608.5
10053.0
10493.0
10207.0
12152.0
10775.5
9467.0
13325.0
12318.0
10147.5
6005.0
10946.5
10308.5
8725.5
8793.0
3307.5
9651.5
10150.0
2885.0
7012.5
6667.0
16087.0
7268.5
9725.0
7691.0
8706.0
6411.0
6987.0
10995.0
7978.5
10663.5
10176.5
10231.0
2989.0
3751.0
12982.0
8598.0
11767.0
7662.5
9879.0
3413.5
9132.5
7650.5
9953.0
8047.0
7433.5
7681.5
9200.0
11073.5
2405.5
10335.0
8713.5
9305.5
11395.5
7474.0
5688.5
4864.0
6979.5
4387.5
13003.5
10394.0
3403.5
3052.0
10948.0
7021.5
9170.5
11333.0
10784.5
8289.5
4099.5
10517.0
7883.5
9717.0
0
9384.0
4887.5
8042.5
9115.0
10652.5
14070.0
1019.0
11443.0
10407.0
3566.0
2160.0
1673.0
10331.0
7138.0
10775.0
1016.5
11480.5
8487.0
10534.0
7292.5
10675.0
8597.0
5969.0
4405.5
7711.0
8452.0
4693.0
1534.5
8284.0
8503.0
5972.5
11820.0
9291.5
8735.0
8224.0
13899.5
8124.0
9562.0
6337.5
9285.5
1059.0
12279.5
3918.0
4573.5
10947.5
7211.0
5454.0
10948.5
11001.5
10841.5
10026.5
6294.5
8868.0
10392.0
3011.0
9673.0
6502.0
6110.5
6708.5
9312.5
10901.0
9231.5
12702.0
10200.5
10245.5
8188.5
8708.5
8295.0
9904.0
10651.0
7977.5
7432.5
10777.0
11559.5
9248.0
14078.5
5012.0
9192.5
9306.5
6010.5
10719.5
7099.5
10620.5
6919.5
10292.0
10997.5
7653.0
9263.0
8228.5
13023.0
6912.0
10204.0
9082.5
8720.5
12426.0
10832.5
1384.0
7646.0
11579.0
9255.0
5498.0
3269.5
3421.0
3140.5
11155.0
10596.5
0
55.5
8805.0
9473.0
6048.0
1387.5
4165.0
8474.5
5855.5
8245.5
10614.0
12982.0
6516.5
4257.0
8614.0
4106.0
0
471.0
10071.0
7142.0
2430.0
9609.0
8036.0
10224.5
8870.0
5455.5
10418.0
5125.0
1310.0
6359.5
10254.0
8509.0
7214.0
6851.0
8077.5
13882.0
10694.0
4792.0
5561.5
7193.0
6351.5
7734.0
7668.5
10031.0
8635.0
4769.0
11153.5
10273.5
3192.0
6163.0
4325.5
9814.5
10288.5
5569.5
5375.5
11685.5
5748.0
12344.5
3633.0
11156.0
8869.5
9370.0
6018.0
11557.0
11334.0
12033.0
10219.5
5402.0
8127.5
9885.5
10993.5
7715.5
10607.5
11978.5
9282.5
659.5
3682.5
8703.5
8860.0
5769.0
10154.5
12625.5
11123.5
3374.0
7473.5
8125.5
10030.0
4053.5
7963.5
7801.0
5932.0
10532.5
6586.5
5963.5
1373.5
6164.5
9509.5
4280.5
10895.5
10500.0
5509.0
11565.0
9328.0
6844.5
438.5
6398.0
8044.0
9002.5
6981.0
6725.0
6013.5
5119.5

8855.0
10094.5
10805.5
10561.5
6146.5
10536.5
68.0
9718.5
1810.0
8411.5
2202.5
7910.5
0
8835.5
6197.0
7099.5
2461.0
12093.5
9131.0
6606.0
7659.0
9866.5
10059.5
5629.0
5517.0
8334.0
7347.0
3767.0
8406.0
10365.5
10555.0
3368.0
11953.0
8738.5
10601.0
7011.5
11453.5
4624.5
10335.5
4772.0
11266.0
7274.0
5966.5
13210.0
10316.0
5722.0
1016.5
8166.0
8716.0
7080.5
12407.5
3268.5
11689.0
4483.0
8175.5
6600.0
4388.0
12489.0
10068.5
6630.5
10608.5
0
825.5
10520.5
10199.0
10346.5
8129.0
7056.0
12770.5
10716.5
3479.5
10415.5
4722.5
6713.5
10080.5
8645.0
0
0
3190.5
11391.0
8592.0
12844.5
7720.5
10147.0
8858.5
10136.0
9058.5
2327.5
11694.5
9814.0
7849.0
11898.5
12237.5
4062.0
1528.0
10561.0
11091.0
10868.5
7210.5
4008.5
7719.5
12070.0
12711.0
12375.0
6873.5
10444.5
12577.0
3480.5
11782.0
8723.5
8180.0
9135.5
5526.0
10255.5
13561.5
12281.5
10252.0
10883.0
3108.0
10602.5
2295.5
10749.0
12604.5
9366.0
5551.0
6575.0
10411.5
7372.5
8934.5
10020.5
8549.5
8064.0
9163.0
10554.5
4316.0
8182.0
10141.5
13486.5
5005.0
12050.0
10083.5
8416.0
6744.0
1329.5
12839.5
8049.5
8396.0
7366.5
10536.5
8678.5
10530.5
4171.0
3831.5
758.5
4026.5
8085.5
12027.5
6471.5
10145.0
12893.5
14209.0
10616.0
138.0
10604.0
8009.0
6208.5
8538.5
8611.0
2612.5
12101.0
13725.5
10750.5
11851.5
6617.5
9940.5
10124.5
4700.5
11967.5
10880.0
10063.5
4075.5
12405.5
11596.0
7044.5
11534.5
11140.5
7073.5
7513.0
10260.0
9359.5
6500.0
0
12014.5
3168.5
419.5
7351.0
1844.0
11711.0
6685.5
138.0
10238.5
6078.5
11476.5
11310.5
4655.5
10093.0
3300.0
9927.5
10851.5
3960.5
12700.0
7538.5
9115.5
6102.5
10641.5
11424.5
4534.0
3908.0
9403.5
10500.0
5837.5
4699.5
10998.5
9349.0
4889.0
7616.0
8190.5
4890.0
8229.0
5949.0
0
0
8560.0
10192.0
15034.0
9699.5
7353.0
6944.5
11738.0
3945.0
11529.0
11397.5
3911.0
11055.5
9828.0
6887.0
10859.5
11444.5
6044.5
9866.5
11401.0
5697.5
5502.5
11078.5
9892.0
5342.5
8086.0
11976.0
10587.0
10449.5
10032.0
0
10710.5
5211.5
126.5
11252.5
7464.0
6197.5
5177.0
13047.5
10058.0
14799.5
6983.0
9585.0
12527.0
5090.0
10208.5
10288.0
6171.0
10168.5
5823.0
13422.0
5099.5
10251.0
7204.0
8547.0
4778.5
3133.0
12269.5
12899.5
9080.5
10154.5
2782.5
11782.0
10686.5
10089.0
8090.0
5004.5
11931.0
11821.5
8115.5
3869.0
11147.0
10954.5
5934.5
7076.0
4717.5
9574.0
11625.0
2312.0
5946.0
9649.0
5395.5
12461.0
11599.0
6872.0
8534.5
3770.5
10753.5
4740.0
8786.5
6359.5
6467.0
13026.5
7550.0
10770.5
6702.5
13408.0
9071.0
10468.0
10738.0
8402.5
6540.0
3460.5
8142.5
9468.5
9005.5
5256.0
13683.0
6242.5
14235.5
14602.0
12472.5
9986.0
12756.5
10249.0
8396.0
11089.5
10074.0
7025.5
10001.5
3811.5
12821.5
8115.5
1610.0
7748.5
7194.5
6487.5
11329.0
9897.5
8151.0
8213.0
8444.0
10624.0
8069.5
10094.5
11020.5
10615.0
7247.5
7629.0
11968.5
11647.0
10509.0
12401.0
10237.5
10114.0
5476.5
10668.5
10246.5
7918.0
3405.5
7192.0
6720.5
11820.0
7693.5
14165.5
4552.5
8768.5
5591.0
7528.0
8753.0
9899.0
6272.5
6286.0
11934.0
3461.5
11179.5
10322.5
11001.0
9666.0
13969.5
9388.5
2017.0
7688.0
2602.5
2480.5
10539.5
8821.0
8873.0
11477.0
12031.5
10514.0
11235.0
10087.0
9809.0
4551.5
2916.5
6560.0
7293.5
2794.0
10845.5
11724.5
12006.0
4816.5
10233.5
10278.5
8366.0
9769.0
3052.0
10256.0
11161.0
7746.5
7705.5
6083.5
5115.0
6087.0
10646.0
12954.0
2259.5
5581.5
0
1645.0
12017.5
7630.5
8561.0
5440.0
7711.0
3441.5
10243.5
10514.0
0
0
7251.5
11692.5
5708.0
7917.0
6888.0
10000.5
8807.0
6809.0
1534.0
8762.0
6492.0
10505.5
7599.0
0
12564.5
10184.5
6186.5
11102.5
3609.0
4266.0
2979.0
2019.0
10624.0
8847.5
12123.5
0
8483.0
10919.5
0
8221.5
3778.0
10874.0
11423.5
3070.5
0
8848.0
0
11186.5
486.0
10106.5
2200.0
10610.5
0
12370.0
10600.0
10149.5
11242.5
8031.0
0
11313.0
0
3912.0
3781.5
11482.0
12295.5
7214.0
8198.5
8453.5
12444.0
10638.0
11399.5
11722.0
8911.0
13737.0
9288.0
10504.5
11067.5
8212.0
9091.0
9974.0
5905.5
8107.0
4139.5
10264.0
4901.0
13252.5
11502.0
7569.0
11314.0
8341.5
424.0
10234.5
9681.5
12639.5
6530.5
10180.5
10022.0
10257.0
10063.0
1599.5
1007.5
10129.0
3656.5
11346.0
10339.0
6712.5
11654.0
8296.5
11043.0
7528.5
10435.0
10970.5
13909.0
10098.0
4520.0
11483.0
12458.5
4532.5
10817.5
10306.0
0
7791.0
10414.0
0
6887.5
10679.5
10086.5
10976.0
10530.0
11455.5
8619.5
6785.5
10094.0
12926.0
13363.5
10132.0
11701.5
10571.0
11828.0
126.5
10050.5
10219.5
3654.5
10995.5
10748.0
138.0
0
1851.0
8682.5
6454.0
7234.0
4058.5
365.5
13417.5
11395.5
10146.5
8947.5
10551.0
7376.5
4535.0
4034.0
11944.0
8455.5
6009.5
6016.5
12389.5
10987.0
11151.5
5515.5
0
2257.0
10289.0
9069.0
9664.0
8679.0
10080.5
7226.5
7673.0
3940.5
9797.5
10642.5
10118.5
11258.0
10800.5
2869.0
10659.0
10070.5
11248.0
0
7325.0
8089.0
10320.5
8314.0
12585.0
10630.0
12461.5
13475.0
10206.5
12166.0
12345.0
0
9974.5
10351.0
8490.5
5164.0
3433.0
0
10920.5
4440.0
5118.5
7669.5
8916.0
10691.5
11142.5
0
11890.5
9491.5
4328.0
12095.5
4134.0
11843.5
2286.5
0
0
12514.5
5255.5
9038.5
12040.5
7620.0
8052.0
4829.0
6857.0
10932.0
3844.0
12754.0
13198.0
8823.5
10192.0
5485.0
9368.0
10876.5
4825.5
10758.5
9376.5
0
9135.0
11055.0
10530.5
8359.5
10545.0
15418.5
4603.5
14376.0
6030.0
6545.0
7344.0
10472.0
10690.5
9157.5
10911.5
775.5
12307.5
4177.0
0
7878.5
8289.0
10969.5
0
10131.0
7813.0
10222.5
0
1321.0
7725.5
12904.5
12245.5
10526.0
10386.5
3650.0
9987.5
0
8264.5
10218.5
6665.0
5105.0
11426.5
4422.5
9388.5
1110.5
4855.5
12827.5
1789.5
0
0
10493.0
10541.5
3726.5
10059.0
10192.5
688.0
10963.0
0
9126.5
10905.0
10056.5
1392.0
0
10086.0
10770.5
8528.0
7661.5
0
3354.5
10573.5
7464.5
12459.5
8126.0
9108.5
5748.0
3763.0
10233.0
5205.5
8108.5
9057.0
0
11115.5
2719.0
11341.5
10344.0
10707.5
10373.5
11434.5
10139.5
13553.0
2226.0
11384.0
5296.0
11180.5
11224.5
0
10237.0
10684.5
11836.5
6783.0
11596.0
0
9448.0
7728.5
9092.5
3708.5
0
4985.5
10045.5
10961.5
8791.5
9042.0
4719.5
11567.0
10748.5
1632.0
11513.5
0
3711.5
11445.5
5789.0
4974.5
0
10813.5
10422.5
753.5
10303.0
7711.0
13728.0
3405.0
10196.0
8834.5
14305.0
7229.0
6134.5
6097.0
3735.0
11854.0
3182.0
8798.0
5696.0
5171.0
365.5
7963.0
0
8761.5
10936.0
9567.0
10370.5
0
3793.5
6415.5
10758.0
9990.5
10088.0
11796.5
11248.0
11417.0
11105.0
68.0
13303.5
11015.0
13031.5
10677.0
9297.5
5832.5
11126.0
9585.0
5956.5
9545.0
11789.0
8852.5
10311.5
12373.0
12075.5
0
10772.5
10953.0
8300.0
11715.0
9413.5
12524.0
10095.0
10003.0
7650.5
7977.5
10070.0
12038.0
11573.0
10318.0
10768.5
4945.0
898.0
5704.0
13160.0
9762.5
8581.5
5870.0
9354.5
7694.0
11289.5
11610.5
5160.5
3410.5
8638.0
9898.0
9592.5
11573.5
11640.5
11073.5
11681.0
13465.5
6054.5
10124.0
10997.5
14279.0
2772.5
10397.5
11591.5
12738.0
3712.5
10230.0
2711.0
4533.0
0
11802.5
9748.0
10074.5
13173.5
9222.5
11606.5
13113.0
4772.5
15032.5
12264.5
2885.0
5964.0
10938.5
4409.0
8069.5
9483.0
2258.0
9870.0
6123.0
9169.5
4626.5
10594.5
12304.0
5885.0
13599.0
9350.5
2928.0
10139.5
4704.5
0
10799.5
13535.5
6932.0
9240.0
11011.5
10944.5
10066.5
10290.0
6424.5
10112.5
1531.0
10242.5
4910.5
5864.0
7647.0
10932.5
2792.0
10565.5
4516.0
10541.5
10321.5
5428.5
10348.0
2836.0
10985.0
13016.5
10556.5
10373.5
10526.0
2727.0
10064.5
11547.5
424.0
9573.5
9979.0
6525.0
5510.5
10778.0
12349.0
5453.5
10336.0
11026.0
11864.0
8174.0
10945.5
10560.0
7800.0
9623.0
4817.0
13868.0
4880.0
10224.5
1945.5
2349.5
4309.0
7996.5
6159.5
11955.5
8910.5
5119.5
4911.0
3175.5
6278.5
11256.5
0
12621.5
9479.0
11898.5
10607.0
5725.0
2735.0
10212.0
8287.5
12798.5
14548.5
8312.5
8693.5

8410.0
12697.5
3619.0
10954.0
10614.5
10570.5
7127.5
10556.0
4379.0
2766.0
2160.0
4639.5
8044.5
14510.5
5777.0
2430.0
11469.0
7766.5
848.5
10060.5
10826.0
11671.5
10136.5
6140.0
4354.5
4165.0
12461.5
11437.5
9947.5
11568.5
6992.0
1662.0
9155.0
11822.5
9537.5
4292.5
7285.0
11865.0
10740.0
7219.5
10160.5
11518.0
6207.0
10046.0
11754.0
9186.0
10305.5
11616.0
1642.5
10380.5
11797.0
10255.0
10168.5
4042.5
13886.0
7593.5
3018.5
10662.0
10315.5
8762.5
10001.0
11000.5
9192.5
8253.5
11462.5
7297.5
12034.0
1535.5
10577.5
4612.0
6440.5
68.0
4223.0
8886.0
8894.0
6883.5
4010.5
3891.5
11653.5
8712.0
9948.0
4571.0
12683.5
348.5
10410.5
10535.0
12212.0
14437.5
10036.5
3878.0
13817.0
11420.5
10494.0
8592.5
10121.5
9910.0
14254.0
8756.0
10520.0
2851.0
9168.5
6786.5
0
8407.0
10110.0
10692.5
11454.5
10075.0
3824.0
9375.5
9582.0
14343.0
11194.5
10909.0
6664.0
8478.5
7406.5
9772.5
11074.5
6952.0
10514.5
6873.0
10539.5
9677.5
13424.0
10663.0
8812.0
8924.5
8193.0
5178.0
11935.0
14168.5
11449.5
3251.5
9376.0
5769.0
9893.5
6387.0
12625.5
3212.5
9421.0
3186.5
9641.5
8772.5
11378.0
12599.0
8684.5
3112.0
9554.0
8120.5
6498.0
5436.5
8114.0
4645.0
9948.0
1864.0
9545.0
3438.5
6778.0
3146.0
6872.5
5559.5
1067.5
8272.5
7670.0
7157.0
7138.0
7636.5
8846.5
7256.5
5092.0
2452.0
0
11889.0
10366.0
9858.0
2931.0
5163.0
7637.0
10009.0
0
68.0
14738.0
10081.5
10958.5
8612.0
10076.5
6760.0
758.5
7207.0
1906.5
7099.0
8140.0
10590.5
10918.5
12455.0
6915.5
1373.5
10859.0
3996.5
11837.0
9381.0
12605.0
8376.0
5885.5
5865.5
10049.5
11426.0
5685.0
3299.0
5653.5
10336.0
10160.5
8036.0
9940.5
6742.5
0
6221.5
8117.5
10251.5
13221.0
6708.5
10379.5
10600.5
3114.0
11501.0
9890.0
1755.0
3025.5
8035.5
11312.5
7225.0
10575.5
10930.0
7233.5
12128.5
2815.5
7516.5
7237.0
9556.5
11837.5
4856.0
11938.5
15141.5
0
8020.0
407.0
8738.0
1193.5
10533.0
12144.5
3122.0
8703.0
4917.5
6831.5
3027.5
6173.0
5946.0
0
11461.0
138.0
6438.0
11260.0
12156.0
11720.0
8073.0
4551.0
8181.5
7145.5
11078.0
10104.5
4943.5
8569.5
10261.0
11084.5
4957.5
0
13892.0
5912.5
12388.0
10686.0
0
1712.5
14665.5
9266.0
8600.0
4624.0
10813.5
419.5
2837.0
4168.5
11044.5
7303.0
5449.5
12049.0
13126.5
10670.0
10289.5
2385.0
9409.5
10043.0
6870.5
10290.5
438.5
9981.0
8178.5
10432.0
1157.5
9064.0
10579.5
9865.0
7202.5
5404.0
8069.5
10635.0
14687.0
4346.5
3672.5
13231.5
9346.0
8739.0
7825.5
8192.5
7525.5
12164.0
5055.5
8171.5
13305.5
12532.0
8288.5
5566.5
11379.5
14263.0
8954.5
9805.0
9000.0
10219.0
1286.5
0
7304.5
3345.5
1493.5
10333.5
0
10697.0
9560.5
7636.5
12820.0
10379.0
10339.5
7770.0
11114.5
3480.0
4386.5
11553.5
3163.5
11426.0
13081.0
7347.5
10356.0
11858.0
4324.0
6955.5
12046.0
12418.0
9175.5
11582.0
0
10715.5
10866.5
9699.0
10899.5
4481.0
10434.5
3274.0
9928.5
5914.0
10464.0
12503.0
4832.0
1834.5
4851.0
12426.0
11010.5
3822.0
5551.5
10804.0
12886.0
2177.5
9071.0
3481.5
8325.5
5495.5
10963.0
10918.0
15217.0
14860.0
14825.0
1731.0
753.5
9369.5
10333.5
8074.5
3947.0
5352.0
9809.0
8637.5
6454.0
8529.5
5138.0
11992.5
7304.5
12503.5
6518.0
9880.0
5039.0
10686.0
9345.0
10318.5
10459.0
4404.5
7642.5
4495.5
10982.0
9793.0
5841.0
11613.5
10091.0
13068.0
10665.5
9156.0
8939.5
13170.0
4952.0
11864.5
9816.0
6909.0
7834.5
13617.5
6626.5
11132.0
11041.5
10848.0
6166.5
7331.5
9194.0
5302.0
10331.5
13698.5
11154.5
9679.0
11506.5
7033.5
9966.5
10070.0
8072.0
5815.0
8879.5
7084.5
5113.0
3158.0
2505.0
10959.5
13408.5
10122.5
9259.5
7698.5
10922.0
11478.0
6188.0
8384.5
9992.5
12217.0
5072.5
4747.0
4503.5
11846.5
8303.5
6195.5
4791.0
4470.5
10976.5
2325.0
5470.0
5682.5
9087.5
9255.0
5261.5
10268.5
2967.0
2163.0
11162.5
8647.5
11269.5
11011.0
3942.5
10241.5
1300.0
4195.5
10062.0
10313.5
4120.5
2954.5
10575.0
11566.5
12993.5
8591.0
11230.0
10504.5
13780.0
5471.5
1995.0
6082.0
8725.0
6865.5
6461.5
14621.5
3657.0
1455.5
11440.0
11869.0
9246.5
10066.5
12667.5
8118.0
12551.0
11340.0
9822.0
10602.0
8209.5
7241.5
10791.0
12404.0
10237.0
2719.5
3527.0
8407.0
11276.5
14831.0
11270.5
11376.0
6557.0
5452.0
6508.0
10733.5
10256.5
10584.5
11502.5
11923.5
12824.0
12866.5
6780.5
9615.5
0
6011.0
13657.5
8402.5
6678.5
12749.5
11119.5
8903.0
8814.0
12155.0
11563.0
7520.0
6143.0
8403.5
8905.5
5573.5
4627.0
13380.0
4594.0
10077.0
6656.5
10406.5
9927.0
10061.0
5425.0
3665.0
0
5487.5
14467.5
10773.5
4800.0
5391.5
7919.5
11604.5
1919.0
4456.0
9009.5
13867.5
6553.5
12688.5
10699.5
0
3840.5
10325.0
10765.5
4518.0
0
0
11026.0
8779.5
14258.0
5955.0
10708.0
4651.5
7272.5
10717.0
2411.0
5316.0
7763.0
12068.0
10645.5
3986.0
11099.5
8888.0
9861.0
7437.5
10876.0
4475.0
1442.5
0
1912.0
10863.5
9973.0
9591.0
13611.5
5564.5
7666.0
11536.0
12982.0
6483.0
13405.5
8306.0
0
8630.5
7128.0
10546.0
10183.5
7099.0
11887.0
10137.0
10446.0
10961.0
11973.5
12036.5
10728.5
10285.5
10579.5
10851.0
0
10872.0
6326.5
10630.5
10457.0
1543.0
8737.5
4325.5
11926.0
11810.5
11172.0
6239.5
3644.5
10517.5
2487.0
10051.0
9212.0
11642.0
8750.5
3839.5
5408.0
14273.5
10541.5
10935.0
8873.5
13211.0
5992.0
11565.5
7144.0
0
10244.5
13466.0
4865.0
10574.5
8708.0
10182.0
9405.5
11310.5
14275.5
12445.0
7308.5
12004.5
126.5
10330.0
4023.0
8846.5
7436.0
10333.5
10839.0
12690.0
10272.5
7152.5
14430.0
10937.0
11654.0
7692.0
2808.0
8600.0
5359.0
14733.0
11866.5
10935.0
8071.5
9964.0
11118.0
4134.0
13133.0
12705.0
13241.0
7319.0
8887.0
3314.5
5671.0
2822.0
11062.0
15311.0
11397.5
7507.5
8346.0
9490.0
4644.0
7948.5
11239.5
13524.5
5867.5
10245.0
8589.5
10725.5
8577.0
4879.5
8615.0
7577.5
497.0
6923.5
13045.0
4598.5
2994.0
8145.5
11237.0
5097.5
10350.5
10805.5
4187.0
7386.5
10390.5
1684.0
11197.0
8647.0
11031.0
7949.0
9747.0
10824.0
14875.5
9422.5
7122.5
1973.0
10260.5
5138.5
11748.0
9386.5
9951.0
9811.5
11269.0
10720.0
10545.0
11479.0
12413.5
11399.0
12561.5
1090.5
3376.0
11031.0
5308.5
10180.5
2403.0
6446.5
7542.0
11487.0
10646.0
14527.5
12630.0
8555.0
10056.0
7159.0
11031.0
10269.5
6195.0
10788.5
10510.5
11611.0
3617.0
10011.0
3924.5
11826.5
5638.0
10059.5
10576.0
7617.0
3247.0
961.0
9251.0
13142.0
8320.5
13410.5
4803.5
9200.5
10366.0
14825.5
4050.5
3112.5
4286.5
2996.5
1142.0
9769.5
11757.5
10220.0
8052.5
11287.5
8474.0
12880.0
13890.0
9153.5
11051.5
11182.5
10435.0
10670.0
10629.5
15969.0
10345.0
14524.5
4284.0
10168.5
11879.5
5995.0
9257.5
10267.0
4035.0
4242.5
8887.0
0
12214.5
14864.0
5021.5
10753.0
6412.0

14162.5
10668.5
5757.5
4738.0
2977.0
10414.5
5985.0
10283.5
5405.5
10760.5
6865.5
10165.0
9620.0
3339.0
8042.0
10885.5
10080.5
11020.0
12734.5
12075.0
11492.0
10543.0
10593.5
5582.5
13790.0
478.0
6425.5
6846.0
12923.5
13950.5
7356.5
0
9380.0
365.5
9713.0
10195.0
7476.0
11957.5
10631.5
4764.5
3057.0
3424.5
10124.0
11147.5
14342.0
11770.0
5764.5
6687.5
1140.5
9422.0
13668.0
12900.5
12636.5
10828.0
126.5
0
5753.5
6154.5
10456.5
9617.0
10572.0
11797.0
1478.5
11863.0
126.5
6697.0
3987.5
8188.0
11422.5
7049.0
12226.0
0
11411.5
10703.0
11808.5
6717.0
5873.5
11233.0
982.5
9145.0
3253.5
10116.0
7639.5
2378.5
10328.0
2025.5
2764.5
10816.5
11094.5
8506.5
4796.0
12254.0
10331.5
13726.5
14032.0
5272.0
10137.0
9558.5
12402.5
10945.5
1634.0
11579.5
11168.0
14596.5
13842.0
10602.0
9854.5
9637.5
8955.5
0
7105.5
10265.5
10251.5
11380.0
13748.5
10986.5
0
9771.0
8680.0
11469.0
2649.0
1858.5
68.0
8819.0
10032.5
9930.0
6674.5
11912.5
3370.0
4517.5
6114.5
10396.5
0
8623.0
3559.5
12673.0
12463.5
424.0
2043.5
419.5
2299.0
12404.5
10165.0
10816.5
10206.5
10538.5
12302.0
11518.0
10465.5
6434.0
1200.0
7381.0
401.0
13806.5
10077.0
11354.5
8900.5
12132.0
5407.5
5654.0
1112.5
5251.5
946.5
13927.0
3095.5
10770.5
1777.5
8286.5
10179.5
11672.5
11590.0
11057.5
12214.5
3013.0
4463.5
10699.0
11277.0
10104.5
9682.0
11991.0
3489.5
11013.5
10660.5
8798.0
6690.0
3327.0
8357.5
10566.0
12768.0
11438.0
13739.0
10841.5
10318.0
10220.5
10936.0
2405.5
6580.5
3364.5
10294.5
753.5
10917.0
10611.0
11408.5
11080.0
10072.5
10245.0
10664.5
10352.5
13170.5
6813.0
11112.5
5597.5
11793.5
10747.5
8781.5
9230.0
11028.5
1948.0
8444.0
10777.0
11201.0
10688.0
6157.5
11582.0
7572.0
3098.0
10135.0
7697.0
370.5
6609.5
11088.5
2410.5
11186.0
11850.5
11144.5
6564.5
11387.0
10583.0
4703.0
14713.0
13474.0
11246.5
13335.5
5058.5
10958.5
8799.0
7612.5
3207.0
9985.0
10213.5
12235.5
11393.0
11580.0
12566.5
6816.5
13408.0
10647.0
8665.0
717.0
11882.5
12615.5
10089.5
6806.5
11860.5
10741.0
10493.0
9344.0
12995.0
7683.0
348.5
12066.5
10052.0
3730.0
2634.0
10338.0
13910.5
12305.0
11847.0
7370.5
6086.0
12600.0
4319.0
11456.5
12755.5
11415.0
13302.0
7379.5
2749.0
11946.5
10222.0
10707.0
9322.0
10368.5
0
12489.5
9838.0
4910.5
10600.0
14576.5
10076.5
10718.5
8613.5
9127.5
6100.5
11971.5
11540.0
13411.0
10125.0
10218.5
12816.0
6923.5
1708.5
10147.5
8521.5
8504.0
10958.5
10372.0
10063.0
10067.5
10575.5
9796.5
10136.0
10059.0
12525.0
10352.5
11071.0
5896.0
6370.0
8943.5
10612.0
4912.5
3885.5
5017.5
1031.0
11599.0
0
10069.5
10300.0
7076.0
12053.5
13113.0
1789.5
10278.0
10581.0
5523.5
3418.5
12899.0
10235.5
9137.5
10610.5
13200.0
8780.5
10992.5
11401.5
2285.5
12133.5
10631.5
8590.5
12473.5
14689.0
13206.0
5232.5
7599.5
3875.5
9061.5
10192.0
13175.0
11222.5
9697.0
6630.5
14710.5
5541.5
13171.0
8872.0
13756.0
10136.5
12725.0
12521.5
10060.0
10197.0
9072.5
6919.0
10345.0
11014.5
10656.0
3865.5
11106.5
10749.5
11794.5
11196.5
0
9210.0
10012.5
10050.0
12768.0
10588.5
10251.0
11866.5
7209.5
6211.5
11506.5
10832.5
11803.5
10913.5
0
7013.5
9021.0
2595.0
10622.0
4627.0
11951.0
10647.0
7677.5
10172.5
7805.0
8536.5
6044.5
8659.5
11601.5
10924.0
10214.5
10102.5
7722.5
1553.5
9590.5
10507.0
14946.0
8075.5
3378.0
2563.0
2895.5
10270.5
12913.5
10775.5
4756.5
12559.0
13803.5
9508.5
8560.5
11682.5
10068.5
0
10256.5
11811.5
9038.0
9460.0
6268.0
12729.0
10098.5
12765.5
7182.0
7556.0
7127.5
14211.5
5810.0
11012.5
0
11866.5
0
11955.5
12289.0
12877.0
8058.5
383.0
8832.5
10508.5
9012.5
11105.5
0
10065.5
374.5
11071.0
1349.0
4801.0
11455.5
1098.5
10104.5
13008.0
10267.0
8558.5
10236.5
1795.0
11273.0
12937.5
12159.5
5964.0
8925.5
11412.5
10278.5
11023.0
5358.0
11136.0
7538.5
9950.0
7406.0
10335.0
13011.0
11764.5
12017.5
12370.0
6370.0
6689.5
8087.5
10749.5
11918.5
11037.0
9731.0
12396.0
6992.5
8613.5
10514.0
6510.0
9076.0
11765.5
12771.0
11294.0
9421.0
13161.5
10062.0
8615.0
9875.0
5009.0
3978.5
8975.5
14596.0
9894.0
9565.5
6621.0
10433.5
8284.0
9459.5
9058.0
10789.5
11879.5
9197.0
6957.5
13430.5
9623.0
10583.5
0
10345.0
9671.0
14240.5
10082.0
8543.0
2187.0
12676.0
5377.0
6420.5
8136.5
11209.5
13368.5
10087.0
8457.0
12603.0
11475.0
10631.0
13779.0
2951.0
10259.0
13232.5
9173.5
9946.5
6399.0
9183.0
11895.0
0
10917.5
11708.0
12759.5
14406.0
4525.5
4614.5
11935.5
8497.0
5019.5
6682.5
12046.0
13497.0
11199.0
5313.0
10314.5
10653.5
2912.5
11169.0
9096.5
10786.0
13792.0
10290.5
8008.0
6726.5
4961.0
9845.5
12256.5
12413.0
9194.5
8389.5
11966.5
9936.5
9318.0
15349.5
11683.5
11502.0
3543.5
9166.0
14371.5
7164.5
9523.0
13911.0
9017.5
6386.0
14066.5
8744.0
14370.5
4672.5
14160.0
14496.0
14625.5
10654.0
0
6679.5
11503.0
6437.0
10285.5
14597.5
12724.5
12520.5
14337.0
9968.5
10135.5
5019.5
11025.5
4808.0
12862.0
13258.0
14362.5
5893.0
11806.0
16891.5
2540.5
5778.0
13712.5
9179.0
7890.5
12070.0
7678.5
9402.5
10722.5
13884.0
10336.5
14107.5
12998.5
7039.0
12770.5
10112.0
10211.5
14119.0
10224.0
9502.5
11637.5
12782.5
12032.0
0
14233.0
11974.5
777.5
11855.0
13985.0
8687.0
1311.0
10685.0
0
14084.0
10302.5
6156.0
12675.5
10262.0
5404.5
10511.5
3872.0
11014.0
9106.0
10311.0
4327.0
7695.5
13725.0
809.0
12924.0
2563.5
14715.0
11804.0
5755.5
12133.0
12588.5
12945.5
11224.0
10813.5
9926.0
6749.5
7534.0
0
10207.0
10991.0
11382.5
12610.5
5477.0
12973.0
10872.5
8842.5
14689.5
10910.5
5490.5
12596.5
2444.0
10366.0
6015.5
9846.5
0
5000.0
12428.0
1386.5
9589.0
14432.0
11919.5
6927.5
9461.0
11528.5
9185.0
15113.5
0
14796.5
12169.0
10076.5
10150.0
13041.0
13158.5
8910.0
9285.5
13040.5
11127.5
10671.0
10234.5
13427.5
0
2509.0
14520.0
12727.5
11644.0
11432.0
8821.5
11219.0
6133.0
10127.0
12053.0
11225.5
9960.5
14745.0
3928.0
10145.5
5813.5
13028.5
11131.5
12794.5
11365.0
14513.0
13816.5
11454.5
10132.5
10743.0
9302.5
0
12990.0
5911.0
9146.0
10238.0
12949.0
12075.5
12828.5
7576.0
5077.5
11452.0
16118.5
7075.5
8568.0
11069.0
5272.5
11269.0
11013.5
8551.5
8683.0
13275.5
11430.0
14073.5
14980.5
10994.5
11076.5
13766.5
11852.0
8861.0
12682.0
10698.5
10510.0
11260.0
419.5
6914.5
9667.5
6651.5
10698.5
11462.0
9461.0
9561.0
5633.0
9041.5
12997.0
15398.5
12902.5
10579.5
10953.5
11420.5
14261.5
9977.0
12636.5
10519.5
3699.5
15193.5
5331.0
8439.5
13765.5
13482.5
11312.0
11459.0
13779.5
11800.5
13879.5
13198.0
13866.0
10599.0
10639.0
10678.5
10991.0
3231.0
15127.0
10300.5
13828.5
11681.0
14234.5
3862.0
15163.5
8377.0
8471.0
8189.0
13562.5
11526.0
5284.5
2762.5
10543.5
12694.5
4566.5
15480.5
9765.0
12434.5
12269.5
11614.0
10119.5
11101.0
6639.5
2935.5
7032.0
8556.0
8438.5
15256.5
8532.5
7535.0
6364.0
9591.5
10675.0
11641.0
13801.5
9102.5
12093.5
11156.0
9465.5
3991.0
13359.0
8502.0
12785.0
7962.5
13357.0
3007.0
5161.0
10967.0
5613.0
11265.0
14355.5
6902.5
3762.5
10188.0
8119.0
7664.5
10630.5
11490.0
11833.0
14740.5
4795.0
7804.5
4102.5
8884.5
11098.0
12675.5
10555.5
12466.0
12133.0
13771.0
11188.5
6309.0
12202.5
2371.0
8313.5
15251.0
14838.5
