0
438.5
665.0
671.0
0
1158.5
1252.5
0
1540.0
1544.5
2121.5
120.5
2091.0
2035.5
1019.5
1931.0
126.5
2610.5
68.0
582.0
2364.5
3154.0
1686.0
1173.0
0
3031.5
1985.5
489.5
1939.0
0
401.0
1480.5
1346.5
2466.5
1115.0
2601.0
365.5
598.0
3382.5
789.0
1372.0
3463.0
5467.0
2827.5
4954.0
2154.0
68.0
419.5
2304.0
138.0
773.5
1041.0
1068.5
1377.0
2886.5
1530.5
359.0
3397.5
1961.5
663.0
3965.0
3469.5
2160.5
243.5
1361.5
1295.5
3085.0
1301.0
1949.5
1438.0
1407.5
463.0
489.5
126.5
778.5
3977.0
523.5
2045.0
128.0
126.5

1298.5
68.0
1936.5
1187.5
2237.0
648.5
2819.5
438.5
2323.0
1252.5
4944.5
1437.0
1140.5
1771.5
1011.0
2473.0
762.5
663.0
1594.5
663.5
851.0
1714.0
3488.5
1368.0
2094.5
1142.0
1076.5
138.0
230.5
3272.5
383.0
832.5
594.0
1466.0
1141.5
683.5
2213.5
1838.0
4134.5
2132.0
639.0
3651.0
3882.0
316.0
1883.5
771.0
1150.0
2583.5
690.5
2793.0
3961.0
1532.5
874.0
467.0
2007.0
411.0
2495.5
4232.5
813.5
1092.0
1070.0
1358.5
5688.0
344.0
115.5
5254.0
3702.5
4626.0
0
0
637.0
386.0
0
68.0
1608.0
3171.5
4159.0
3760.5
946.0
3788.0
1851.5
3922.5
1910.5
3256.5
1955.5
1124.0
2069.0
895.0
474.5
2189.5
1682.5
300.5
1163.5
2334.0
843.0
2397.5
435.5
3830.5
1339.5
5976.0
2362.5
599.5
0
126.5
0
1475.0
0
2207.0
2358.0
3678.0
1760.5
789.0
2199.5
4578.5
1940.0
2978.5
2109.0
3128.0
8216.0
2639.5
789.0
0
3136.5
0
4301.0
2277.5
3192.5
6850.5
0
3129.5
6276.0
4309.0
467.0
2095.0
1948.5
2669.5
1786.5
2243.0
3544.0
2262.5
1669.0
857.0
6793.0
602.0
2822.5
2922.5
1096.5
3538.5
2270.0
2887.5
5996.0
2897.5
1890.5
2420.5
6734.5
2347.0
6422.5
5978.0
419.5
6905.0
5566.0
3186.0
6361.0
3293.0
6002.5
4271.5
365.5
6778.0
3005.0
2826.5
3377.5
3242.5
5610.0
1868.5
0
4642.5
2792.5
3846.5
4978.5
3487.0
755.5
302.5
4737.5
5468.5
5527.5
922.5
3122.0
964.5
8211.0
1190.0
3647.5
2634.0
6608.0
365.5
5986.0
6454.0
5758.5
1151.5
68.0
5002.5
5180.0
6174.5
3808.0
2429.0
1213.5
4545.0
2367.5
5239.5
4038.0
2842.0
3397.5
3422.5
3288.0
3349.0
6449.0
2109.5
3065.0
6244.5
2858.5
4632.0
2613.0
3655.0
2055.0
68.0
3594.0
5500.0
4738.0
2541.5
921.5
1422.0
3412.0
8707.0
2093.0
6707.0
2415.0
7912.0
1600.5
886.5
2790.5
3040.0
565.0
4325.5
7993.5
0
1010.0
0
0
316.0
2387.5
3447.5
6536.5
5063.5
4092.0
1338.5
1479.5
2872.0
0
383.0
6638.5
3289.5
5598.0
6505.0
365.5
3429.5
1335.5
4215.0
7394.5
3355.5
7797.0
2741.0
3110.5
2679.0
5573.0
2153.5
5535.0
2059.5
6642.0
3887.0
602.5
4188.5
453.0
7214.0
1060.0
7078.0
4780.5
6378.0
2853.0
2142.5
3146.0
7395.0
1765.0
4552.0
2781.0
5412.5
6359.5
2940.5
5443.0
3693.0
4074.0
8801.0
4244.5
1494.0
6921.0
2528.5
6264.5
5081.5
5981.5
138.0
2167.0
3497.5
230.5
2821.0
3578.5
4086.0
4747.0
1517.0
4043.0
4490.0
1474.5
2018.0
6640.0
5308.0
1183.0
4084.5
0
3241.0
6693.0
6609.0
2072.0
1393.5
0
1042.5
4195.0
6691.5
6407.5
6868.0
3029.0
6734.0
5098.5
3534.0
647.0
138.0
8515.0
3468.0
8270.0
231.5
2957.5
471.0
1284.0
0
1658.5
2654.5
0
4086.0
7069.5
758.5
7181.5
3509.0
6800.0
4619.0
8121.0
6772.5
6641.0
8853.5
4510.5
6199.0
2631.5
6914.0
435.5
2389.5
7438.0
4716.0
459.5
7842.0
3282.5
1146.0
3582.5
7231.5
6272.5
965.5
5841.5
8289.5
5786.0
3681.0
7494.5
5116.0
1988.0
5850.5
8643.0
0
1427.0
727.5
3666.5
6819.0
2298.0
6653.5
972.5
136.0
3054.5
2765.0
6282.5
5723.0
7727.0
5300.0
0
1496.5
0
4845.0
190.5
4250.0
3946.5
9556.0
3679.0
6785.0
2547.5
3245.5
5942.5
194.5
2910.0
2327.5
3634.5
5155.0
6519.0
7806.0
4800.5
8235.5
68.0
8204.5
2474.0
5816.0
3858.0
68.0
2581.0
1840.0
2058.0
6190.5
2827.0
742.0
0
3388.0
2301.5
5686.5
4463.5
6610.0
5146.5
257.0
120.5
2086.5
4440.0
5843.5
4563.0
1899.0
1238.0
68.0
68.0
4189.0
6202.0
2265.5
3090.5
4828.5
68.0
2711.5
6978.0
9204.0
3963.0
5165.0
2198.5
4806.0
6035.5
1452.0
0
845.0
68.0
10261.5
3600.5
8074.0
1369.0
4114.5
2210.5
2301.0
6833.5
3051.0
7733.0
3083.5
4546.0
4984.5
5162.0
10254.5
8215.0
5333.5
3244.5
5583.0
3836.5
4506.5
2978.5
713.5
2578.5
5237.5
4531.5
3299.5
6991.5
3841.5
7028.0
2594.5
4645.5
2712.0
4482.5
5612.5
3138.0
6001.5
6469.0
6560.0
6397.0
7335.0
4881.5
7427.0
2006.0
10117.5
5930.0
5385.0
6282.5
7625.5
7393.5
68.0
2187.0
6019.0
2799.0
0
4048.5
5706.5
5607.0
1073.5
7007.0
5696.5
3934.0
3631.0
2790.0
5368.5
1387.0
7196.5
753.5
2263.5
3892.5
5300.0
2356.5
6143.5
7826.0
4163.5
3961.5
138.0
3590.5
5231.0
3571.0
8983.5
4474.0
6975.5
7342.5
3408.5
6641.0
9223.0
3991.5
7673.0
827.5
7458.0
3295.5
5812.5
6964.0
5161.5
5678.5
3781.5
7816.5
6625.0
2049.5
7574.0
1116.5
7088.0
6768.5
424.0
6567.5
5464.0
6156.5
7466.0
5903.0
4515.5
5698.5
4145.0
7444.5
2986.5
8921.0
4191.5
9308.5
7608.0
7890.5
3633.5
3431.5
6312.0
535.0
7163.0
6411.5
5873.0
68.0
7423.5
6248.0
5744.0
4427.5
6242.5
5786.0
656.0
2145.5
7954.0
7540.5
1814.0
3413.0
5241.0
5624.5
5609.0
6507.0
5626.5
4142.5
4295.5
3531.5
2186.0
7083.0
0
5464.5
2862.5
5842.5
3594.0
6865.5
8283.0
3305.0
8262.5
7559.5
10760.0
0
3545.0
0
3068.5
2811.5
5336.5
1124.0
8489.5
0
0
5361.5
8752.0
4846.0
3185.0
6990.5
3097.5
7102.5
471.0
3823.0
5838.5
2553.5
9621.0
8726.0
6908.5
6634.0
1227.5
5134.0
6015.5
2108.0
5680.0
2410.5
6651.0
6050.0
3988.5
3884.0
0
6802.5
7267.0
9881.5
9120.0
7131.5
8665.0
7230.0
3603.5
6568.5
0
4042.0
2577.0
7732.5
9539.0
8963.5
4030.0
8483.0
8061.5
7429.5
5851.5
2657.0
7255.5
0
8421.0
0
3977.0
2800.5
0
6928.5
1463.0
2736.5
0
4861.5
10090.0
2770.5
2404.5
7554.5
8880.5
4962.5
0
2812.5
5753.0
365.5
8549.5
1126.5
7146.5
0
8688.0
6512.0
7585.5
5979.0
6103.0
0
5646.5
6137.5
736.0
7030.5
7202.5
5251.5
5772.5
2251.5
5331.5
6539.5
1713.5
7188.0
7337.0
0
7463.5
3984.0
4109.5
10780.5
4633.5
6939.0
0
5410.5
5927.0
7006.0
6099.5
6668.0
7921.0
2605.0
3533.0
2700.5
7841.5
5878.5
0
6697.0
0
478.0
2589.5
2929.5
1955.0
8358.5
7180.0
2200.0
68.0
2314.5
6380.5
10238.5
4804.5
1031.0
8974.5
10133.0
2549.5
704.5
0
2499.0
4005.5
0
0
4005.5
7657.0
6928.5
7905.5
6765.0
5605.5
841.0
5002.0
8105.0
7953.0
10712.5
6195.5
126.5
424.0
3747.5
4235.0
6283.5
1457.0
2779.5
5930.0
5165.0
10308.5
2967.0
7559.5
7880.0
3226.0
7567.5
892.5
9380.0
717.0
1641.0
5787.5
9662.0
6364.5
7001.0
302.0
6569.5
2874.0
7162.5
3598.5
6478.5
4837.0
1705.5
5869.5
7224.5
3819.0
1976.0
8244.5
4813.5
6721.5
6740.5
8781.0
6399.0
3128.5
68.0
478.0
7778.5
6239.5
3978.0
4514.5
7307.0
11155.5
0
7231.5
3236.5
7303.5
7245.0
3676.5
4567.5
7866.5
7055.0
115.5
6851.0
7291.0
5073.0
2352.5
2084.5
6608.0
7829.5
2431.0
8699.0
6065.5
0
6806.5
6529.0
7406.5
5804.0
4930.0
4149.0
8236.0
5793.0
7283.0
7323.5
2441.5
6930.0
5514.5
3321.0
4031.5
8269.0
0
7005.5
3668.0
8269.5
7470.0
9706.0
6577.0
700.0
8861.0
7329.5
5660.0
5122.0
5583.0
5511.5
2565.5
138.0
8913.5
4634.5
4802.0
8377.0
4783.0
2336.0
9792.0
8160.0
7829.5
7537.0
5127.0
6206.0
6537.5
7097.0
6109.0
6721.0
10125.0
10335.0
818.5
7203.0
5925.0
8639.0
10532.0
68.0
6657.5
8072.0
471.0
10959.0
4464.5
3336.5
7655.5
6619.5
3159.5
6674.5
5182.0
4465.0
8534.5
6627.0
5145.5
2173.0
7549.5
2352.0
7791.0
5551.0
9232.5
4606.0
5477.0
4938.0
8869.5
10643.0
1295.0
2891.5
10968.5
5530.5
8829.0
5988.5
1868.5
3722.5
386.0
7881.5
9987.5
5825.0
4322.0
5972.5
6745.5
10704.0
6243.5
6298.5
4538.5
2300.5
6209.5
4791.5
3129.0
8295.5
1015.5
7402.5
3239.0
4869.0
8378.0
11569.0
4499.0
7501.0
6633.5
5725.5
5739.5
10450.0
6465.5
4376.5
5710.0
2055.5
8229.5
3409.5
7724.5
4335.0
6971.0
1315.0
6863.0
8795.5
2600.5
5640.5
5439.5
7671.0
5791.0
6009.5
424.0
6490.0
2125.5
4087.0
5282.0
8962.5
6606.5
2406.0
5228.0
9003.5
9748.5
6706.0
300.5
9062.0
1628.5
4227.0
7576.0
7434.0
7008.5
4964.0
4673.5
10208.0
5641.0
4790.0
68.0
8194.5
7701.5
6727.0
7498.5
7713.5
3666.5
4031.0
6759.5
5849.5
6747.5
68.0
3146.0
6040.5
5976.5
0
4431.5
3336.0
2973.5
3032.5
12191.5
6745.0
3625.5
860.0
11060.0
15211.0
3774.0
10068.5
7671.5
9093.5
6588.5
7648.5
6399.0
6506.0
828.5
5344.0
3247.5
6838.5
9397.5
5156.0
5536.5
6556.5
4250.0
3891.0
4340.5
6440.5
1948.0
7473.5
6198.0
5715.5
2022.0
2549.0
6775.5
4435.0
10543.5
7501.5
7424.0
716.0
478.0
3992.5
6260.5
1011.0
8024.0
2910.5
1181.5
2877.0
8066.0
3040.5
9418.5
7313.0
4178.0
8701.0
8777.0
3939.0
8740.5
1197.0
68.0
5462.5
9181.5
1560.5
6039.0
10374.0
9296.0
3699.0
1815.5
771.5
3733.5
7087.0
8700.5
5097.0
6195.5
3113.5
5788.5
9908.0
6140.0
10629.0
7604.0
10282.5
1494.5
7816.0
7368.5
4600.0
11374.0
6487.0
7660.5
9282.5
6102.0
5851.0
8647.0
4771.0
6057.0
2380.0
7576.5
2422.0
5387.0
6153.5
68.0
9419.0
3563.5
10005.0
7513.0
6780.0
6392.5
12912.5
8358.5
12809.5
10380.0
4938.5
7789.0
6469.5
7700.0
5233.0
6352.5
928.0
6282.5
3008.5
1073.0
9206.0
7204.5
8567.0
6601.5
9123.0
4072.5
8243.5
3530.0
8816.0
2672.5
4509.5
4860.0
4594.5
8525.0
10093.5
8979.5
5114.0
4885.0
5280.5
8533.0
8582.0
6489.0
8251.0
8477.5
9581.0
9201.5
6487.0
4189.5
5399.5
2229.5
7735.5
6843.5
7526.5
7591.0
12013.5
6226.5
6523.0
6082.5
10084.0
8433.0
9630.5
7379.0
2966.5
424.0
5811.0
6123.5
4967.5
2060.5
4001.0
9959.0
7891.0
8693.5
663.0
6684.5
5908.5
4910.0
5303.0
8012.5
7343.0
1808.5
6892.5
5229.5
1171.5
6089.5
1506.0
8180.0
736.0
1938.0
4746.0
2146.5
8840.5
5951.5
4840.5
6582.5
11163.5
9853.5
4933.0
3651.5
6946.0
8693.5
10119.0
11657.0
7402.0
2413.0
4286.0
5824.5
5432.0
438.5
663.0
4694.0
9475.0
5691.5
3357.5
3029.5
68.0
3716.5
7178.5
1191.5
6155.5
6022.5
10851.5
8889.5
3751.0
348.5
1038.0
7132.0
7861.5
8215.5
7524.0
1243.0
5678.5
2887.5
3842.0
7053.0
7161.5
1089.5
5086.5
6488.5
8055.5
7600.5
6950.0
2828.0
8053.0
9281.0
8978.0
7304.0
9954.5
3483.5
10000.0
68.0
8363.0
126.5
5246.5
9102.0
8541.5
3341.5
698.5
2880.5
5806.0
4704.5
3922.5
4913.5
8219.0
401.0
10138.0
704.5
10816.5
4550.5
11594.5
7684.0
6950.5
7097.0
2545.0
4815.5
3448.5
5269.0
4110.5
6128.5
6726.0
7349.5
1629.0
7609.0
8807.5
6831.5
8139.0
6291.0
8767.0
4651.5
1675.0
13535.0
1536.0
1485.5
8158.0
3564.0
0
4525.5
6106.5
8390.0
2342.5
7785.0
7151.5
2912.5
7564.0
5609.5
5246.5
4078.5
2634.0
4524.0
9497.5
1719.5
1034.0
4177.5
68.0
9442.0
7887.5
10665.0
9763.5
7005.5
68.0
7562.0
7051.5
601.0
3297.0
7640.0
6519.0
576.0
7357.0
9158.5
4271.0
4864.5
6581.0
6314.0
8431.0
6275.0
2402.5
11064.0
9002.0
3482.0
4354.5
10510.0
1775.0
1883.0
6991.5
4169.0
1839.0
8495.5
663.5
386.0
2042.0
0
10101.0
4770.5
10249.5
6119.5
68.0
7230.5
6042.0
1851.0
7949.5
3531.0
3098.0
719.0
5224.5
1019.5
4353.5
7071.0
9807.0
1123.5
2836.5
7652.0
8992.5
4147.5
5040.5
2527.0
1937.5
3745.5
4846.5
9629.5
2072.5
8053.5
6857.0
5730.5
2698.0
8591.5
12530.5
4929.0
6648.0
7989.5
7473.0
6249.5
6421.0
5471.0
8640.5
7198.0
6909.5
7963.5
6287.0
4590.0
8818.5
401.0
740.0
8791.5
1801.5
8242.0
4663.5
6955.5
8076.0
478.0
138.0
7791.5
365.5
7026.5
3482.5
9124.0
4706.5
5059.5
7625.5
5717.5
6853.5
10260.0
2754.0
5655.0
2166.0
5936.5
775.5
4830.5
10209.0
5064.5
5740.5
9073.5
7000.5
3644.5
8100.5
5899.5
1525.0
7317.5
6706.5
8708.5
68.0
126.5
9134.0
7177.0
4372.0
9649.5
7437.5
7159.5
6751.5
10571.5
5780.0
8562.0
7847.0
476.5
8203.5
811.5
9629.0
6826.0
7016.0
8078.5
3466.5
6130.0
5922.0
10687.5
2777.0
5561.0
7439.0
5167.0
6267.0
6237.5
10506.0
6480.0
7767.0
1852.5
2852.5
9981.5
2289.0
6229.0
6820.0
8471.5
5434.5
10739.5
2727.0
0
11050.5
6545.5
6691.5
0
8238.0
5373.0
7145.5
6404.5
6917.0
7406.5
2507.5
471.0
6354.5
0
4764.5
4826.5
6151.5
3309.5
6826.0
6556.0
11899.0
7395.5
4587.5
4962.5
8306.0
7247.5
6344.5
7756.5
8042.5
7637.0
7824.0
7812.0
5595.0
6914.0
1077.5
3940.0
10018.5
6189.0
5084.0
9363.5
7228.0
716.0
5671.0
6505.0
1681.5
4686.0
6660.5
7378.0
1043.0
9505.0
5692.5
8553.5
7951.0
348.5
4265.5
4115.5
1514.5
9164.0
478.0
771.0
6934.0
2294.5
698.0
8723.5
3410.5
7873.0
3563.5
8405.0
8853.0
5988.0
6576.0
10495.5
5248.5
5856.0
8084.0
2095.5
1477.0
68.0
9517.0
9407.0
9022.0
7715.5
7113.5
0
7650.5
2785.0
10663.0
4065.0
316.0
2627.0
6383.5
1368.0
6392.0
8697.0
4680.0
8143.0
1632.5
5500.5
467.0
6433.0
5652.0
9063.5
3684.5
374.5
10665.0
6539.0
2298.5
10021.5
7797.5
6320.5
839.5
1823.5
138.0
7280.0
7543.5
7207.0
7108.0
7473.0
7843.0
5689.0
7635.0
6038.5
3159.5
4336.5
9012.5
8279.0
2537.0
10810.0
10365.5
8886.5
7358.5
8061.5
5918.5
2643.5
3842.5
6945.5
1759.0
5920.5
6872.5
3891.5
5216.5
4468.5
9507.0
1318.5
8349.0
8173.0
3066.0

5664.5
8676.5
10526.0
7972.0
7259.0
6871.5
6390.5
6841.5
7841.5
3772.5
7738.0
5954.5
8233.0
1422.0
10597.5
7101.0
6426.0
6169.5
6331.5
3731.5
6619.5
7698.0
8352.0
1934.5
6322.5
6123.5
3455.5
2982.0
7030.5
4573.0
6000.5
1242.0
6715.0
9908.0
4321.5
6450.5
8813.0
2076.0
6814.5
7448.0
6463.5
3608.0
7134.5
5635.5
12793.5
3388.5
7372.5
10073.0
7189.0
8771.0
9234.5
10602.0
1650.0
3837.0
9605.0
7841.0
5098.5
7399.0
7623.0
7894.5
9270.5
5366.5
717.0
5782.0
8154.5
10413.5
6716.5
9785.0
6758.5
11984.5
1105.0
10967.0
4506.0
12915.0
8373.0
8913.5
7608.5
4470.5
1508.5
11791.0
1851.0
7789.0
2116.5
1284.0
10595.5
1121.5
8187.5
7200.0
12905.0
6194.5
2611.0
6155.0
0
6196.0
3605.0
6296.5
7437.5
7533.5
3743.5
6562.0
12253.5
8639.0
407.0
9762.0
6139.5
9091.5
7696.5
2201.0
8075.0
6406.5
6506.0
4689.5
5955.5
5999.5
9091.0
5908.0
7058.5
4490.0
10151.0
4843.5
5752.0
1070.5
8823.0
8184.5
7508.5
9642.0
10446.5
4239.5
8366.5
68.0
9747.0
10497.0
2786.0
7036.0
4117.5
6689.5
6442.0
0
5616.0
8511.0
7082.5
7214.5
10102.5
5538.0
6665.0
3269.5
6562.0
3898.5
11826.5
8339.0
11483.0
10957.5
6157.5
11169.5
4221.5
6674.5
7710.0
8897.5
6535.0
9400.5
7702.0
10218.0
9149.0
1341.5
2956.5
6704.5
7070.0
7390.0
684.0
4219.5
5020.0
7547.5
2962.0
11315.5
2743.0
2298.5
3880.0
9788.5
7434.0
2588.0
6376.0
6677.5
10209.0
408.5
10661.5
0
9890.0
10375.0
10597.0
6554.5
0
365.5
7554.0
5685.5
7390.5
11935.0
0
6006.5
8277.0
9316.5
8395.0
7078.0
0
126.5
843.0
8940.5
9962.0
7302.5
6428.5
681.5
1141.5
7507.0
6448.0
5636.0
2863.0
7154.5
4107.5
3123.5
10763.0
5656.0
10943.5
7498.5
1198.5
5794.0
4559.0
682.5
9404.5
7286.5
7553.0
8343.0
0
0
6033.0
6437.5
3589.5
4901.0
798.5
9355.5
6164.0
6341.0
3060.5
5824.5
5834.0
2921.5
8998.5
6175.5
7753.5
4614.5
6632.5
6913.0
5427.5
6861.5
9303.5
6854.0
7982.0
1774.5
3058.5
7317.5
5159.5
7203.0
0
3493.0
6904.0
7705.5
3013.5
1579.0
2497.5
7291.0
6431.5
3938.5
8521.0
7805.0
9374.5
8193.0
6901.0
0
1230.5
8789.0
9354.0
9280.0
6955.0
2686.0
4681.5
10199.5
8417.0
8440.5
5914.5
8476.0
1032.0
1263.0
9203.5
7781.0
0
68.0
6937.5
8496.5
8171.0
4414.5
4553.5
7875.0
8165.0
9238.5
8923.5
7474.0
8265.5
4733.5
9061.0
5549.0
2674.0
7568.5
9377.5
5486.0
0
6374.5
3762.5
4790.0
7130.5
2581.5
1742.0
6935.5
0
10285.0
7835.0
7421.5
5766.5
7805.0
6172.5
8531.0
7001.0
2432.0
7780.0
5496.5
663.0
7954.5
7826.5
5933.0
9463.5
10943.0
7069.5
5071.5
5685.5
7531.5
7768.5
6540.5
7748.0
9911.0
68.0
7684.0
2688.0
3501.5
7481.0
8102.0
10851.0
8336.0
790.0
7004.5
8019.0
8130.5
2216.5
7444.0
8075.5
1162.5
8755.5
5662.5
9543.5
8362.5
10645.5
8486.0
68.0
7706.5
7758.0
8513.5
8167.0
5314.0
8821.0
6226.5
8337.0
5904.5
7010.0
11121.0
6630.0
138.0
7132.0
8764.0
8830.0
575.0
5752.5
612.5
7742.0
7479.5
8566.0
2541.0
7963.0
1328.5
2938.5
4153.0
68.0
10050.0
2221.0
4998.5
2903.0
652.0
8263.5
2882.0
8448.0
489.5
5370.0
7283.0
0
6015.5
8376.5
10775.0
4906.5
6711.5
7207.0
6481.5
6539.5
6786.5
3872.5
1218.0
1165.5
9188.0
8122.0
7014.0
2366.5
138.0
7300.5
2147.0
7129.0
7698.5
3882.5
9092.0
68.0
7700.0
8172.5
253.5
1722.0
68.0
138.0
7907.5
7318.0
3315.0
5501.0
8747.5
5815.0
522.5
7990.0
5291.5
3337.0
6232.5
6640.5
407.0
2867.5
5525.0
1250.0
5991.5
8117.0
4679.5
7088.5
8829.5
126.5
10324.0
5924.0
9400.5
8067.0
5960.5
2864.5
10479.5
1507.5
8546.5
10286.5
4341.0
8152.0
7739.0
10137.5
10116.0
9399.0
8669.5
3163.5
6071.5
8286.0
0
10543.5
9542.5
6546.5
8818.5
5080.5
6636.0
6760.0
6266.5
9509.0
5156.0
6244.5
7147.0
10102.0
4757.5
6437.0
8783.0
6650.0
5312.0
5467.5
2376.5
8022.5
7237.0
8203.0
6322.0
10008.0
3951.0
7035.5
7797.0
8521.0
10164.5
10300.5
11526.0
7575.5
6990.0
8756.0
7811.0
3225.5
10101.0
8365.5
3090.0
10500.5
10023.5
10159.0
3191.5
10597.5
9006.5
1014.5
5960.0
2947.0
2974.5
4891.5
11037.0
6955.0
10344.5
6798.5
8423.5
0
1397.5
8948.0
7515.5
5501.0
5274.5
11525.0
7739.5
138.0
7516.5
9567.5
6652.0
11231.5
3491.5
4949.0
10316.5
10795.0
7144.5
9337.0
8653.0
7515.5
4044.5
8024.0
10204.0
3806.0
4179.0
2907.0
8225.5
9387.5
8491.0
1375.0
10699.5
10580.0
5523.5
7635.0
9699.5
4091.0
5158.0
10546.5
5045.5
2495.5
8924.0
4899.0
8775.5
8975.5
10662.5
2811.0
0
6015.0
2149.5
5738.5
5926.0
7437.0
1907.5
8742.0
2760.5
6500.0
9971.0
10633.0
7000.0
7204.5
4792.5
4866.0
9931.5
8794.0
4811.0
8504.5
7555.5
3463.5
9141.0
4585.5
8232.0
9072.0
10317.5
3370.0
6982.5
4862.0
6962.0
10177.0
6989.0
10940.0
7781.5
8332.5
10066.0
8405.0
6518.0
6262.0
2723.0
7301.5
9326.5
1372.0
11093.0
10290.0
11328.5
6651.0
12556.0
9328.0
9453.0
8558.0
8208.0
8322.0
6206.5
9689.5
6252.0
7618.5
7528.0
10363.5
8728.5
5911.5
7924.0
8009.0
2199.5
10505.5
1642.0
5503.5
6232.5
7295.5
8563.0
5100.5
8615.5
7681.5
68.0
9027.0
8735.0
8370.5
10111.5
1954.0
8358.5
10157.0
3687.0
4637.5
6770.5
6742.5
8874.0
7584.5
6632.0
5696.5
10716.0
0
471.0
9321.5
7172.5
7260.0
9161.0
126.5
8790.0
6161.0
0
68.0
0
11025.0
7478.5
9672.0
8824.0
10198.0
1684.0
0
7836.0
1884.5
1822.5
1909.0
8227.0
10106.0
11440.5
6986.5
6470.0
10064.5
3075.0
10505.5
0
3522.5
8886.5
4483.0
5060.0
8891.5
6793.0
3856.5
10126.5
3043.0
7777.5
6257.0
7876.0
0
10151.5
5668.5
4102.0
2607.5
9584.5
7542.0
10048.0
6937.0
9001.0
8524.0
0
6247.0
6916.5
8474.0
10538.5
3293.0
8641.0
7968.0
6182.0
10177.0
10250.0
0
5812.0
2349.0
650.5
5138.5
9416.5
0
9722.5
4171.5
8256.0
8342.0
7706.5
7490.5
3215.5
0
8485.0
2532.0
7370.0
8337.5
10669.5
4297.0
2620.5
6454.5
5021.5
5905.5
3744.5
9301.0
1299.0
3402.0
5472.5
7096.0
6644.5
5451.5
3415.5
10412.0
1378.5
7676.5
3092.5
10093.0
6581.0
8856.0
7750.0
1075.0
10818.5
2043.0
9596.5
8157.5
7737.0
13165.5
10495.0
10517.5
9835.5
11194.5
5596.0
5667.0
6237.5
8004.0
10190.0
2580.0
5142.0
11131.0
5313.5
11584.5
9848.0
0
10612.0
8331.0
11880.0
10974.0
0
5813.5
5304.0
6769.5
11895.0
6680.0
6266.0
10261.0
7152.5
5395.0
10713.0
10016.0
0
10138.5
10320.0
7072.5
6830.0
7801.0
10252.5
10015.5
6862.0
5861.5
10260.0
0
4372.0
1984.5
8788.0
5814.5
8970.5
10235.5
10069.0
6915.5
10107.0
8357.5
7251.0
7969.0
6190.0
1122.0
9574.0
7164.5
6690.5
10473.0
8605.5
11631.0
9004.5
9499.5
1537.5
7988.0
8544.0
4871.0
9606.0
10558.5
10050.0
7494.0
5211.0
7121.5
7147.0
7419.0
9462.0
4976.0
7989.0
6089.0
424.0
3639.5
9431.0
9916.0
5860.0
8558.0
5575.0
6162.0
2345.0
9808.5
68.0
5001.5
7470.5
8803.0
2229.0
3652.0
7485.0
6416.0
9366.0
9675.5
8670.5
8550.0
7592.0
7436.5
435.5
6746.0
10124.0
7015.0
8423.5
1322.0
9511.0
9174.5
8465.0
6407.0
8048.0
7707.0
0
2369.0
3373.5
6310.5
1735.5
8134.5
12366.0
1613.0
927.0
9808.0
10113.0
6982.5
4353.5
9192.0
11368.0
10583.0
6837.5
9668.0
9064.5
10390.5
7528.5
9619.0
9138.0
8177.0
1402.5
9414.0
7876.5
8550.0
11307.5
8456.0
9751.0
7554.0
10501.0
5833.0
6787.5
6007.5
5736.5
4026.0
10174.5
7723.0
7921.0
6202.0
8967.5
10056.0
6479.5
5589.5
1058.0
5779.5
8490.0
3777.0
6905.0
806.0
6529.0
10171.5
1345.5
8417.5
9394.5
6902.5
9646.0
7024.5
7652.5
8718.5
4078.0
0
10527.0
6069.0
6709.0
7954.5
8559.0
5379.5
1423.5
9200.5
2604.0
7434.0
8325.0
10943.0
5685.0
6906.0
10685.5
11469.0
0
4374.0
7719.5
8884.5
5037.5
8721.5
7442.0
5333.5
8526.5
7804.5
8537.5
438.5
5700.5
3846.5
663.0
3614.0
9547.5
9185.5
9392.5
10326.0
1981.5
7379.0
10114.5
3868.5
9454.0
458.0
4094.5
10398.0
5415.0
6260.5
7438.0
7263.5
5998.0
7080.0
8873.0
12796.5
6031.0
9558.0
0
700.0
5513.0
7734.5
2878.0
6997.0
126.5
6211.5
1481.5
714.5
3499.0
8577.0
11025.0
7424.5
10080.0
2350.0
10522.0
9897.0
10804.0
934.5
12369.5
1848.0
10320.0
8553.5
7360.5
10596.0
1645.5
2425.5
10222.0
4769.0
7126.5
7317.0
7415.5
7392.0
8300.0
8344.5
2403.5
1056.0
10356.5
5461.0
6658.0
7444.0
1498.5
12594.5
6564.5
1707.5
7310.5
4542.5
8564.5
9183.5
5697.5
0
1685.5
6505.5
5276.0
3609.5
6785.0
10823.5
9105.0
7823.5
4081.5
5684.5
5944.5
10410.5
424.0
1764.0
2497.0
11573.5
6759.5
2510.0
9271.5
8657.0
1482.0
6514.0
5947.5
6964.0
7637.5
10048.5
5995.5
8359.5
7902.5
9112.0
8730.0
8314.5
2744.5
5699.5
1568.0
10186.0
8750.5
1234.5
0
8760.5
6996.5
8453.5
10521.5
68.0
2282.0
7298.5
0
6600.5
7905.5
7766.5
9035.5
10276.0
9662.5
8777.0
6246.0
2088.0
1092.5
11668.0
7192.5
6636.5
8904.5
7634.5
8332.0
7039.5
10141.0
3700.0
8803.5
7585.5
6474.5
4747.5
7499.5
7694.5
6472.5
7615.5
9330.5
1820.5
6349.5
1438.0
9428.5
1456.5
5868.5
10413.5
10527.0
9359.0
9290.5
8602.0
9039.5
10141.0
10576.0
650.5
10343.5
0
12005.0
1955.0
8997.0
8378.0
10187.0
9711.5
10501.0
0
2406.5
9426.0
9246.0
10091.0
8348.5
0
7861.5
8999.0
11581.5
7540.5
11893.5
6909.5
9446.0
7887.0
7297.5
10885.0
10837.5
8606.0
1879.5
10081.5
7994.5
11779.5
8493.0
5986.0
8521.5
10467.5
0
2791.0
6796.5
9818.5
6655.0
4653.5
10293.0
968.5
10402.0
10715.5
7934.5
8156.0
5629.0
2737.5
3415.0
9252.5
8752.5
3505.5
6867.5
7032.0
3526.5
10366.5
6245.0
7690.5
6190.5
5897.5
2080.0
10104.0
11900.5
7197.5
6425.0
10199.0
10136.5
10106.0
11510.0
8471.5
6872.5
11224.0
11436.0
2170.0
5952.5
5493.5
2528.5
1068.5
9397.0
9105.5
8802.5
12641.0
9978.0
9109.5
7132.5
4300.5
9472.5
8583.5
7687.0
12856.0
6238.5
7437.0
2264.0
10069.5
10277.5
9925.0
10067.5
7852.5
1764.0
8664.0
8402.0
8612.0
5329.5
10315.0
4694.0
554.5
9789.0
10375.5
9659.0
4091.5
2583.0
9187.5
3293.5
0
10824.5
3057.0
9901.5
7026.5
10162.5
12862.0
68.0
10239.5
5196.5
9716.0
8631.0
8824.5
3718.0
128.0
10381.0
10998.0
0
12198.5
7529.0
11020.5
3657.0
6491.0
3657.0
8397.0
9573.0
10202.0
13268.0
7054.5
8303.5
5396.5
1885.5
6032.5
7966.5
12159.5
5621.0
1090.5
5177.5
13148.0
4969.0
13081.5
8410.5
2332.5
10435.0
1915.5
5945.5
10712.5
10517.0
9454.0
7339.5
10277.5
7414.5
8708.5
2970.5
163.0
0
3404.5
13023.0
10065.5
7666.0
8220.0
3613.5
0
6196.5
5238.0
5873.0
6439.5
11939.0
10388.0
9735.5
12145.5
11281.5
9508.5
13629.0
12845.5
751.0
8576.0
8371.0
1702.0
0
9576.5
7612.0
7506.5
344.0
10578.5
0
6116.0
6969.5
1549.0
6153.0
3346.5
9925.5
736.0
8881.0
10038.5
0
11152.5
10177.0
2965.0
10316.5
12946.5
9024.5
11655.0
7980.0
0
9464.5
13142.5
12493.0
6227.0
11604.0
9206.0
6714.5
0
419.5
5896.0
8390.5
8422.0
6098.0
2466.0
11903.5
4484.5
12195.0
11607.5
7809.0
8236.0
10437.5
4191.5
11372.0
2075.0
9591.0
10533.5
7950.5
10149.0
1819.0
3914.5
332.0
7563.5
13064.0
1461.0
6298.0
489.5
7656.5
10298.5
8832.0
3973.5
11128.5
7206.5
3874.0
7578.5
4793.0
0
9547.5
10874.0
9169.5
4930.5
4373.0
9821.5
10294.0
8760.5
7228.0
7690.5
11568.5
10172.0
6740.0
7978.5
6817.0
12722.0
2475.5
5046.0
9371.5
9115.0
10442.0
11841.5
10412.0
5341.0
4607.5
11246.0
10991.5
348.5
7214.5
5161.5
9391.0
3137.0
5401.0

9373.0
10598.5
10405.5
435.5
9568.5
8866.0
7720.5
9926.0
5425.5
6882.5
10479.5
0
10828.5
9055.5
6001.5
3034.5
9619.0
10685.5
5927.5
1459.0
5664.0
11689.5
10469.0
0
1972.0
9089.5
5263.5
4157.5
13452.0
11679.0
12825.5
6753.5
9581.0
9932.0
5592.0
10888.0
424.0
0
10584.0
3493.5
0
6.0
7512.5
10483.5
8419.0
1108.5
10060.0
5947.5
563.0
8494.5
6544.0
7650.5
5358.0
9199.0
4126.5
2648.0
9022.5
6143.0
8174.5
8177.5
7313.0
138.0
7134.5
9537.0
3121.0
2854.5
1574.0
8053.0
7961.0
8695.0
7065.5
11071.0
12435.5
3859.5
6634.5
2863.0
6355.5
5113.0
8594.5
11240.5
8577.0
9355.0
10102.5
10079.0
3382.5
10715.5
9054.0
6994.0
9936.0
8154.0
10598.5
4192.5
6543.0
8071.5
8433.5
8190.0
785.5
8428.5
10594.0
8158.5
2064.5
5561.0
10142.0
10170.0
5279.5
2639.5
6633.0
5701.5
458.0
8670.5
11078.0
10201.0
6966.5
7945.5
7744.5
2554.5
9111.0
0
8271.5
7669.5
11286.0
9985.0
10357.0
13492.5
9124.0
11386.5
2830.5
5570.0
7013.0
7692.0
6891.5
68.0
8804.0
10331.5
15019.5
4287.0
8657.0
7995.5
4076.5
5904.5
12422.5
8798.0
11786.0
9212.5
1871.0
7728.5
7786.0
9033.0
954.0
5451.0
6460.5
13552.5
11298.5
7694.5
3370.5
10535.5
10580.5
5273.5
8450.0
12513.5
11632.5
5667.0
10219.5
9351.5
12049.5
5406.0
5376.5
7285.0
8366.0
6068.5
6802.0
5728.0
13023.0
9239.0
4775.0
2239.5
5417.5
2683.0
2443.5
4020.0
3863.5
11166.5
419.5
9285.5
6191.0
7062.0
7164.0
9592.5
789.0
11974.5
5483.5
7410.5
9246.5
5599.0
0
8946.0
7913.0
12761.0
11145.0
6465.0
14549.5
2644.0
3589.0
1425.5
10404.0
8562.5
8380.0
8110.5
8315.0
8712.5
9446.0
3931.0
1599.0
0
1988.0
8259.0
10267.0
1703.5
8907.0
9683.0
7321.0
8279.5
2865.5
8200.5
6863.0
9404.0
10062.0
10146.0
10568.0
10745.0
9917.5
7611.0
9708.0
8955.0
11383.5
1798.0
10880.5
9338.5
3777.5
7355.0
10911.0
12332.5
7991.5
12279.5
9038.0
12851.0
9243.5
9501.5
6537.5
10544.5
1540.0
9190.0
1860.0
9117.5
4436.5
0
6237.0
10037.0
8020.5
6481.5
5704.0
6986.5
5575.5
3346.0
451.0
997.5
6929.5
7646.5
9613.5
1655.5
2113.5
10337.5
8689.5
8895.0
4048.5
9185.5
6414.0
6255.0
8957.5
6085.5
7539.0
138.0
12232.0
7383.5
8678.0
7159.0
2056.5
9436.0
4577.0
997.5
8146.0
7954.5
10381.0
9021.0
13038.0
10070.0
4884.0
5374.5
8921.5
3323.0
1179.5
6434.5
4080.5
13546.0
3221.0
663.0
6099.5
10156.5
11259.0
8660.5
8771.5
10714.5
8191.5
9170.5
11192.5
5303.0
4677.5
9921.5
13892.5
10195.0
9935.0
9115.0
0
5198.0
5184.5
9081.0
10947.5
1798.5
10910.0
10247.5
10122.5
9262.5
6559.5
6189.0
7633.5
5608.0
9416.0
10085.5
7504.5
10461.0
10078.0
8775.0
9194.0
10825.0
7942.5
6107.5
13230.5
2493.5
8869.0
1427.5
7785.5
8549.0
8996.5
9372.0
6539.0
8337.5
11361.0
7450.0
10344.5
4284.5
10650.5
7051.0
3731.5
15240.5
12250.5
2718.0
6296.5
6259.5
10575.5
2581.5
8252.5
1290.5
9491.5
8975.5
8346.0
6722.5
7943.5
10512.0
11088.0
1039.0
10112.0
1123.0
4681.5
9096.5
9549.5
9776.5
8013.5
5275.5
869.5
10094.0
6135.5
8489.5
11632.0
6267.5
2905.5
12223.5
12066.0
8429.5
12499.5
9113.0
2375.5
4133.0
4576.5
6281.0
10711.0
1385.5
10789.5
7664.0
5972.0
663.0
7265.5
5213.5
10022.5
10393.0
9738.5
3600.5
10725.0
5085.5
6950.5
6238.0
10648.5
10134.5
7260.5
8583.0
6821.5
7335.5
13191.0
11110.0
9827.5
1016.5
11535.5
10898.0
2220.0
7622.5
419.5
7891.0
10567.5
8609.0
6289.5
5200.5
6934.5
183.5
8650.5
4938.0
10469.0
9832.0
10480.5
10554.5
7804.5
11960.5
0
438.5
7943.0
10070.5
5720.5
9706.0
546.0
1705.0
11892.0
13314.0
12581.5
7372.0
7184.5
8496.5
9269.0
8145.5
3772.5
0
10539.0
10677.0
10279.5
6390.0
10759.5
8474.5
1983.5
348.5
7320.5
10872.0
12333.0
10361.5
7097.5
7629.0
12738.5
9362.5
7563.5
7881.5
10996.0
10149.5
1738.5
12082.0
9444.0
8219.0
7788.0
717.0
11750.5
11420.0
285.5
10589.5
10139.5
5583.5
5699.0
10871.5
438.5
10412.0
14397.0
7586.5
10042.0
5141.5
6615.0
9798.5
11073.5
1184.0
8770.5
5547.5
348.5
7146.0
6906.0
9716.5
8089.5
12383.0
3153.5
11132.5
10662.0
8628.0
7279.5
6581.5
6690.5
10944.0
5158.5
0
7647.5
9772.5
8750.5
10538.5
11203.0
1685.0
13554.5
3259.5
4121.0
1456.0
10699.5
5646.0
11195.0
11715.5
8905.5
0
10743.5
8570.0
11619.5
8783.5
10322.0
10548.0
10221.5
8344.5
5888.0
12756.0
3901.0
9977.0
10952.0
10700.5
10283.5
7832.5
126.5
11394.0
6175.0
10512.0
3120.0
10177.0
14027.0
6407.0
10366.0
9720.5
11021.5
10668.0
8126.5
8543.0
10171.5
2238.5
13152.5
4167.5
8321.5
6685.5
10374.0
3869.5
8937.5
6651.5
6715.5
6589.0
7011.5
10196.5
359.0
10945.5
11530.5
10807.5
10921.5
1673.5
4863.5
10450.5
7630.5
913.0
3911.0
8143.0
9234.5
4224.0
758.5
5575.0
10048.0
1797.5
10127.5
6022.0
2548.5
8798.0
7253.0
4499.5
10121.5
9538.0
11758.0
6947.0
10320.5
9607.0
6701.0
6077.5
6623.0
11777.5
3485.5
2374.0
10014.5
2910.5
9246.5
10812.0
7467.0
3023.0
8537.0
1510.5
6807.0
5497.5
0
10177.0
11828.5
438.5
126.5
6394.0
10225.0
11538.0
9491.5
10752.0
7327.0
10568.0
7945.5
1760.5
10188.5
9169.0
10269.5
9835.5
7892.0
14294.5
10586.5
7584.5
12816.5
9697.0
10665.5
5927.0
10260.0
12993.0
1861.0
12637.5
6788.0
2132.0

13475.5
12143.0
6939.0
10539.5
7293.5
11181.5
11980.5
13792.0
7916.5
11126.0
1327.0
9989.5
7123.0
6818.0
7554.0
9234.0
7912.0
10086.0
9039.0
9549.0
10535.5
10762.5
8974.0
5710.0
9387.0
10086.5
4093.5
13618.0
0
3779.0
4174.5
9382.0
6035.5
10174.0
10059.5
1762.5
8174.0
7903.0
8333.0
12289.0
3712.5
8630.5
9984.5
5697.5
11470.0
10261.5
8152.5
717.0
9184.0
370.5
10709.0
8720.5
9594.0
7398.5
10192.0
2533.5
11315.0
11062.5
7971.0
2368.0
7803.0
6033.5
2060.5
11566.5
11628.5
11151.0
6599.5
6958.0
9403.5
10287.5
11729.0
5750.5
6070.5
4222.0
7933.0
6536.5
4303.5
8058.5
8574.0
10545.0
8961.0
13602.0
5985.5
6533.5
8651.5
6664.5
10500.0
1014.0
11173.0
126.5
419.5
6966.5
5394.5
5191.0
471.0
10119.5
9247.0
6985.5
13392.0
4741.5
14291.0
6014.0
10652.0
10801.0
9061.5
9635.0
10340.0
7045.0
11965.5
6827.0
10839.5
9913.5
8005.0
11340.5
8390.0
6179.5
10449.0
10741.0
7838.0
1828.0
10958.5
12145.0
10727.5
10278.5
9884.5
2673.5
7589.5
14712.0
9136.0
10051.0
10519.5
10608.0
9551.0
9117.0
10499.0
9108.0
3472.5
14060.0
7230.0
13776.0
9238.0
10376.5
11458.5
755.5
13589.0
10262.0
10080.0
6805.5
6360.0
10412.5
10241.5
14096.0
7703.5
8455.0
10929.5
10140.0
12454.0
829.5
5600.5
9911.5
6507.5
6307.0
11860.5
7087.5
10666.5
10619.5
8436.5
12210.5
15107.0
12274.0
11301.5
11333.5
2739.5
7967.0
10175.0
10112.5
11309.0
2054.0
10747.5
4177.5
12681.0
10543.5
16179.5
1283.5
835.0
10950.5
2572.0
12434.0
7899.5
2972.0
9239.5
10637.0
9296.5
3263.5
9180.0
6829.5
11187.5
5293.5
1036.0
11681.5
12766.0
8625.0
4507.0
10899.0
10280.0
11546.0
10009.5
3732.5
7745.0
14625.0
7417.5
8414.0
7346.0
1203.0
7727.0
1986.5
9372.5
6609.0
11426.5
2385.0
10858.0
9405.5
8464.5
8883.5
0
3086.5
11043.5
10270.0
2059.5
2914.5
6127.5
6988.5
10493.0
10760.5
12589.5
138.0
8111.0
4355.0
8583.0
11696.5
68.0
419.5
0
5442.5
10672.5
10613.5
11048.5
10325.5
0
0
10788.5
0
9745.0
10052.5
11302.5
11943.5
8191.5
478.0
7389.5
8058.5
8983.0
8866.0
1571.0
0
7101.5
12723.5
10595.5
1848.0
6348.5
10237.0
8906.5
9868.5
14794.0
9578.5
11195.0
8173.0
5991.0
11123.5
8211.0
2789.5
4844.0
1142.5
68.0
8769.5
3426.0
7504.5
8503.5
11720.0
2617.0
10159.0
9611.0
2837.5
10044.5
3286.0
8304.0
10681.0
10496.0
13944.0
7838.0
8731.0
10702.5
7221.5
8612.0
10881.0
7800.5
8479.0
10948.5
11771.0
7997.5
9568.5
10872.0
6855.5
5527.5
10133.0
13054.5
6663.5
13707.5
10566.5
15212.5
13861.5
13195.5
4570.0
3064.5
2489.0
10160.5
3113.0
7480.0
5955.5
10849.5
11207.0
10287.0
7890.0
12115.0
10394.0
7896.5
10531.5
3672.5
1241.5
10359.5
0
10961.0
10048.5
13344.0
1002.5
4232.0
7415.0
2564.0
10284.0
12069.0
3116.5
10937.0
10126.0
8263.5
12028.0
13161.5
10047.0
9439.0
419.5
8532.0
5919.5
2499.0
8669.5
12232.5
8668.0
10145.0
8562.5
6180.5
7551.5
6079.5
4578.5
8237.0
7860.0
6323.0
4631.5
10903.5
6027.5
4437.5
9359.0
6698.0
13489.0
11569.0
8450.0
0
13744.5
9467.5
6730.0
1049.5
2312.5
8464.5
10190.0
10202.5
6265.0
8850.5
4704.0
12624.0
8074.0
12072.5
10223.5
10125.5
9774.5
3172.0
7200.0
8887.0
10083.5
11203.0
7993.0
9582.0
10159.0
4724.5
1911.5
7851.5
0
6769.5
8322.0
14425.0
799.0
12478.0
8680.5
5474.5
4639.5
7621.0
1163.5
11115.5
6507.5
10523.5
10501.0
13277.0
7484.5
5951.0
10938.5
15633.0
9477.5
2333.5
12631.5
7192.0
6419.5
14989.0
11387.0
3857.5
7324.5
2839.5
10254.0
7244.5
9155.0
5997.0
13559.5
14334.0
9844.5
12784.5
9434.0
374.5
11850.5
9082.5
13486.0
2854.5
2507.0
10495.5
11222.0
4422.5
12141.0
10133.0
9021.5
6436.5
10616.0
12520.5
11016.0
407.0
14670.5
0
7626.0
12655.5
1194.5
9673.5
6696.5
2064.0
12083.5
12142.5
6722.5
12269.0
5340.0
4443.5

13751.0
8224.5
13524.0
892.0
11898.5
12168.0
6348.0
10026.5
8186.0
10188.5
6631.5
5472.0
10572.5
2631.5
14650.5
12310.0
10451.5
1035.5
13833.0
13173.5
126.5
13325.5
12446.0
13928.5
3285.5
10592.5
13233.5
11698.0
4184.0
11478.5
6890.5
2320.0
1901.5
3632.5
12708.0
4043.5
11066.5
4569.5
3783.5
9534.5
1221.0
11472.5
2361.5
10754.5
10921.5
9424.0
11741.0
8199.5
12282.5
7415.5
8703.5
10971.5
10016.5
10479.5
14007.0
4723.5
419.5
11084.0
183.5
11654.5
1651.5
6428.5
12545.0
11843.0
569.5
7314.5
10120.0
4413.0
6692.5
11933.0
1294.0
11431.5
3099.5
1545.0
4132.0
8964.0
680.5
1711.0
3142.0
10990.0
3997.0
6439.5
7774.0
13053.0
13339.5
4991.5
1474.5
10046.5
10176.5
3657.5
2825.5
10074.0
10964.0
10532.5
11352.0
1472.5
9826.0
13187.5
3613.5
6980.0
3570.0
6030.0
7246.0
3114.5
14276.0
10508.5
10233.0
7002.5
1990.0
10063.0
12036.0
4461.5
2267.5
383.0
10499.0
2602.0
13185.5
12814.5
10953.0
6726.0
7496.0
9986.5
6812.5
1502.5
13031.5
7437.0
3470.5
5807.0
11173.0
8875.5
0
1977.0
2890.0
13946.5
12370.5
11855.0
10098.5
10359.0
7665.0
2009.0
3243.5
576.0
11080.5
14052.5
6109.0
7136.5
11048.5
2137.0
7112.5
5191.0
12261.5
8999.0
12298.0
11902.0
10136.5
0
10182.5
13437.0
14353.5
8689.0
8333.5
12406.5
11843.5
13555.5
13121.5
14167.5
10783.5
6052.5
10676.5
12529.0
8043.5
7063.5
13650.5
6823.0
13893.5
8516.5
5699.0
11988.0
8476.0
10651.5
6297.0
15785.5
15042.5
12961.0
6053.5
3722.0
12440.5
13095.0
11032.0
7485.5
15055.0
11528.5
1545.5
7557.0
3730.5
8270.0
12851.5
6733.5
6736.0
9151.0
8594.5
6242.0
4445.0
9591.5
5017.5
10720.5
6233.5
1221.0
4959.5
6616.5
15542.0
10436.5
9110.0
1837.5
10339.0
2406.5
8920.0
9715.5
9443.5
11967.5
4305.5
4278.0
13326.0
11718.0
10661.0
8163.5
10499.5
1634.5
11620.0
9913.0
9282.0
10848.0
10701.5
10175.5
14196.5
9241.0
6708.5
11844.5
7531.5
7212.0
13404.0
11423.5
8169.0
8138.0
5588.5
0
13138.5
4662.0
10717.0
8522.5
8979.0
8129.0
8185.5
5915.0
10052.0
12287.5
13130.0
10280.0
8041.5
10138.0
13622.0
2411.0
12621.5
10132.0
830.5
12219.5
9141.5
0
10893.5
10732.0
9219.5
11826.5
7512.0
6699.5
126.5
11057.5
13103.0
13864.5
15490.0
9183.5
10254.0
7605.0
13736.0
9679.0
13325.0
11355.5
126.5
14502.0
3428.0
10370.0
4634.5
419.5
12501.0
11284.5
11535.5
12957.5
14924.5
7755.5
9700.5
9313.0
7309.0
10999.0
10276.0
6906.5
1517.0
9668.5
9976.5
10771.5
11677.5
7689.5
10691.0
8029.0
6579.5
12582.0
7690.0
14218.0
7207.0
8020.0
7960.0
14543.5
13516.5
5386.0
5793.5
12483.0
5765.0
14257.0
13643.5
10099.5
126.5
3409.5
1160.5
14464.5
1295.0
10194.5
10210.5
10580.5
6025.0
1825.0
9119.5
11511.5
138.0
438.5
0
9863.0
11813.0
6927.0
13745.5
10157.0
11831.5
13484.5
12441.0
10617.0
10399.0
10602.5
11831.0
6870.5
2736.0
13329.0
9041.0
10963.0
12817.0
7297.0
14133.0
14614.0
8521.0
4504.5
14078.5
10559.5
8209.0
11046.5
14770.0
14378.0
10529.0
11629.5
8903.0
5707.0
10115.5
9033.5
11604.0
13995.5
3483.5
10990.5
13512.0
6675.5

11859.5
0
3237.5
126.5
10480.5
10757.5
10098.0
7638.0
11687.5
3216.0
14618.5
11835.5
5739.5
8203.5
6751.0
7577.0
10952.5
4267.5
11490.5
10950.0
1899.0
0
8500.5
12762.0
7404.5
12933.5
717.0
10979.0
11069.0
10175.5
9201.5
15385.0
11436.5
12390.5
3208.0
11968.0
10377.0
10376.5
10247.5
6467.0
12546.5
13552.0
13607.0
2393.5
11889.5
7725.5
9303.0
11123.5
10597.5
10222.0
12415.5
13158.0
8023.5
1925.5
12092.5
10631.5
6448.5
7839.5
12375.0
9108.5
11661.5
979.0
4047.0
7661.0
8134.0
14851.0
13186.5
8834.5
8539.5
12439.0
2685.0
6039.0
13556.5
9152.0
11785.0
1456.0
2177.5
1194.0
7610.5
15334.5
12021.0
7707.5
15719.5
6092.5
13203.0
3929.5
10573.5
10243.5
10580.0
2180.5
8511.0
12772.0
9131.5
4534.5
13144.5
8607.5
1599.5
1644.5
14474.5
10625.5
6722.5
14882.0
13058.5
3980.5
936.0
13203.5
14584.0
68.0
11882.0
10659.0
10749.0
13641.5
9020.0
8321.0
12586.0
7479.0
9659.0
183.5
8832.0
7058.0
9760.5

10607.0
10071.5
2394.5
12457.5
12275.0
10510.0
2582.5
8183.5
6884.5
1862.5
0
10042.0
10142.0
5085.5
11080.5
4285.5
11509.5
10561.5
1684.5
14333.5
3939.5
6719.0
11397.0
5344.5
10164.0
1711.0
11910.0
1212.0
12111.0
10273.0
10721.5
11946.5
8332.0
10984.5
3471.0
9064.5
2349.0
1067.5
11114.0
3660.5
10079.5
771.5
6129.0
11622.0
11180.5
9586.5
8606.0
13764.5
10122.5
4463.0
14902.5
10100.5
11749.0
2815.0
15552.0
10797.0
4548.5
10434.0
11777.0
14631.0
11301.0
10372.0
3247.5
13165.0
424.0
9760.0
10894.5
10962.0
11442.5
2364.0
14061.5
12256.5
11219.0
6049.5
10138.0
68.0
11568.5
10072.0
3726.0
8678.5
11003.5
13693.5
12750.5
10678.5
11251.0
11378.5
8081.0
8586.5
7796.0
14952.5
12366.0
13870.5
3339.5
7932.0
2625.5
5888.0
11079.0
11340.5
12537.5
10508.5
9422.0
11801.0
10120.5
5583.5
10937.5
10139.5
14373.5
12144.5
10661.0
10172.0
2340.0
13021.5
11063.0
13730.5
10944.5
10956.0
8504.0
10626.5
13144.0
12079.0
3846.0
10160.5
1563.5
10349.5
11215.0
14628.5
10235.5
5488.5
4487.0
10136.0
5497.0
1251.0
10653.5
12905.5
3850.5
10350.0
10631.0
11848.5
10614.5
5536.0
1312.0
12665.5
12761.5
12876.0
10251.5
12929.0
10633.5
1574.0
10994.0
9657.5
12893.0
546.0
6627.5
11961.5
10575.5
0
11398.0
7872.0
10947.5
13648.5
11151.0
11144.0
10576.0
2727.5
11391.5
12144.0
7454.0
12107.0
11877.5
0
8739.0
583.0
6411.5
6944.5
10088.0
10559.0
10851.0
10044.5
10170.5
10609.5
13471.5
12587.5
0
4440.0
3596.5
11019.5
14371.5
3633.0
4376.5
5537.5
14278.0
7106.5
11850.0
4536.0
10611.5
14585.5
11425.0
2336.0
13177.5
12374.5
12660.5
11380.5
10655.5
2529.5
9670.0
13179.0
10489.5
8535.5
14606.5
1361.5
10666.5
7536.0
11417.5
9966.0
9909.5
13663.0
13870.0
12303.5
5390.0
3583.5
11172.5
10583.0
811.0
10090.5
717.0
3970.5
8523.5
9394.0
0
15789.5
2442.0
9127.5
8132.0
9836.5
2215.5
13374.0
10974.0
10343.5
9880.0
10102.5
14834.0
10606.0
1622.5
7504.5
10967.5
8458.0
6945.5
10461.0
11323.0
7302.0
9751.0
9051.0
10281.5
8121.0
3030.0
10865.0
8916.5
12300.0
13504.5
9111.0
7921.5
11951.5
7210.5
13744.0
3935.5
14855.5
10521.5
7553.5
4021.0
11191.5
13105.5
2274.5
10064.0
13793.5
10772.0
10619.5
13619.0
11173.5
10866.5
0
7842.5
2758.5
12661.5
10492.0
646.0
10084.0
13041.5
3100.5
12869.5
13476.0
11308.0
10640.0
11460.0
9154.0
8852.0
3955.0
10076.5
700.0
11069.0
68.0
12763.0
13614.0
0
14722.5
12748.5
10218.5
7545.0
9174.0
1661.0
14311.0
10185.5
15526.5
10877.0
8506.0
9338.0
11513.0
11853.5
12313.5
10217.5
10059.0
7258.5
13998.5
9356.5
13744.5
10560.0
9147.0
16018.0
14624.0
8584.0
138.0
13704.5
9749.0
9148.5
1551.0
11355.0
15360.0
8203.5
2360.0
11323.0
4575.5
0
13004.5
1496.5
10814.0
11000.0
8877.5
10509.0
13452.5
10073.5
1325.0
11561.5
14350.0
10712.5
12409.5
10540.5
11722.5
13020.5
15094.5
12712.0
12948.0
13912.5
10214.5
12402.0
14507.0
7777.5
3608.0
13296.5
752.5
10802.0
717.0
10820.5
10256.5
12324.0
1995.0
5883.5
12421.0
14695.0
15011.0
3575.5
5715.5
13738.0
10606.5
13707.0
12516.0
13278.5
12577.5
9120.5
9407.0
10944.5
2156.5
12638.0
13922.0
11999.0
10219.5
10544.0
461.0
10639.0
15117.0
12544.5
13031.5
12912.5
11967.5
5252.5
14648.5
11601.0
10059.5
10652.0
9658.5
3691.0
7431.5
7672.0
11743.0
242.0
10660.0
13328.5
11113.5
5291.5
10077.0
285.5
12381.0
1107.0
15053.0
14031.5
11662.0
11457.5
2781.5
9618.5
13833.0
7231.0
10938.5
435.5
9304.5
10507.0
12788.5
478.0
8339.5
8080.0
6335.0
12627.5
5265.0
11838.0
665.0
10958.5
13857.0
11026.5
12610.5
13461.0
11978.0
4846.5
12312.5
12442.0
11985.5
13621.5
12050.0
10437.0
11611.5
15157.5
12273.0
11211.0
11483.0
4028.0
6768.0
6391.5
10942.5
2075.0
9035.5
13760.0
11006.5
10964.5
10785.5
0
9116.0
8108.5
3993.5
2275.0
10036.5
9276.5
686.0
138.0
10187.5
14174.0
2343.5
10802.5
9419.5
14051.5
11076.0
8278.5
10069.0
7984.0
12361.0
13825.0
6882.5
348.5
14506.5
10711.0
10943.5
14430.5
3277.5
9588.5
1634.0
11899.5
14466.0
14340.5
5615.0
12970.0
13318.0
14612.0
5487.5
0
7066.5
14488.5
12861.0
10898.5
11084.0
1621.0
15165.5
10787.5
8664.0
6500.0
10112.5
6797.5
2964.5
14285.5
13291.0
10302.5
4937.5
13347.0
10061.0
6111.5
4049.5
951.5
12628.0
14652.0
11544.5
10584.5
14908.5
15001.0
4593.0
0
815.5
12344.0
12552.5
8693.0
14661.5
13938.0
10228.5
7446.5
11757.5
1375.0
11427.5
13465.5
9781.0
3429.5
11077.5
5993.0
9094.5
11451.0
717.0
12693.5
11972.5
10269.0
8758.0
13842.5
10856.5
68.0
11052.5
13076.0
13487.0
14523.5
14041.5
10219.0
12518.5
14087.0
652.0
11378.5
6838.5
6669.0
14273.5
383.0
13274.0
5763.0
3770.0
1794.0
9985.5
11211.5
10918.0
11567.5
10764.5
14576.5
10524.0
3377.0
11812.0
13730.0
12823.0
13807.5
5843.5
1683.5
5583.0
3094.0
1329.5
15593.0
8707.5
6474.5
10489.5
12813.5
8547.5
10154.5
6207.5
4864.0
11298.5
7157.5
12320.5
7916.0
1797.0
11895.5
6894.0
6476.5
10970.5
8054.0
5052.5
9969.0
7599.0
2756.0
12126.5
10114.5
10619.0
1860.0
2935.0
14013.5
3313.5
10966.5
3848.5
10065.0
11031.0
2860.5
8826.0
3039.0
8084.0
12225.0
11837.0
10388.5
8851.5
7211.0
12692.5
2072.0
12714.5
14048.0
9117.5
13623.0
1875.5
10137.5
12906.5
1086.5
12296.0
1148.0
14357.5
6575.0
13178.0
7802.5
11506.0
965.0
4403.0
435.5
952.5
10598.5
12057.5
13755.5
7524.5
13957.5
7480.5
8433.0
10451.0
14492.5
128.0
7833.0
9996.5
11522.5
5884.5
7974.0
6152.0
12750.0
10240.5
407.0
4459.5
11417.5
10519.0
10243.0
7405.5
12020.0
6442.5
11772.0
3880.5
10511.5
13986.5
3959.0
734.5
8988.0
11123.5
10388.5
10510.5
10518.5
10150.5
8932.0
13639.5
12335.0
10216.0
12681.5
10693.5
13209.5
12862.5
478.0
7213.5
10257.0
7729.0
582.0
9863.0
10117.5
6365.0
1248.5
14718.0
9482.5
6393.5
789.0
12108.0
10960.5
2786.0
13355.0
68.0
3885.5
13819.5
6208.0
1238.0
11135.5
1795.0
8365.5
8467.5
13368.5
10140.0
13651.5
10462.0
12635.5
9958.0
11463.0
9091.0
9393.0
396.0
1201.5
14186.5
489.5
6039.0
10287.0
10312.0
10513.0
5103.0
6431.0
10221.5
2573.0
12346.5
822.5
10114.0
10471.5
11888.0
13663.5
868.0
6738.5
12456.0
13252.5
11399.0
12323.0
68.0
11513.5
11331.5
10523.5
11365.0
3756.5
8056.5
11099.0
6815.5
12806.5
5864.5
10235.0
11840.0
9522.5
10757.5
11429.0
11108.0
10079.5
478.5
12565.5
11066.5
10220.0
12745.5
12240.5
14288.0
10635.5
12761.0
8430.5
2072.5
11077.5
11403.0
6348.5
10424.0
3614.5
8651.5
4096.0
9630.5
3393.5
8610.5
11013.0
13204.0
10549.5
2379.0
13992.0
10547.0
9140.0
1087.0
13367.0
717.0
9629.0
12359.5
12457.5
11705.0
10987.5
10098.5
10930.0
12609.5
9957.5
12402.0
9994.0
10441.5
10168.0
0
8391.0
11451.0
13588.0
12101.5
716.0
10346.5
11321.5
12370.0
14497.5
4207.0
13952.0
12981.5
7018.0
9826.5
13170.0
6919.5
13705.0
10894.0
12925.0
10293.0
10261.0
7429.0
2265.5
11500.5
1960.0
10255.0
6788.5
4876.5
1722.0
2385.5
10894.0
10205.5
10950.0
13488.5
8901.5
14996.0
5337.0
11495.0
11797.5
16031.5
12893.5
10254.5
10542.5
365.5
7504.5
11254.0
441.5
5821.5
9448.5
6728.0
7865.0
12184.0
5147.5
6377.5
12012.0
4935.5
10854.5
13620.0
11873.5
14891.5
7498.5
12064.5
10132.5
10606.0
13351.0
11070.5
12339.0
7399.0
8074.0
9048.5
10821.5
8838.5
4642.0
10496.0
12836.5
0
419.5
10960.0
9567.5
3587.0
8931.0
4897.5
1365.0
10223.0
10117.5
7173.0
9513.0
14517.0
10982.0
790.0
7864.5
0
596.5
2386.5
10140.5
11873.0
2324.0
2107.5
11609.5
7868.5
7809.0
3743.0
6239.5
5084.0
14099.0
8357.5
3278.0
424.0
9405.5
11154.0
10530.0
505.0
7015.5
4988.5
14273.0
1653.5
10258.5
5550.0
9341.0
12469.5
11001.5
14233.0
9787.0
698.5
11589.0
5912.0
13053.0
13020.0
10123.0
13674.0
365.5
6947.5
8862.5
9696.5
5573.5
11427.0
877.0
10737.0
126.5
10265.0
13571.5
10500.5
14699.5
10304.0
3321.5
10130.5
365.5
13506.0
6112.0
11521.0
8377.5
7859.5
1420.0
478.0
13882.5
13845.5
10701.0
8593.0
7727.0
13720.0
11876.5
10784.5
10199.5
12695.0
775.5
10517.0
11003.5
12216.0
5541.0
10089.0
126.5
12374.5
1261.0
8158.0
10616.0
11438.5
12281.5
8232.5
12261.5
14161.5
11732.5
13641.0
11228.5
10514.0
478.0
13179.5
5439.0
11123.0
13513.5
0
14595.0
10351.0
14306.0
10193.5
6213.5
10786.0
11867.0
12529.5
11781.0
2254.0
14740.5
11775.5
1305.0
775.5
10972.0
3287.5
11646.0
8126.0
4205.0
14999.0
11874.0
7168.5
6614.0
12186.0
10626.5
5140.5
1162.5
5526.0
2570.5
13614.0
13112.5
9088.0
8118.0
1018.5
6241.0
10426.5
10693.5
1896.5
10787.0
1138.5
11959.5
1936.5
1241.5
14995.0
12389.5
1090.5
3467.0
7408.0
13801.5
12944.5
13270.5
14049.5
10373.0
10641.0
8095.5
4939.0
68.0
10509.0
11459.5
16278.5
11053.5
10507.0
10698.5
10514.0
14134.5
10039.5
12320.5
0
11932.0
11548.0
740.0
15332.5
10726.0
11594.5
12835.0
13876.0
12149.0
13671.0
12005.0
68.0
6697.5
13790.0
8579.5
7123.0
10085.5
2132.0
2539.5
12797.0
9277.5
2232.0
8646.5
5311.5
2025.0
12076.5
14201.5
68.0
11182.5
14650.5
14559.0
13179.0
4610.0
68.0
11825.5
1657.5
13023.5
14055.0
2040.0
14290.0
8727.0
12268.0
13469.0
11431.0
12545.5
9277.5
11076.0
2200.0
2235.0
5608.5
12379.5
14990.5
12809.5
11948.0
10416.0
11928.5
13429.5
14065.5
6182.0
9930.5
4568.0
2649.0
4875.0
8573.5
7239.5
4798.0
401.0
13379.5
12540.5
9562.5
1266.0
3215.5
10507.0
13537.5
7929.0
10708.0
2933.5
13381.5
15238.5
14057.5
4571.5
12823.0
7411.0
10646.0
12288.5
10401.5
2091.5
13427.5
11597.5
3402.5
13059.0
1708.5
10076.5
6323.0
9861.5
10613.5
9070.0
11046.5
0
6480.5
14965.5
7149.0
14054.0
15783.5
11323.0
10515.0
10010.0
10069.5
14601.5
10289.5
12899.0
7465.5
13546.5
12089.0
9274.0
6658.5
0
8357.0
11014.5
13175.5
14196.5
12729.5
11219.0
13104.0
8648.5
11771.5
14601.0
7579.0
9945.0
10649.5
12928.5
14379.5
5477.0
2181.0
8259.5
916.0
9083.5
13565.5
10159.0
5857.0
5460.0
8647.0
4108.5
10240.0
13547.0
12934.5
6246.0
11046.5
11013.5
15199.0
10682.0
13161.5
9134.5
10039.0
5251.5
9609.5
12157.5
1915.0
7961.5
13828.0
68.0
13578.5
12118.0
5121.0
1022.5
8421.5
2287.0
9628.5
11950.5
11388.0
12678.0
1016.5
11547.0
10191.0
13647.5
2573.0
14185.5
14057.5
13675.5
7084.5
11603.5
4118.5
9109.0
15198.5
2851.5
13254.5
3193.5
10085.0
12150.0
11213.5
5582.0
12938.0
9902.5
1579.5
10339.5
4105.5
12251.0
13953.5
15414.0
4304.5
8403.5
12239.5
2583.0
13541.0
1944.0
11190.5
68.0
8433.0
10055.5
1320.0
12597.0
1385.5
1719.5
4308.0
9795.5
10868.0
10340.0
10226.0
14701.5
1570.5
10504.0
8521.0
12341.0
9712.0
12928.5
13585.0
9451.5
9149.0
8375.0
10566.5
3063.0
11074.5
10130.0
15538.5
10529.0
6681.5
4713.5
9399.0
11780.0
7747.0
12480.0
12070.0
10580.0
11623.5
10603.5
10257.0
10841.0
13044.0
12719.5
13115.5
9253.0
12311.5
9316.5
11560.5
13931.5
9874.5
8428.5
12589.5
10543.5
11290.5
4190.5
13268.0
10812.5
14739.5
14227.0
10813.0
5163.5
692.0
6925.5
2533.0
8097.5
3998.0
12984.0
4197.5
13585.0
10211.0
10575.5
6576.5
4838.0

7935.5
4181.5
12810.0
3229.5
14569.5
6161.0
11103.0
11628.5
2406.0
13388.5
2863.0
3638.0
10772.0
2501.0
12187.0
15196.5
12581.5
13047.5
6800.0
10825.0
10023.5
8793.0
9365.0
777.5
9319.0
0
9123.5
6294.5
12902.5
15119.5
10079.5
10383.5
11406.5
7188.5
12169.5
7796.5
12095.5
11133.5
14287.0
11487.0
10238.0
12408.5
9001.5
12739.5
8189.0
11406.0
6200.0
13373.5
2206.0
9006.0
8677.0
13406.5
9592.5
13857.0
2842.5
2206.0
9694.5
7966.5
13382.0
7823.0
5526.0
4802.0
14514.0
10101.5
14052.5
2476.5
5396.5
0
8864.0
8162.0
3543.0
5396.0
8808.0
11876.5
12540.0
1822.5
6176.5
2077.0
11541.5
14128.5
13097.0
9066.0
13381.0
12604.0
12387.0
3201.5
10558.5
12406.5
12120.5
8884.5
12527.5
11116.5
5232.5
6769.5
8138.0
9940.5
9348.0
10388.0
10101.0
752.5
11455.5
10501.5
668.0
10333.0
12142.0
13169.0
4168.0
11471.5
11257.0
6143.5
12723.5
14280.0
13744.0
10169.5
13888.0
15577.0
13034.5
1014.5
11657.5
14732.5
11298.0
12411.0
424.0
12386.5
1737.0
3063.5
8342.5
14792.5
3086.5
13250.0
11180.0
14627.0
13464.0
12806.5
0
10442.0
1901.0
10653.0
2332.5
2303.0
2797.0
12655.0
2612.5
4718.5
10991.0
12061.0
3423.5
1746.0
14233.0
10777.0
5691.5
12247.5
10976.0
9895.5
10262.5
11105.0
6130.5
13823.0
1015.0
11365.0
9927.5
11237.0
3293.0
10652.5
12300.5
11740.5
8099.0
168.0
1175.5
12808.5
3594.5
2967.5
11531.0
10766.0
13324.5
7771.0
12052.5
5084.0
4083.5
7082.0
6079.0
12026.5
12958.5
4455.5
3690.5
11954.5
7884.5
4675.0
5140.0
9949.0
1134.0
787.0
7086.5
14571.5
13700.5
7315.0
8276.0
4635.0
12862.5
8712.5
401.0
3666.5
15370.5
10201.0
13245.0
11062.5
3075.5
13379.5
2403.5
10998.0
10063.0
14532.5
12046.0
10077.5
6061.0
2284.5
126.5
10119.5
13284.5
4972.5
10212.5
14527.5
4047.0
4337.5
14376.0
9692.0
13762.0
3729.5
4363.0
1560.0
12751.0
9478.5
4171.0
622.5
10100.0
1588.5
10051.0
8411.5
7183.5
11435.5
4914.5
0
9561.5
4447.5
459.5
2081.5
13656.0
8249.0
2922.5
5446.5
5940.0
14497.5
12948.0
829.0
11408.0
1982.5
2929.0
15541.0
11069.0
4917.5
12633.5
4314.5
12926.0
14626.0
3429.0
5326.0
12373.5
3410.5
11765.5
12866.0
1944.0
14634.5
2606.0
2201.0
13890.0
5686.0
8031.0
10113.0
14280.0
7882.0
10292.5
68.0
13040.5
13099.5
12103.0
10061.0
8723.5
12447.0
9186.5
13335.5
8154.5
14268.5
7348.0
14284.0
10909.0
10987.5
11129.0
7526.5
13524.5
6595.5
5052.0
10544.5
7120.0
11601.0
2779.5
15633.5
13292.5
4660.5
491.5
14609.5
14646.5
11916.0
12160.5
14220.5
790.0
7511.0
10480.0
13163.0
4796.0
12374.0
10084.5
11673.5
2069.5
14041.0
9176.5
3770.0
5993.5
285.5
8091.5
14563.5
10570.5
4871.0
4880.0
14224.0
7497.0

3165.5
5206.5
10630.0
1175.0
3446.0
9591.0
12059.0
12216.5
2231.0
11130.5
7911.5
14722.5
9349.5
12945.0
11021.0
11826.0
13454.5
7437.5
2165.5
10327.0
9187.5
14093.0
4716.0
11269.0
10508.5
1555.0
2087.5
12922.5
7046.0
8789.5
8858.5
10168.5
2798.5
15141.5
13972.0
3553.5
11111.0
15695.5
14587.0
68.0
11027.5
7529.0
12407.5
10487.5
10791.0
10984.0
4717.5
316.0
1389.0
10477.5
1266.0
7842.5
10199.0
11621.0
11391.5
10974.5
5096.0
14079.0
12783.5
14541.0
10372.5
11742.0
10929.0
11602.0
11895.5
10177.5
14776.0
11089.0
8443.5
10962.5
12811.0
2572.5
14330.0
14525.5
13165.0
5647.0
6448.0
471.0
2271.5
12914.0
5092.5
13050.0
9090.0
5577.5
1448.5
12843.0
5344.0
5260.5
13065.5
11517.5
10092.0
6663.5
8689.5
10555.5
68.0
3529.5
7800.5
10072.0
6440.5
68.0
10118.0
1570.0
11275.5
10595.0
7210.0
15514.5
7416.0
14673.0
11438.5
9239.5
8059.5
6877.5
7686.5
7073.5
10302.5
3594.0
14319.5
2389.5
1858.5
9482.0
11960.5
13267.0
13643.0
13278.0
2025.5
13493.0
4087.5
9193.0
10940.5
8935.5
11898.5
8870.5
6895.0
4291.0
10200.5
12280.5
10386.5
6977.5
1398.0
12452.0
4494.5
2339.5
9104.0
10880.5
6653.0
12895.5
11424.5
11327.5
12923.5
11612.0
8498.0
5760.5
13203.0
13989.0
9586.0
4809.0
4201.5
6491.5
13445.5
10999.0
10286.5
14336.5
10272.5
2674.5
10663.5
12801.0
8220.0
8455.5
13729.0
7669.0
5123.5
8844.0
14058.5
11723.0
978.0
11057.0
13990.0
4782.0
5782.0
12175.5
10345.0
5292.5
14210.0
13265.0
11547.5
10237.0
10547.0
6998.0
8621.5
12120.5
7415.0
13505.5
10649.5
952.0
756.5
1382.0
1771.5
12845.5
10053.0
10043.0
12070.0
13188.5
13090.0
11551.5
10065.0
10062.5
10124.5
3488.0
771.0
8890.5
0
10263.5
11399.5
1146.0
2071.5
11851.0
753.5
12179.5
4133.5
8846.0
4010.5
11156.5
2869.5
2209.5
4969.0
11010.0
11820.0
12502.5
8677.5
2218.5
9550.0
5324.5
12754.0
13578.0
13259.5
1564.0
6954.0
11722.5
4197.0
3062.0
1466.5
1219.0
9591.5
126.5
1854.5
10139.0
10282.0
8416.5
11387.0
13917.0
9921.5
198.0
7522.5
7341.0
9947.0
8857.5
9987.5
9777.0
11513.0
14447.5
12894.5
12337.0
10210.5
6742.5
1137.5
10201.0
11681.5
1276.5
11882.0
541.0
10639.0
8344.0
9523.5
3134.5
11078.0
11370.0
6149.0
10564.0
5647.0
10503.0
12106.0
10744.0
8509.5
13277.5
11935.0
8803.0
11976.5
13843.5
10937.5
10069.0
9699.0
11873.5
10564.5
12412.0
4147.5
11951.5
7439.5
13298.5
10632.5
11393.0
2382.0
355.5
4614.5
1772.0
8148.0
11442.0
13818.5
15355.0
13692.0
4371.0
7055.0
11591.5
9182.0
829.5
3051.0
14727.5
9980.5
10506.0
11744.0
14310.5
8655.5
0
7790.0
11684.5
13084.5
11883.5
9706.5
68.0
10777.0
10055.0
11050.0
10931.0
12268.5
533.0
12557.0
9921.0
6826.5
5125.0
10180.5
1475.5
2909.5
13112.0
13919.0
13079.5
2648.0
11979.5
9774.0
8836.5
12365.0
10938.5
11713.0
12761.5
10323.0
6038.5
11139.0
3303.0
5702.5
12687.5
8662.0
4899.0
10076.5
2705.5
10089.5
9253.5
11179.0
13979.0
9791.0
7204.5
10577.0
6994.5
15980.5
441.5
4715.5
13840.5
10007.5
11131.5
11065.5
14305.0
1849.5
10055.5
3540.0
10883.5
11890.0
9215.0
10244.0
12155.0
6182.0
8944.5
11603.5
11566.5
10606.0
7902.5
11610.5
12487.5
2056.5
10449.0
9029.0
13260.5
7577.5
10256.0
1626.0
663.0
14133.0
14890.0
2800.5
10077.0
13256.0
10517.0
3142.5
10242.0
12356.5
8492.5
10534.0
4181.0
10084.5
10408.5
10964.5
9858.0
9746.0
9997.0
9672.5
12496.5
10112.0
1366.0
8959.5
68.0
10422.0
12974.5
9554.5
68.0
12982.5
9896.5
11494.5
4444.0
8209.0
10404.0
11755.5
2004.0
12438.0
3215.5
12136.5
12160.0
8349.0
11000.5
1491.0
13745.5
12848.5
10120.0
10705.5
4527.5
12694.0
2598.5
11442.0
11592.0
8002.0
1687.5
11271.0
646.0
11794.5
10066.0
13271.5
12877.0
15496.0
4579.5
11591.0
12476.5
5415.0
4919.5
13165.5
5560.0
12862.5
10597.5
13320.5
10126.5
10938.0
12960.5
10068.0
13500.5
2657.0
6406.5
11119.5
10132.0
1368.0
7073.0
12579.0
12814.5
11804.0
7026.5
10838.5
478.0
438.5
2412.5
9334.5
1649.0
7222.0
13271.5
524.0
10207.0
7891.0
8402.0
1549.5
10094.0
10599.5
11534.5
14309.5
9982.5
12521.0
10573.5
11321.0
5744.5
11112.5
12459.0
11931.5
8116.5
11207.0
13227.5
13625.0
2395.5
2338.5
12369.0
12364.0
9712.0
11772.5
1569.0
15952.5
13643.5
14822.0
13725.0
11187.0
13604.5
13729.5
12905.0
1787.0
11224.5
2521.5
10154.0
9311.0
5171.0
10692.5
13882.0
11726.0
13714.5
9021.5
14499.5
68.0
9105.0
9555.5
0
3299.0
10053.5
3896.5
13200.0
11460.5
663.0
1129.0
10549.0
15068.5
9935.5
12537.5
8070.0
790.0
14073.0
14905.0
11952.5
348.5
13772.0
0
8363.5
12186.5
10306.5
11214.5
14914.0
13273.0
10360.0
14036.5
11613.5
11044.5
6267.5
13705.0
5764.0
2967.0
3104.5
12761.0
11232.0
9881.0
11272.5
12339.5
4671.0
2700.0
14208.5
508.5
0
10520.0
10711.0
12916.5
10687.0
0
13494.5
15148.0
14041.5
1404.0
11360.0
1176.5
11507.5
10316.0
12938.5
11975.0
8174.0
6252.5
10155.5
1256.5
11345.5
8184.0
13213.0
14315.5
11433.5
8885.0
10963.0
10544.0
459.5
11149.5
14809.0
12299.5
11862.5
10751.5
7330.5
12285.5
10690.0
10078.0
13233.0
9410.5
11065.5
12733.5
12938.0
10775.0
13868.0
10492.0
12012.5
5004.0
68.0
12377.0
12900.5
0
11307.0
7086.0
3414.5
14050.5
8367.0
11007.5
3275.0
1070.5
15117.0
10999.5
1784.5
6163.0
13655.5
3309.5
8016.5
10215.0
10684.5
9884.0
11902.5
15040.0
12419.5
424.0
1819.5
14080.5
11412.0
9632.0
10299.0
11889.0
12441.0
12800.5
14120.5
13859.5
11406.0
12712.5
10193.0
10337.5
2676.5
13304.0
8967.5
11862.0
3299.5
2010.0
13847.0
2259.0
10553.0
12399.5
1526.0
10561.5
11568.0
10392.5
548.5
6109.0
0
8941.5
10030.5
10607.0
9616.5
11595.0
13137.0
13378.5
8094.0
13386.5
12560.5
1215.0
15602.0
1983.5
11018.0
1505.5
1148.5
3787.0
11554.5
7230.0
10667.0
8490.0
7922.5
4618.5
1350.5
3647.5
11063.5
10002.0
10673.5
10558.0
11585.5
0
593.5
13772.5
1441.0
11916.5
14289.0
12743.5
10978.0
10536.0
0
10120.5
11527.5
302.0
3276.0
7223.5
6158.5
0
11006.0
478.0
10370.5
13851.5
10390.5
2371.0
5070.0
10955.5
13813.5
14138.0
2144.5
11982.5
12946.0
12441.5
14395.0
618.5
13170.5
945.5
11589.5
11217.0
