138.0
478.0
402.0
289.0
316.0
794.5
752.5
126.5
401.0
68.0
599.5
126.5
1329.0
884.0
1926.0
1704.5
1583.0
2650.5
2310.5
2076.0
2043.5
1606.0
138.0
138.0
1433.0
489.5
633.5
575.0
1197.0
3422.5
2421.0
374.5
2985.5
582.0
183.5
2136.5
771.0
68.0
390.5
903.5
2035.5
1058.0
418.5
316.0
1038.0
4303.0
2165.5
776.5
0
4949.5
1746.0
419.5
2763.5
1812.5
886.5
2096.5
4007.0
4268.0
68.0
3829.0
1941.5
639.5
126.5
2084.5
383.0
0
491.0
1156.0
897.5
5830.5
2907.5
1183.5
316.0
365.5
4258.5
778.0
771.0
1110.0
2542.5
2962.0
4327.0
3588.5
2568.0
652.0
2093.5
1328.0
1333.0
4615.0
2134.0
1730.0
407.0
1064.5
300.5
4759.0
0
1804.0
537.5
3990.5
2704.5
2244.5
419.5
838.5
2257.5
4793.0
126.5
487.5
0
6054.5
3388.5
1586.5
2831.5
812.0
1599.0
3106.0
138.0
6465.5
3118.5
790.0
8064.5
5036.0
4197.5
6163.0
4691.5
5766.0
3240.0
2407.5
1447.5
5160.0
5557.5
4871.5
6384.5
3786.0
6391.5
739.0
1597.5
2157.5
2533.0
4192.0
7823.5
1138.5
2943.5
1368.5
0
2147.5
1141.5
6804.5
126.5
4053.5
2207.5
3621.5
6266.0
5505.5
6589.0
2666.0
5219.0
3271.5
5439.5
1836.5
2950.0
6462.0
1277.0
2191.0
9484.5
5862.0
2105.5
6522.0
1234.0
4647.0
1433.0
1340.5
1482.0
3310.5
418.5
1302.5
952.5
2149.5
7921.5
7055.0
3447.5
0
4593.0
4685.0
7488.0
3837.5
5724.5
3235.5
1310.0
68.0
1326.5
7687.0
3687.0
3745.0
1499.5
5938.0
3079.0
1201.5
7442.5
7340.0
719.0
5027.5
5008.0
6037.5
2941.0
1642.5
5648.0
6214.5
4873.0
2587.0
5947.5
6167.5
2137.0
2062.0
6703.0
5964.5
5633.5
6183.0
4471.5
5796.0
2571.0
3225.0
2277.5
7400.0
1687.0
1345.5
2647.5
1884.5
4887.0
7426.5
1461.0
1270.5
1988.0
5903.0
5881.0
4646.0
1642.5
4474.5
6047.5
2594.0
4208.0
2757.0
8405.0
5841.0
2447.5
2875.5
6038.5
1173.0
5895.0
3873.0
1124.0
655.0
2101.5
0
3280.5
9541.5
2169.5
3461.5
7694.0
4917.0
1231.0
68.0
7002.5
7813.5
7229.5
4382.5
0
7636.5
5593.0
1561.0
4012.0
3445.5
6766.0
0
7951.0
2178.0
5937.0
2742.0
3737.0
5436.5
2721.5
2776.5
4647.0
4577.5
5164.0
4234.5
4284.0
8564.5
6617.0
4666.5
666.5
300.5
5790.5
68.0
5475.5
5819.0
1808.0
3472.0
1455.5
877.0
6805.5
5810.0
6098.5
649.0
7228.0
1532.5
5720.0
418.5
5677.5
7381.0
637.0
8553.5
7329.0
2200.5
7046.0
1015.5
8245.5
4869.0
5504.5
4715.5
508.5
7511.5
2670.0
10878.0
7014.5
4624.0
1211.0
2553.0
3365.5
3492.5
4057.0
4252.0
302.0
2952.5
732.0
7078.5
3256.5
1271.5
2409.5
721.5
3653.5
5300.0
1005.0
1752.0
1517.0
1162.5
5645.5
464.0
5067.5
126.5
6999.5
717.0
4839.0
6222.5
5192.5
5614.0
4755.0
7448.5
6729.0
4269.0
3610.5
5928.5
5281.0
6623.0
3192.0
5677.0
1624.5
4778.0
6541.0
0
6770.0
1301.5
8173.5
2153.5
3294.0
2436.5
1525.5
2874.0
5037.0
2509.0
5502.5
5550.0
2960.5
126.5
7335.0
4128.5
3868.0
698.5
6849.0
10647.5
2105.5
4519.5
0
5781.5
4421.5
6713.5
4563.0
7438.0
6413.5
5218.0
5674.0
5422.0
1970.5
4569.5
7878.5
2471.5
4724.5
7605.5
3229.0
4971.0
4816.5
5251.0
2499.0
1311.0
2317.5
1877.0
5004.5
6442.5
3321.5
6627.5
690.5
1172.5
3243.5
68.0
4771.0
702.5
8320.5
7664.5
8720.5
7963.0
6137.0
2524.5
9585.5
1590.0
965.5
4906.5
6087.5
2224.0
5809.0
6901.5
3172.0
1067.5
68.0
3394.0
3685.5
1884.5
1105.0
5597.5
6982.5
4997.0
3661.5
8313.0
3171.0
4537.0
8422.0
5673.0
785.5
4563.0
5943.5
790.0
6483.5
7434.0
2203.5
4239.5
458.0
3199.0
6713.5
68.0
6134.0
5234.0
3238.5
7742.0
9629.0
2002.5
4087.5
3554.0
4925.5
2615.0
2826.0
3722.5
1109.0
7696.0
4315.5
3132.5
3719.0
4337.0
8552.0
2384.5
4456.0
0
7483.0
5616.0
6259.5
2496.0
4549.0
7477.0
9208.0
6835.0
11662.0
489.5
7397.0
8161.5
1358.5
332.0
700.0
3302.0
5230.0
1840.0
7275.0
424.0
8486.5
3266.5
10119.5
3150.0
1981.0
4878.5
7022.0
7190.5
6195.0
8350.0
1139.0
6217.5
7682.0
5755.0
618.5
6610.5
6157.0
2796.5
6602.5
2886.0
5222.5
1897.5
6018.0
4602.5
3089.5
5735.0
7428.0
0
0
1320.0
2706.5
5521.0
5967.5
3414.0
1194.5
7068.0
5759.0
8152.5
7792.5
5172.0
8127.0
6283.5
10937.0
9490.0
8084.5
7636.5
4052.0
8870.0
3055.0
667.5
7630.0
2155.5
6551.0
4419.5
0
6764.5
7414.5
4421.5
6465.0
5390.0
7737.5
11262.5
6172.0
3868.0
717.0
3608.5
4925.5
5302.5
4927.0
6793.0
5430.0
6904.0
5648.5
3201.0
7218.0
2623.5
5463.0
8905.5
3240.5
3870.5
7121.5
5490.0
11232.0
8366.5
6917.0
0
3653.0
126.5
5044.0
3470.0
1000.0
7419.0
68.0
6160.0
6877.5
9615.0
6804.0
5240.0
2398.0
68.0
5642.0
3305.5
2213.5
4418.0
809.5
5781.5
8555.0
3292.5
7796.0
2942.5
3493.5
2786.5
7290.5
9090.0
11098.0
8873.5
3732.5
5628.5
3671.0
3196.0
0
4499.0
8082.5
8767.0
3345.0
5010.0
7790.5
3219.0
6890.0
3544.5
4390.5
3123.5
1666.0
5561.0
3846.5
8653.5
0
10312.0
1775.0
7269.5
7388.5
3979.5
3141.0
8696.5
5469.5
8341.5
7742.0
0
0
2461.5
3034.5
6977.5
2706.0
2299.0
12961.0
0
3282.5
2995.0
5423.0
6860.0
5045.5
3091.5
5785.5
7695.0
2236.0
1704.5
7492.5
3955.0
3303.0
6047.5
4807.0
2944.0
5025.5
9521.0
4929.0
5693.0
2522.5
1301.0
3764.0
5867.0
5838.0
300.5
3124.5
8400.0
5575.5
6439.5
4698.0
7177.0
3902.0
8347.5
8943.0
6870.0
7426.5
0
300.5
5476.0
8692.5
5397.5
5631.5
622.5
2997.0
68.0
2391.5
1022.5
8798.5
9609.0
4437.5
6067.0
7490.0
4141.5
10167.0
7897.0
5228.0
3085.5
2167.5
6457.5
6046.0
7130.0
4006.5
7175.5
5459.0
4225.0
6134.5
2559.0
5954.0
5362.0
1997.5
3835.0
0
1512.0
2939.0
7769.5
6010.5
5283.0
7321.5
8192.5
1572.5
8760.5
5268.5
6606.5
8509.0
5452.5
1563.5
8224.0
6705.5
2382.5
4871.5
4002.5
771.0
6674.5
6580.0
1953.5
5506.0
7178.0
6231.0
300.5
5243.5
1841.5
7706.5
2146.0
7928.0
6265.5
4056.0
2465.0
1778.0
7923.0
2480.0
383.0
2744.5
5806.0
8558.5
8058.5
6912.5
10399.5
5626.5
3269.5
3406.0
6939.0
8633.0
7070.5
5165.0
5245.5
5629.0
7498.5
1387.5
1994.5
1626.5
7687.0
8027.5
8980.0
5276.0
2393.0
7944.5
8313.0
1257.5
4631.0
11567.5
7509.5
1286.5
1479.5
1033.5
9233.5
1084.5
4504.5
10331.0
2078.0
3556.5
9510.5
10561.0
5396.5
0
3839.5
9367.5
3475.5
3394.0
7259.5
953.0
2405.5
8021.0
9076.0
10544.5
3787.0
4759.5
6697.0
8107.0
4272.0
3470.5
771.0
3097.0
6702.0
0
1461.0
68.0
2392.5
10116.5
6617.5
2300.0
6368.5
557.5
4840.5
4130.0
4413.5
6647.5
10528.5
7636.0
9612.0
3168.5
6259.0
3415.0
6530.0
5696.0
1417.0
126.5
2411.5
8853.0
5633.5
6981.0
3995.5
3340.5
4671.0
9010.5
8486.5
8290.5
0
3218.5
895.5
6118.5
7975.0
6896.0
9124.0
4839.5
7928.5
8850.5
5586.5
3551.5
3124.0
0
300.5
1081.0
5212.5
5130.5
3605.5
0
3319.0
7897.5
9429.0
4031.5
6702.0
2892.5
5859.0
10586.0
0
5702.0
5110.5
9143.5
329.5
8531.0
4918.0
3537.0
1460.0
2167.0
7183.5
6730.5
9828.0
7505.0
6067.0
8070.0
6660.5
8992.5
6974.5
5716.0
1602.5
3825.0
4445.0
2078.0
6132.0
7576.5
6113.0
3325.0
1998.0
9501.5
6402.0
4578.5
4177.5
9962.5
2393.5
8446.0
8051.0
6959.5
8245.5
6715.0
6223.0
9298.5
4252.5
8019.5
11381.0
3020.5
1822.5
2550.0
7851.5
5859.0
2400.0
11919.5
7606.0
4580.5
3278.5
10735.0
4014.0
4421.0
8194.0
7719.0
4459.0
6114.5
6348.0
10789.5
2249.0
5847.5
11331.5
9734.5
6576.5
8000.5
2822.5
2431.5
8142.5
2777.0
8603.0
2243.0
7076.0
6660.0
6558.5
0
0
5223.0
5354.5
6044.5
6171.0
8492.0
9074.5
9060.0
2144.5
7631.5
9045.0
6469.0
1800.5
6724.0
10449.0
2690.0
4549.5
5055.5
5236.5
5245.0
9169.0
5973.0
1536.5
4729.0
4787.0
419.5
7287.5
3713.5
8893.0
7125.0
8420.0
10067.5
7708.5
6529.0
5829.5
8655.5
4882.0
7216.5
6330.5
7136.0
9676.0
3382.0
5468.0
6449.5
10611.0
8827.5
1366.5
4572.0
2712.5
9431.5
6313.5
10245.5
2406.5
3908.0
2339.5
68.0
8342.5
0
5306.5
1864.0
2010.5
11357.0
8618.0
6158.5
11239.5
7324.0
7750.0
68.0
5247.0
7699.5
8658.0
4099.5
10936.0
9882.5
7815.0
4591.5
5394.5
4627.0
7288.0
2077.5
6784.0
8959.0
5727.0
3884.0
11017.5
5761.5
5318.5
2612.5
3272.5
666.5
2703.0
10070.5
7750.0
2430.5
3867.0
8068.0
8443.0
1773.0
6962.5
8719.0
2064.5
3957.0
2963.5
6261.5
3694.0
5294.5
3775.0
9519.5
4101.5
7643.5
6550.5
5314.0
300.5
736.0
7128.5
7760.5
6785.5
5936.5
9072.5
5134.5
4296.0
1623.5
4682.5
10851.0
68.0
4531.0
7726.5
6849.5
4520.0
7023.0
8371.5
8188.0
7207.5
7533.5
6273.5
4847.0
7767.0
1835.5
8008.5
5979.0
1258.5
5850.5
6896.5
7216.5
6710.5
6169.0
6768.0
2593.5
1551.0
7451.5
1314.0
6034.0
4758.5
2933.5
6008.5
6627.0
5127.5
8022.5
7061.0
1067.5
10048.5
6078.5
2273.0
8367.0
3817.5
6903.5
5846.5
7159.5
441.5
5700.0
3154.0
3901.5
3305.5
4973.0
2034.0
9033.0
7749.5
2511.0
3383.0
6977.5
5433.5
10561.0
6540.0
5128.0
4951.0
1494.0
6974.5
9217.5
2687.5
809.0
9312.0
3462.5
3347.0
5368.0
5247.0
9618.5
7782.5
5306.0
2241.0
0
2160.5
120.5
4692.0
0
2504.0
9454.5
2062.0
9413.5
6649.5
3615.0
10046.0
10405.5
7386.5
6744.5
5907.5
1654.5
4539.0
914.0
4546.0
4265.0
846.0
1966.5
7398.5
7492.0
9095.0
5642.5
8061.5
3832.0
2592.0
7800.5
825.5
7956.5
7660.5
1349.0
10054.5
6496.5
4264.0
11505.0
9037.5
7702.5
3742.0
3360.5
4064.5
4326.5
4372.0
1408.5
3573.5
7122.0
4902.5
3482.5
3839.5
9760.5
2190.0
6054.0
6620.0
1282.5
8315.0
10386.5
4318.5
5792.5
1648.0
6342.5
10212.5
6707.5
8741.0
7457.5
3040.5
7788.0
2948.0
6715.0
2491.5
2383.0
8405.5
4434.5
1602.5
9922.5
4133.0
5287.5
9269.0
5925.0
6140.5
9180.0
0
1068.5
3854.0
5443.5
7620.5
8275.5
0
4506.5
0
9837.0
7664.5
9537.0
5881.5
10250.0
1109.0
10595.5
6991.5
2451.0
0
4794.5
5195.5
7854.0
2085.0
5721.0
8872.0
7241.5
2474.5
6279.0
7439.0
2425.0
9561.5
7951.0
4995.0
7262.0
11405.0
9651.5
7726.5
9199.5
8770.5
5115.5
7710.5
0
10088.5
7740.5
768.5
2476.5
8344.5
3615.5
8390.5
5229.0
6406.5
9680.0
6930.0
8858.0
2364.0
120.5
6813.5
2723.0
10125.5
5134.5
7566.5
3625.0
9321.5
5586.0
5934.5
5237.0
4045.0
2583.0
8331.5
6274.0
6440.0
138.0
6026.5
6158.0
9722.0
7923.0
10321.5
8181.5
11348.0
7812.0
1754.5
8459.5
4781.5
5014.5
7822.0
9967.5
2319.5
8617.5
6197.0
6495.0
9909.5
6507.0
11317.0
2595.5
5304.5
1687.5
138.0
2237.0
8501.0
5065.0
7118.5
6242.5
10521.0
3557.0
6635.0
10211.5
9006.0
6755.5
7327.5
5436.0
3304.5
7717.5
68.0
2523.0
3987.5
10437.0
9311.0
771.0
4592.5
10069.5
5809.0
10963.0
5851.5
6069.5
6448.0
6286.5
2521.5
11413.0
7132.0
2491.0
0
5312.5
5393.5
6814.5
8428.5
5774.5
9558.5
7910.0
5213.0
518.0
6510.5
6381.5
4230.0
6041.0
10317.0
2930.0
0
9394.0
7893.0
6327.5
4486.0
9851.0
8906.5
8570.5
1968.5
716.0
583.0
2229.0
5724.5
3244.0
6666.5
2990.5
6282.0
790.0
5026.0
8374.0
10267.5
6200.0
11643.5
4762.5
2706.0
68.0
6138.0
68.0
1587.0
8190.0
6154.0
2987.0
6601.0
5409.0
3646.5
6525.0
7160.5
5659.0
11017.0
2600.0
6510.0
5506.0
4994.0
9035.0
7562.0
6235.5
5198.5
438.5
6302.5
5146.5
7393.0
8537.0
5847.5
1171.0
8802.5
7273.5
6061.5
9790.5
1516.5
7627.5
3029.0
9983.5
7140.0
9366.0
5735.5
7144.5
8240.5
966.5
6462.5
10065.0
2026.5
8457.0
8001.0
7502.0
5992.5
2528.5
6151.0
9546.5
7097.5
7104.5
5101.0
6101.5
3045.5
6109.5
8763.5
9365.0
126.5
10109.5
9358.5
2386.0
3188.0
5736.0
3149.0
1921.5
721.5
6946.0
10273.5
10110.5
5837.5
7413.0
7267.5
2090.5
10917.0
4505.5
8601.0
1882.0
3539.5
5037.0
6093.5
4779.5
8193.0
10755.0
8301.5
5913.5
6998.5
7780.0
3569.5
7837.0
7300.0
10515.5
8120.5
2704.0
6985.5
7600.5
6031.0
4822.0
6639.0
5953.5
10396.5
9537.5
2647.0
333.0
138.0
10115.0
3258.5
359.0
6037.0
7144.5
9849.5
7521.5
7024.0
10220.5
8055.0
1121.0
9398.0
4631.0
8168.0
365.5
9383.5
8689.0
6945.5
7110.0
2865.0
9301.5
7719.0
8982.0
5301.0
7618.0
6306.5
11336.5
7856.5
2359.5
6113.5
9079.5
9122.5
4624.5
10194.5
7722.0
3219.0
2146.0
7605.0
359.0
2702.5
8353.5
1524.5
6647.5
9967.0
2842.5
2666.5
10582.5
3205.0
8562.5
5979.0
7947.0
8128.5
8191.5
2476.0
9230.5
10189.5
10540.5
8379.5
7700.0
8258.0
2803.0
1725.5
10338.5
5938.5
8824.5
5661.0
7571.5
6774.5
5183.5
7484.5
5751.0
6753.0
5372.5
7895.0
10087.5
6571.0
10212.5
5866.0
5498.0
9861.5
7766.5
4408.5
3656.5
2203.0
2848.0
6767.5
9062.0
8813.0
8836.0
10377.5
10489.0
1693.0
3834.0
2473.5
7505.5
5794.5
10100.5
7464.5
3263.0
435.5
10552.5
2505.0
10425.5
8161.0
5792.0
3356.5
10434.0
827.5
10401.0
0
8165.5
5826.5
10349.0
9642.5
10264.0
0
138.0
8943.5
10936.5
8248.5
2939.0
3724.5
3130.5
4134.0
4821.0
9135.0
8417.0
12216.5
9584.0
0
8550.5
10948.0
1068.5
516.5
5896.0
6814.5
8475.0
4063.5
6491.5
7953.5
9063.0
3407.5
2897.5
6200.5
4911.5
7673.0
7887.0
9109.5
4170.0
6157.5
4328.5
6831.0
8315.5
8372.0
4455.0
2856.0
2623.5
6370.0
8297.0
10353.0
4487.5
10049.5
10124.5
10262.5
68.0
10452.5
9085.5
1957.5
6556.0
6952.0
10795.0
7312.0
7084.5
5628.5
6704.0
3357.5
6324.0
7259.5
8009.0
566.0
7037.0
6829.0
5954.5
8154.5
5195.5
5057.0
6940.5
6597.5
8496.5
7325.5
10173.5
10284.0
8201.0
68.0
1973.0
10241.5
11453.0
10122.0
2026.0
5343.0
3855.5
8034.5
8862.0
68.0
8584.5
68.0
0
12548.0
6689.0
2642.0
1550.5
13414.0
6690.0
1385.5
13352.5
10095.5
8632.5
10335.0
10257.0
5591.0
3407.0
7077.0
2611.5
4225.0
10301.5
7792.5
0
2407.0
11772.0
7613.5
8543.5
2648.5
138.0
0
126.5
8584.0
7208.5
12428.0
6671.0
9166.5
7238.5
11299.5
6833.0
5365.0
8084.5
2654.0
8459.5
9144.0
10551.5
8366.0
7448.5
6506.0
10125.5
8658.5
6884.0
0
2670.5
13413.5
4501.5
484.0
8934.0
11001.0
10182.5
8818.0
1628.5
5259.0
8093.5
9712.5
2264.5
7852.0
3616.0
9462.5
401.0
11447.5
10375.0
9801.5
7010.5
4247.0
1330.5
4413.5
6418.5
8119.0
8164.5
10256.5
7413.0
7769.5
7090.0
11415.0
5758.5
6165.5
424.0
10978.0
9543.5
10704.5
9802.5
10509.5
8437.5
7217.0
10211.5
10642.5
2566.0
10225.5
8077.0
3214.0
10973.5
9184.5
4059.0
11402.0
10088.0
6112.0
8310.5
7965.0
10239.5
11604.5
5915.0
7217.0
3817.5
2953.5
12217.0
4005.0
10773.5
6931.5
8119.5
0
0.5
1165.0
10067.0
4833.0
8213.0
10287.0
5007.0
10183.5
10477.5
8224.0
14407.5
10562.0
10383.5
3919.0
12843.0
7751.5
11038.0
9308.5
12066.5
6927.5
9203.5
8527.0
9094.0
9565.5
10511.0
8087.0
6815.5
8445.5
6679.5
8318.5
8901.0
10021.0
6739.5
7324.0
6801.5
8138.0
3636.0
8145.5
7386.5
7423.5
9459.0
2926.5
10125.0
11121.0
12076.5
7110.5
2879.5
11627.5
4383.5
1749.5
10638.0
10556.5
5097.0
11075.5
8582.0
10456.0
2915.0
6664.5
7248.5
4587.0
13785.0
10290.5
6673.0
9625.0
5332.0
68.0
7793.0
435.5
7226.5
5704.0
8487.0
6180.0
8742.0
6711.0
68.0
7382.5
3418.5
6053.0
4501.5
7153.5
0
0
6293.0
8068.0
8184.5
6189.5
2038.0
11063.0
1224.5
4559.0
9570.5
11044.0
7143.0
9855.0
8530.0
3922.5
5903.0
10314.5
0
10110.0
7982.0
9503.0
8541.5
4391.5
8214.5
652.0
7211.5
6036.5
7971.0
7052.0
11686.5
10361.5
9144.0
8036.5
6798.5
11239.5
9528.5
6846.0
7593.0
10816.0
6254.0
365.5
10836.5
2516.0
3634.5
12944.0
3565.5
68.0
13295.5
1160.5
8830.0
7560.5
8081.0
9032.0
10474.0
6137.5
2076.0
6571.0
10649.5
7096.0
1324.0
11872.0
1349.0
3750.5
6781.0
10936.0
1552.0
6589.5
7934.0
374.5
11112.0
11000.5
316.0
4361.5
9113.0
6801.5
8156.0
11111.5
6033.0
10976.5
12662.5
11269.0
10505.5
10348.0
8943.0
4581.0
10650.5
11549.5
7308.0
13023.0
5266.0
11808.0
7510.5
7015.5
6308.5
6309.0
4237.5
6303.0
11959.5
10449.5
9031.5
68.0
5819.5
136.0
2115.0
365.5
6652.5
4750.5
8882.0
6750.0
6397.0
8212.5
5712.5
8834.5
8840.0
8484.5
11052.0
11206.0
9764.0
7603.0
8700.0
10529.0
11672.5
1923.0
11531.0
6187.5
4159.0
9240.0
138.0
932.5
10146.5
7533.5
3084.5
4568.0
7024.5
3497.0
7091.0
6803.5
5628.5
2357.0
9827.5
6608.5
8282.5
6342.0
1200.0
983.0
1126.0
7490.5
8358.5
11155.5
9354.5
11755.5
441.5
8817.5
7797.5
6536.5
9949.0
598.0
2985.0
6036.5
10146.5
10197.5
11036.0
9273.0
1439.0
7735.0
5278.0
7421.0
10479.5
9304.0
2525.5
6795.5
10034.5
5769.5
11382.0
5738.0
7405.5
5708.0
9938.5
9550.5
10672.5
2176.0
9183.5
7851.5
0
11270.5
126.5
10273.0
4198.0
9329.5
10275.5
5525.5
12609.5
8910.5
3674.0
12312.5
6072.0
7812.5
3755.0
8693.0
7983.0
7428.0
6979.5
7485.0
2152.5
9719.5
9127.0
7964.5
6155.5
12038.5
4703.5
9090.5
4062.5
5707.0
8820.0
9581.0
8023.0
6468.5
10329.5
2354.0
497.0
8212.5
2833.5
8777.5
1294.0
11042.0
9325.5
8004.0
10490.5
4525.5
10292.0
6063.5
10826.0
1181.5
9805.5
12402.0
4646.0
1836.5
11021.0
7045.0
9127.0
12436.5
11735.5
1684.0
8726.0
2606.5
3003.5
11656.5
9802.5
7093.0
10809.0
489.5
8385.5
5508.5
6603.0
11979.5
5637.5
3744.5
9960.0
2630.5
1123.0
10554.0
734.5
6403.5
1421.5
9932.5
10170.5
4416.5
614.0
6701.5
8392.5
9190.5
3109.0
5893.0
11219.5
8625.5
6353.0
9698.5
3378.5
7080.0
10033.0
2490.5
11563.5
2461.0
2308.5
1774.0
8180.0
9737.0
10942.5
9950.5
9300.0
11524.5
12041.5
8733.5
9866.0
10115.5
10060.0
2620.5
10106.5
3343.5
8995.0
11160.5
10662.5
9143.5
8368.0
758.5
11005.0
10830.5
7991.0
3715.0
8490.0
8255.5
7871.5
11179.0
8320.0
12335.5
13007.5
14103.5
10360.0
5269.5
11300.5
7541.0
11606.0
10275.0
3634.5
7923.0
8887.0
8186.0
6551.0
7332.0
9831.5
2350.0
10692.5
10797.5
6095.5
9945.0
12168.0
8203.5
7870.5
10038.0
2633.5
9448.5
11271.5
4369.5
7544.0
5711.0
6546.5
8033.0
12472.5
12436.5
7438.5
9950.0
9197.5
9055.0
401.0
9968.5
9018.5
5848.0
10619.5
843.5
8245.5
11160.0
10575.0
5959.5
8274.5
7009.0
8641.0
11284.5
10981.5
5428.0
9740.0
5779.5
11583.0
8918.5
11642.0
9627.0
10362.5
9551.0
7604.0
8971.5
2099.5
6746.0
11525.0
11171.0
1068.5
8009.0
13113.5
3459.5
3054.0
10306.0
8477.5
10289.0
7704.0
10746.5
4262.5
1403.0
2695.5
4292.0
10894.0
8540.0
6832.5
9074.5
10874.0
11384.0
10157.5
10656.5
10998.0
8251.5
7937.0
10730.5
0
10362.5
8183.0
10094.5
2323.5
8674.0
7068.0
7940.5
7973.5
12518.0
10955.0
5575.5
4271.0
10192.0
4931.0
6557.5
8095.0
11814.5
1646.5
10766.0
10616.5
13728.5
8506.5
8081.5
6955.5
11084.0
9861.5
9728.0
9027.5
8218.5
4910.5
7643.0
7004.5
5600.5
10070.5
0
2059.5
9071.5
8118.0
8716.5
6401.5
7732.0
10561.0
8225.5
7061.0
12760.5
0
10094.0
11719.5
7365.5
8931.5
12259.0
10579.0
4132.0
2235.0
10224.0
1678.5
9520.5
11902.0
478.0
7574.0
7325.0
10582.0
10312.0
7648.0
7808.0
5177.0
10338.5
0
5593.0
12559.5
8650.5
8137.0
7989.5
12284.0
9124.5
11511.5
8751.0
4585.5
10558.5
6084.5
9008.5
9932.0
7809.5
7468.0
7945.5
10121.0
8938.5
8535.5
9760.5
9831.0
9962.0
10751.5
5610.0
13920.0
10567.0
10072.0
9776.5
11758.5
3874.5
8291.5
6657.0
11875.5
10905.5
8108.0
12873.0
9267.0
8679.5
5253.5
5936.5
12133.0
11132.0
9099.5
9405.0
10893.0
6804.5
8689.0
9450.0
3782.0
9557.5
8661.5
9887.0
0
10482.5
0
5312.5
5994.5
12310.5
8827.5
0
7249.5
10486.5
9290.5
11045.0
10705.0
11171.5
7452.0
6728.0
11268.5
10486.5
7917.0
9780.5
10504.5
12952.0
5300.0
10595.0
10938.0
10573.0
11193.5
10593.0
8404.0
12369.0
0
9586.0
5356.5
10228.0
6515.0
8377.0
4718.5
8242.0
8167.0
0
11639.5
9281.0
10319.5
10483.0
10474.0
0
12339.5
7916.5
11984.5
7868.5
11951.5
11805.5
11838.5
10996.0
13192.0
11908.0
11753.5
8014.0
10294.5
5666.0
2033.5
12856.5
11179.0
0
10218.5
12382.0
9045.5
7720.0
9692.0
12809.5
9281.5
5769.5
10659.0
3386.5
1387.0
11381.5
10920.0
1104.0
3203.5
11275.0
13074.0
10828.0
10463.0
7121.5
4212.5
8075.5
11483.5
2227.5
10045.0
9046.5
11726.5
5594.5
6963.5
7097.0
12936.5
10231.5
10043.0
10393.0
8654.0
13282.0
8485.5
8903.0
4873.5
10084.0
9322.5
14566.0
2839.5
8000.0
7408.0
11290.5
11983.5
11102.0
11269.0
12769.0
737.5
10218.5
5196.0
13808.5
9926.0
7609.0
7678.5
1426.5
6808.0
10058.5
5653.5
1213.5
9189.0
9968.0
11245.0
6120.5
9838.0
9156.0
10555.5
5172.5
11193.5
1961.5
8822.0
4173.0
5019.0
12279.0
9629.5
10321.0
11167.5
2753.0
11835.0
11542.0
7472.5
9190.0
595.0
1230.5
11758.5
6581.0
9044.5
9701.0
9720.5
0
6176.5
8662.0
4739.5
12368.5
9121.5
11178.0
9703.5
9036.5
1759.5
3181.5
12225.0
8427.5
1906.0
5662.5
13892.0
11887.5
12404.5
9081.5
5718.5

7543.0
10108.0
2194.0
10108.0
9650.5
10652.0
7448.0
7072.5
459.5
6405.0
10207.5
6912.0
3312.5
8983.5
11177.5
6347.5
14746.5
10144.0
1796.0
7129.0
11463.5
4598.5
10709.5
2420.0
12311.5
9633.5
10158.0
12390.5
6490.0
6057.0
7577.5
2987.0
794.5
9362.5
7013.5
10223.5
9948.0
7402.5
4724.0
2458.0
7962.0
9716.0
7521.5
7364.5
3779.0
8676.0
5677.0
9891.5
9191.0
7585.5
9782.5
11080.0
8049.5
9812.0
9257.0
5496.5
9523.0
12222.0
8827.5
3825.5
9799.5
5858.5
10227.5
4453.5
1146.0
10058.0
0
10316.0
8151.0
9195.0
7444.5
4419.5
10314.5
7611.5
8168.0
2749.0
8851.5
6951.5
6541.0
9153.0
10630.5
13580.0
8256.0
7050.0
12418.5
5370.0
7298.5
9236.0
9823.5
11065.5
10541.0
9054.5
9765.0
8298.5
11398.5
5781.5
5148.0
13136.0
8701.0
13919.5
10164.5
4654.5
13309.5
8966.0
10368.5
7123.0
8894.5
7446.5
8846.5
8083.5
4771.5
736.0
9746.0
6496.0
7526.5
6015.0
11830.5
9193.5
0
10262.5
6036.5
7500.5
4393.5
8586.0
11056.5
13499.5
9374.0
8791.5
6955.0
11831.5
7229.0
0
8761.0
9290.0
3622.5
8437.0
10312.0
8410.0
10277.0
5503.5
2181.5
8203.5
10959.0
10693.0
7982.5
12751.0
10544.0
9694.0
6629.5
10479.5
10045.0
9913.0
9141.0
11186.5
10333.5
11020.5
10234.5
6914.5
9991.5
6240.5
8848.0
8744.0
8348.5
6727.5
4463.5
7887.0
1122.5
10124.0
12390.0
12321.0
10069.0
12135.0
5815.5
13269.5
10078.0
11448.5
8925.5
9041.0
6138.0
5527.0
11346.0
4097.5
10565.0
8787.0
10260.0
8085.0
7782.0
10714.0
7507.0
5695.0
10385.0
8995.0
8852.5
12992.0
11648.0
663.0
9755.5
6595.5
8222.0
7821.5
8540.0
10741.5
10573.5
11648.0
10146.0
12698.0
9124.0
10740.0
9287.0
5382.0
10725.5
6948.5
10263.0
14456.5
7076.5
9595.5
12823.5
9624.0
11574.5
383.0
7413.5
5784.5
8847.5
8558.0
6733.0
11584.0
6027.0
13635.5
12048.5
9411.5
9456.5
5705.5
11386.5
12954.5
10462.5
10561.5
12434.5
6425.5
12758.5
7773.5
4097.5
5720.5
8250.0
6679.0
10724.5
12607.0
13989.0
5348.0
8055.5
8391.0
11612.5
5948.0
6701.0
9726.5
1393.0
4391.0
12109.0
5247.5
11826.5
6079.5
14510.0
11831.5
7673.5
11949.5
11680.5
11728.0
11330.0
10633.5
9743.0
2115.5
9818.5
7412.5
6932.5
3700.0
5325.5
1493.0
6439.0
5111.0
6327.0
10689.0
10658.5
6480.5
11215.5
6364.0
9030.5
13702.5
5928.0
5082.0
15107.5
12381.0
7692.5
5627.0
15170.5
13306.5
5771.5
7381.5
9268.0
11468.5
8636.0
9499.5
6980.5
9731.0
771.0
6582.5
5503.5
8365.5
13485.5
10887.0
11440.0
12940.5
6176.5
8524.0
12283.0
7099.0
13008.0
9503.0
10582.0
10028.5
13709.0
11461.5
7419.0
11523.0
5851.5
10407.0
6590.0
4041.0
8886.5
11844.0
13646.5
5960.5
12346.5
11018.5
6568.5
3803.5
7011.0
8735.0
10996.5
9385.5
10915.0
14221.0
10273.5
10330.5
3562.5
11906.0
11641.5
11962.0
6451.5
7882.0
9122.5
10535.0
9763.0
5961.0
4023.0
9081.0
10940.0
13947.5
14307.5
13500.0
11637.5
13470.5
6577.5
11539.0
11125.0
9571.5
10127.5
6898.0
6019.0
14033.0
5254.0
7175.5
8023.0
5614.5
6847.5
11595.0
9274.5
4591.0
10903.5
8749.5
10193.5
13290.5
7235.5
12086.0
13854.5
7658.5
11522.5
11649.5
7437.0
11922.5
8457.5
11341.0
68.0
12942.0
7209.0
6564.0
3324.5
9632.5
9799.0
12396.5
14212.0
7006.5
10088.5
10533.5
8351.0
12721.5
9731.5
8521.5
7686.5
10872.0
6136.5
4079.0
478.0
11848.5
7913.0
10063.5
13341.5
10925.5
10650.0
9350.5
4656.0
5175.0
8050.5
6544.5
11739.0
9887.5
5491.5
8454.5
9694.0
2923.0
11300.0
8667.5
9313.0
2917.5
8767.0
10593.5
13077.0
10364.0
6327.5
3127.0
8437.5
6559.0
10309.0
13149.5
10528.0
5915.0
9757.5
7327.0
11234.0
9989.5
10059.0
0
8949.5
10389.0
12855.0
10337.5
7385.5
13174.0
10069.0
6570.0
7556.5
10483.5
10507.0
9217.5
12492.5
12545.0
8622.0
3114.0
14541.5
10999.0
6573.5
5937.0
10431.5
10636.5
7241.5
9510.5
6721.5
12885.0
13495.0
6029.0
6405.5
12477.0
9466.5
4601.5
12537.5
10461.0
4475.0
11446.5
6159.0
4810.0
3782.0
11929.5
10620.0
13323.0
12360.0
6284.0
10918.0
9751.0
9885.5
8384.0
14088.5
10753.0
9979.5
9746.0
15046.0
10461.5
11914.0
12748.0
13701.5
15234.0
11607.0
10863.0
10256.0
12759.5
7946.5
6268.5
9812.5
13790.0
8725.0
0
10670.0
8230.5
8071.0
6128.5
4077.0
6077.5
9726.5
11623.0
13683.5
13969.0
12931.5
10076.5
10484.5
8652.5
14100.5
8464.5
8913.5
12375.5
1368.0
8681.5
5169.5
14576.5
10797.0
7788.0
13703.0
7305.5
11054.0
12797.0
11298.0
15003.5
8435.0
8782.5
10514.0
13336.0
10260.5
12662.5
10577.0
14527.0
10833.5
12049.0
10643.0
3902.5
10499.5
13667.0
12782.5
11533.5
3485.5
9326.5
6242.5
10126.0
8259.5
8403.5
14282.5
6636.0
10285.5
11555.0
10541.5
10616.0
5704.0
13547.5
9208.0
5247.5
10700.5
6241.5
14207.0
12854.0
8987.0
11948.0
6747.0
1181.5
10200.5
13841.5
10647.5
7640.0
5032.5
12927.0
11880.5
11237.5
12694.0
12186.5
11146.0
7533.0
14316.0
11515.0
3165.5
11064.5
10485.0
9336.5
7284.5
10211.5
438.5
8235.0
12445.5
11146.5
12285.5
2179.0
12584.5
5648.0
6011.0
2882.0
14803.0
13871.5
3710.0
6568.0
12567.0
11488.0
5577.5
10418.0
10410.0
7934.5
4310.5
10671.0
4502.5
10801.5
14348.0
12173.5
10894.0
6642.0
3864.5
11126.5
6637.0
10960.5
10577.0
10427.5
14076.5
8410.5
8479.0
7690.0
12199.0
13240.0
11420.0
12952.5
10416.5
5628.0
15161.5
10798.5
5531.0
7060.5
11875.0
13718.5
10603.5
13277.0
10492.5
10833.5
7178.5
8034.5
9541.0
9176.5
12320.5
8256.5
6629.5
9744.5
9025.5
6737.0
9278.0
2627.0
7954.0
10148.5
10683.0
8012.5
7028.5
8682.5
8741.0
8198.5
13052.0
12266.0
5850.0
12414.5
5719.5
12580.5
6672.5
9812.0
12894.5
6576.5
6137.0
11063.5
6119.0
11604.5
5094.5
12025.0
10569.5
8780.0
3326.0
10554.0
12458.0
8658.0
3114.0
4971.5
10113.0
6042.5
7108.0
10725.5
11278.0
10796.5
12038.5
14355.5
11576.0
11273.0
10513.5
10754.5
11936.0
13656.0
9811.5
9904.0
9576.5
12124.0
10758.5
6248.0
13937.5
11495.5
9979.5
10720.0
10556.0
8376.5
971.5
10373.0
2771.0
5936.0
7141.0
12377.5
9801.0
11500.5
8033.0
7125.5
13712.5
12009.5
9426.0
7323.5
68.0
10722.0
9523.5
10227.5
10531.5
138.0
9034.5
4292.5
10143.5
11296.5
12395.5
11634.0
9530.5
12630.0
10866.5
10299.5
0
11137.5
15097.0
11030.0
5285.5
10547.5
10334.5
10657.0
8033.0
1322.5
7836.5
8069.0
11727.0
12126.5
698.5
8982.0
11508.5
8887.5
10220.5
14001.5
10547.0
2519.0
9308.0
10787.5
7681.5
7642.0
6673.5
13643.5
12807.5
13810.0
9266.5
11287.5
8669.5
9418.5
8025.5
8837.0
2151.5
5578.5
5182.5
13457.5
7435.5
7222.0
8848.5
7766.0
13926.0
13793.5
4362.0
0
6689.0
2757.5
1372.0
13499.0
11576.5
11876.0
11683.0
2652.0
11836.0
10141.0
10288.5
9172.0
12399.0
6659.5
7759.0
8875.0
10341.0
7991.5
9829.0
656.0
9773.5
10332.0
13076.5
401.0
8879.5
7288.5
7646.0
12060.0
12541.5
10491.0
10855.5
10506.5
10240.5
12925.0
13675.0
14101.0
14491.5
13497.0
11059.0
8621.0
11165.5
6984.0
11513.5
11845.0
13200.0
10266.0
6444.0
4866.5
12619.5
3083.5
12612.0
10350.0
11694.5
8186.0
6200.0
15993.0
10969.0
6822.0
10056.0
12102.0
13785.5
11489.0
8447.5
1383.5
13832.5
10600.0
11110.5
14335.0
7963.5
11736.5
11742.0
9070.0
10559.0
6131.5
9978.0
10638.5
12314.5
10629.5
10401.0
12387.5
9776.0
10036.0
10164.0
4189.5
5869.0
11123.5
3203.0
9680.0
11461.5
8919.5
13192.5
13679.5
3652.5
10296.0
13440.0
13661.5
13746.0
10269.0
7369.5
10437.5
11411.0
10490.0
5576.0
12806.0
10481.0
6884.5
13309.0
3864.0
6880.5
12830.5
10080.0
13586.5
13040.0
14591.5
6365.0
126.5
12435.0
4796.0
5411.0
12184.0
10719.0
11505.0
12611.0
10083.0
11918.5
6787.5
6025.0
11366.0
8531.5
7224.5
10206.5
9702.5
10686.0
6919.0
10993.0
10093.5
11085.5
11555.5
10522.0
9050.0
14130.5
9410.5
7183.0
2271.5
14251.5
15103.5
3808.5
4428.5
10513.5
5795.0
7317.5
10252.0
12283.5
12929.5
13789.0
15006.0
10149.5
10333.5
10191.5
7593.5
6516.5
2569.5
12392.0
5044.5
8507.0
13190.5
13189.5
12910.0
11232.0
11730.0
13927.5
6927.5
10020.5
13209.0
9202.5
7231.0
10139.5
8542.5
8671.5
8362.5
7135.0
10317.5
3018.5
8147.0
11853.0
7432.5
14017.0
14130.5
12453.0
11640.0
10557.5
14822.0
12723.0
15050.5
7520.0
978.0
12107.0
10642.0
10752.5
9338.0
14411.5
8949.0
10536.0
0
11644.0
10996.0
10989.0
13726.5
9269.5
10163.0
10193.0
14881.0
6252.5
15470.5
12535.5
5993.5
12948.0
11047.5
9583.0
13370.5
12673.0
11187.5
6990.0
11847.0
13047.0
2105.0
9534.5
10810.5
13937.0
7954.5
14542.0
12566.5
12161.0
8070.5
4070.5
12223.5
12616.0
9840.5
13633.0
9825.0
12043.0
5943.5
4084.5
6101.5
16277.5
15506.5
10979.0
7549.5
14255.0
11763.0
10099.5
6187.5
8995.5
5855.0
7481.0
12754.0
11469.0
11612.0
424.0
10682.0
13615.0
8406.5
1980.5
12094.5
13045.0
8972.5
8727.0
13386.0
10601.0
13478.5
11341.5
11215.0
11158.5
11059.0
6427.5
7424.0
14160.5
14804.5
7694.5
12840.5
14358.0
11481.5
7761.0
7001.0
13667.5
13934.5
10977.5
8646.0
10621.0
13858.5
13507.0
12026.0
9230.5
10140.5
9786.0
9281.5
9539.0
13654.5
11588.0
11862.0
14199.5
6613.0
12484.0
6447.0
13518.0
0
9248.5
12687.0
13454.0
14393.5
12752.0
13242.0
13820.5
12595.0
7727.0
1826.5
13552.0
12741.5
13557.5
10524.5
12619.0
4897.5
11822.0
12843.5
12133.0
10492.5
8083.5
8198.0
8307.0
9117.5
11828.5
9729.5
13081.0
7201.0
13975.0
10284.0
11428.0
10497.5
9867.5
11612.0
9809.0
2530.5
10032.0
10642.5
12936.5
7099.0
13290.0
6249.0
12005.0
11374.0
12710.5
10997.0
8286.0
6935.0
14686.5
12886.0
9205.0
10582.0
9620.0
0
6657.5
14640.5
11914.0
10318.5
10746.5
11460.5
7701.0
11199.5
12317.0
911.0
4109.0
7844.0
11120.0
13309.5
9969.5
13429.0
11848.0
11572.0
9101.0
13604.5
10059.0
11131.0
1730.5
11856.5
15070.0
10110.0
12023.0
5924.5
10490.5
10705.5
8220.0
10524.0
11410.0
5930.5
10981.5
11955.0
11232.0
6611.5
13356.0
11045.5
10339.5
11672.0
14269.0
13197.0
12067.0
12980.5
12319.5
12042.5
10603.5
10243.5
11401.5
10154.0
11144.5
0
12969.0
12847.0
12071.5
11939.0
12817.0
11988.0
11434.0
10057.5
11384.5
11853.0
12397.5
11186.0
9159.5
4646.5
13363.5
5470.0
10232.5
10595.0
13628.5
12617.0
12669.5
14143.5
6925.0
12017.0
1051.0
10538.5
11475.0
13375.5
6571.0
11604.0
8816.0
10515.0
7473.5
15539.5
14494.0
2709.5
3529.0
15109.5
8153.0
8512.0
8022.5
0
6280.0
0
773.0
3954.0
5483.0
4077.5
12640.5
11451.0
10794.5
13881.0
8526.5
10515.5
1837.5
4124.0
11540.0
10196.0
14608.5
14074.0
12210.5
10563.5
10913.5
10974.0
12505.0
14662.0
12983.0
12390.0
10691.0
15063.0
13167.0
13751.0
15316.0
14008.0
10681.5
13093.0
11631.5
10104.0
5398.0
10031.0
9548.0
10506.0
11903.5
12468.5
13069.0
10136.0
13281.5
13240.0
13561.0
11496.5
7717.0
12770.5
7408.5
10653.0
8796.0
12641.5
10063.5
12299.0
13569.0
11869.0
11464.5
13835.5
8701.5
6962.0
8945.5
13382.0
4548.0
12707.5
11931.5
12904.0
12878.0
11819.0
14573.5
11296.0
10794.0
8496.5
13864.5
13777.5
13485.5
6623.5
13791.5
11036.5
10193.5
11419.0
10361.5
10449.5
10610.5
2286.5
8177.0
10616.0
8386.0
10530.0
10153.0
12449.0
12888.5
11622.5
10046.5
11405.0
9216.0
6520.5
12278.5
12252.0
11518.0
10666.5
6078.5
11216.0
10103.5
12553.0
10919.5
6542.0
9862.0
10303.0
9544.0
14293.5
9054.0
14317.0
13595.5
15011.5
15156.5
13012.0
13215.0
14333.5
10698.0
10589.5
0
13106.0
5659.5
10977.5
7825.5
11130.0
11040.0
10091.0
9096.5
10870.0
10373.0
13016.0
10527.5
10649.0
7922.0
1161.5
115.5
12772.0
12282.5
7118.5
14255.5
2254.0
10612.0
5575.0
11475.0
10190.5
13700.0
10960.0
14567.0
4943.0
14264.0
3324.0
15325.5
11087.5
11594.0
68.0
10129.0
9685.0
13015.0
10505.0
12441.5
10424.5
11727.5
10048.0
10789.5
10682.5
11217.5
5280.5
13157.5
12879.5
13363.0
9402.5
7415.0
10350.0
10184.0
10356.0
13697.5
13542.0
13240.0
13401.5
13014.5
13375.5
11532.0
12054.5
13653.0
10682.0
4098.5
11024.5
11254.5
13364.5
9609.5
14965.0
12509.0
7626.0
10689.5
11166.5
13687.5
12291.5
13271.0
10276.0
13648.5
10540.5
10652.5
12441.0
15602.0
13105.5
13928.0
5063.5
11670.5
11342.0
5684.0
4720.5
11021.0
12678.5
12639.5
10128.0
11312.5
11979.0
12430.0
13551.0
11797.0
11943.5
11548.0
13233.0
9059.5
10562.0
12489.0
9462.5
1581.0
12598.5
8786.5
12789.5
10340.5
11721.0
11828.0
10167.5
10478.0
11336.5
11576.0
13239.5
14803.5
14568.5
1225.5
0
10497.5
13493.5
7464.0
12038.5
16197.0
11691.5
14320.5
0
9864.0
13972.0
5787.5
13232.5
11599.5
9729.5
11970.5
13934.0
11181.5
11065.0
11519.0
13463.0
12473.5
15017.5
138.0
8803.0
14769.5
11863.0
6327.0
12049.5
6284.0
2001.0
11437.0
7813.0
11912.0
3388.5
14317.5
13383.0
68.0
13090.5
13707.0
4317.0
10444.5
10381.5
4859.5
8981.0
6649.0
3913.5
13735.0
14245.0
11607.0
1813.0
8856.0
1451.5
1229.0
15577.5
2072.5
14599.0
12111.5
13932.5
13943.5
10664.0
10167.0
11004.5
1456.5
10150.0
4434.5
12046.5
11877.5
10754.0
14200.5
5408.0
6419.0
12464.5
13290.0
10171.0
12697.0
7955.0
16313.0
1848.5
7371.5
4141.5
13304.5
1516.5
11927.5
10743.5
9526.0
13759.0
9364.0
14584.0
12559.0
9109.5
9711.0
11191.5
13148.5
2602.5
7301.0
11221.5
13407.0
2502.0
11401.5
10715.0
13439.0
12269.0
10959.5
10812.5
13383.5
10054.0
10269.5
13851.5
10513.5
11492.5
6941.5
11923.5
11692.5
12293.5
12285.0
2987.5
10130.0
11494.0
10684.0
401.0
12804.5
14207.0
11512.0
10360.0
12182.5
5816.5
10189.0
6136.0
12748.0
12499.5
11944.5
11792.0
11725.0
10988.0
7240.0
11797.0
14939.0
14186.5
12955.0
7579.5
13905.0
11865.0
10028.5
5693.0
12129.5
13407.0
11222.5
12465.0
10341.0
10573.5
790.0
3147.5
12656.0
2184.0
11021.5
13767.0
15692.0
9304.5
14513.0
10664.0
6615.0
11154.5
401.0
11478.0
10080.5
11584.0
13583.5
13926.5
13453.0
13728.5
5705.5
12211.5
11286.5
10584.5
3885.0
10070.0
13190.5
12452.5
12082.5
13658.5
12514.5
10727.5
12546.0
8242.0
8586.0
11587.5
11456.5
15220.5
15139.0
9502.5
10939.5
11913.5
13545.5
13861.0
13847.0
10092.0
7221.5
11099.0
10737.5
13751.5
13026.0
14706.0
11712.0
13017.0
13218.5
3161.0
14434.5
11588.0
11816.0
13220.0
12895.5
11228.0
12526.5
5805.0
14808.0
10577.0
6855.0
13538.5
12801.5
14032.5
10616.5
11858.5
11821.5
8635.0
13686.0
10964.5
1182.5
14753.5
10236.0
13559.5
14838.5
12923.5
11060.0
1512.5
12969.0
10364.5
10360.5
14229.0
11100.0
10601.5
11598.0
14202.5
11065.5
4869.0
10027.0
6697.0
11543.0
9481.0
10101.0
5874.5
9438.0
11140.0
11741.5
14556.0
12829.5
13342.0
15086.5
13444.0
8185.0
13424.5
7688.5
14246.0
14388.5
11046.5
15608.0
11023.5
5715.0
10743.5
10622.0
10946.5
1649.0
11513.5
4527.5
13236.5
12952.0
11965.0
12856.5
12712.5
10296.5
8380.5
11717.5
10437.0
14320.0
9906.5
11066.0
11350.5
11502.5
14570.5
12433.5
12052.5
11491.5
13296.5
3996.5
8531.5
3026.0
15155.5
13316.5
2755.0
7726.0
5851.5
11777.0
13566.5
5108.0
12555.0
12148.5
11072.5
11547.0
9396.0
14820.0
12008.0
15511.5
418.5
11344.5
14299.5
4278.0
11001.0
6024.5
10615.0
10064.0
11009.0
10146.0
10582.5
11970.0
9253.5
14578.5
2408.0
9453.5
13744.5
12722.0
9318.0
11362.5
12370.0
10660.5
10233.0
4256.5
10697.0
12228.5
11574.5
0
12244.5
6346.0
10355.5
9916.0
11253.5
15540.0
12202.0
1106.0
9331.0
10874.0
10926.0
8520.0
7403.0
9312.0
13815.5
12724.0
14189.5
9126.5
2541.5
14364.0
12957.0
10105.0
11378.0
11837.0
13922.5
10594.0
8907.5
11811.5
10731.5
9167.5
7231.0
10412.5
3725.5
14365.0
10065.0
11369.5
13736.0
6032.5
10917.0
14023.5
12527.5
11568.5
12061.0
14213.5
12387.5
12468.5
14650.0
7538.5
14188.5
14002.0
12946.0
12663.5
12482.5
9953.0
12764.0
10543.0
10366.5
9891.5
11845.0
14526.5
2759.5
12342.5
1448.0
16106.5
13374.0
10053.5
13184.5
13486.0
11523.5
10963.5
14743.5
9438.0
13361.0
6645.5
12374.0
12633.5
8850.0
4286.0
3825.5
12289.5
14400.0
5521.0
12776.0
15063.5
5432.5
6716.0
10561.0
1529.0
242.0
16497.5
10241.0
10508.0
7735.5
729.5
14216.0
13135.5
9928.5
10992.5
11688.5
6366.5
5283.0
11657.5
11523.0
11580.0
12560.0
13513.5
6573.5
7467.0
5454.5
10941.0
12337.0
6045.0
13958.0
10298.5
15998.0
11836.0
12339.0
13789.5
2544.5
15536.5
68.0
13224.5
13498.5
3993.5
12078.0
9522.0
14252.5
12911.0
9242.5
4934.0
9042.0
11864.5
13893.0
14742.5
12839.0
9493.0
15552.0
16368.5
14094.5
10249.5
12180.5
10249.0
7628.5
14997.5
12355.5
8645.0
13020.0
14505.0
15615.0
14142.0
11204.5
12094.5
5737.5
10052.5
10411.0
10970.0
14370.0
15202.0
8335.5
12079.0
11158.0
11444.0
9627.5
11523.0
14203.0
9069.0
11478.0
13334.0
11457.0
1954.5
14806.0
4165.5
11627.5
11449.0
10542.0
138.0
1385.0
10726.5
12808.5
10141.0
12520.0
3743.0
14794.5
12030.5
2421.5
14184.0
10785.5
10574.0
13993.5
14549.5
5618.0
14874.5
13409.0
16388.0
10521.5
7829.0
10373.0
15144.0
997.5
10677.5
11968.5
13245.5
11206.5
13340.5
0
9208.0
10258.0
2007.0
10008.5
6262.0
1090.0
11480.0
2856.0
13308.0
11577.0
10513.5
7339.5
11934.0
700.0
14843.5
12956.5
12426.0
9034.5
8432.5
12437.5
14447.0
7029.0
10267.0
12558.5
10093.5
12657.0
1452.5
14739.0
13236.5
15491.0
12347.0
1334.5
12813.5
14073.5
12906.5
9790.5
11001.0
1126.0
9890.5
11104.0
1070.5
8961.5
9726.0
12990.5
12338.0
10901.5
12397.5
12529.0
10357.0
10380.0
4209.5
10487.5
424.0
8549.0
13375.5
14668.5
9978.5
10871.0
15807.0
11632.5
14876.5
2533.5
12220.5
138.0
13315.5
10041.0
13218.5
14833.0
11128.5
10103.0
15906.0
6516.5
4631.0
2206.5
10452.5
12802.5
459.5
8710.0
10585.0
14531.5
11016.5
8210.0
1885.5
13216.0
11539.5
13272.5
10326.0
3923.0
13794.5
2272.5
13911.5
13826.0
13510.0
11088.5
10502.0
5476.5
12248.5
10727.5
11392.5
11175.0
11193.5
13507.0
13878.0
12447.5
9664.5
10717.0
5032.0
13013.5
11021.0
10699.5
11298.5
12184.0
14480.5
8685.0
11770.0
17852.0
14239.0
5491.0
9643.5
4456.0
10177.0
12843.0
10250.5
11615.5
10642.5
16118.5
11726.0
13804.5
6845.5
1076.5
14069.0
14834.0
10598.5
13440.5
14276.5
11886.0
14409.0
8969.0
0
9744.0
6273.0
11434.0
12340.5
5271.5
11404.5
14475.0
7901.0
13612.0
11913.0
13667.0
10977.5
10902.0
14846.5
13214.0
13723.5
1479.0
13782.5
11046.0
7668.5
10207.5
10523.0
8838.5
9294.5
9026.0
14602.5
14241.0
10831.5
13169.0
13050.5
14646.0
10750.5
12449.5
8178.0
12756.5
14158.5
14582.5
8130.0
9982.5
10836.5
10234.0
10665.0
8877.5
6778.0
11900.0
1429.0
7035.0
15830.5
7878.0
13712.0
7628.5
10535.5
14027.5
11325.5
13677.0
12488.5
7713.0
14107.5
14751.5
14868.5
0
10933.5
6469.0
13061.0
7336.5
126.5
6810.5
14385.0
12922.0
3711.5
10075.0
4015.0
14096.5
1827.0
13418.5
6678.5
11784.5
8573.0
14026.5
10019.5
13801.5
10147.0
13721.5
5882.5
12898.5
14687.0
3433.5
3605.5
14639.5
14117.0
14853.5
12214.5
14790.5
15551.5
11990.5
11390.5
8839.5
5717.5
3091.5
14101.5
5661.0
1776.0
12861.5
8963.0
6615.0
13332.5
8946.5
13682.5
14880.5
13740.5
0
13062.5
12988.0
8199.5
9850.5
10698.5
5768.0
12476.0
14117.0
10609.5
13271.5
12453.5
15602.0
13865.5
794.5
11093.0
13354.5
7508.0
11511.5
11582.0
12747.5
3517.0
14486.5
11693.0
13409.5
14067.0
14199.5
10128.0
13655.0
7505.5
13557.0
11621.5
14751.0
10674.0
14374.5
1006.5
10960.0
10235.0
14117.0
9082.5
11336.5
7067.5
13677.5
12320.5
15886.5
12198.5
7529.0
11417.0
14812.5
10399.5
12748.5
15265.0
13648.5
6942.5
4575.0
14603.0
9480.0
14122.0
12352.5
14117.0
3037.0
11250.0
14527.0
10658.0
13916.5
10679.5
11569.5
419.5
12858.0
12953.0
13177.5
3005.0
14260.5
7922.5
8015.5
14342.5
1494.0
15004.5
11931.0
8599.0
7582.5
14528.0
6063.5
6187.0
6576.5
13318.0
13289.0
12881.0
4503.5

11804.0
14166.0
1073.0
0
12469.0
3942.5
14733.5
11460.5
489.5
10214.5
14523.5
15061.0
14613.0
13405.0
13160.0
11477.5
11925.0
2348.0
12940.5
11060.0
1528.5
11403.0
14677.0
13243.5
11182.0
11439.5
5122.0
5757.0
15018.0
12356.5
12802.0
8716.5
10465.0
9908.0
6144.5
8715.0
10344.0
10172.0
14036.0
14491.5
6076.0
4639.0
11326.0
12821.0
9085.0
14996.5
13859.0
2017.0
11732.5
4438.5
11349.0
9713.5
12730.0
8783.5
11807.0
12351.5
12973.0
13784.5
13832.5
14042.0
5593.0
2768.5
16848.0
10755.0
2004.0
6971.5
13102.0
10129.5
8838.5
10568.0
15230.5
12960.5
15141.0
14619.0
1570.0
8660.5
471.0
6496.5
10588.0
13431.5
12590.0
8945.0
11494.0
8233.5
15361.0
10100.0
9309.5
14402.5
13913.5
8828.5
14572.5
11967.0
10783.5
11887.5
14442.0
12609.5
11590.5
13899.0
3206.0
6065.0
10084.5
14014.5
10993.0
8657.5
13952.5
7289.5
846.5
11651.0
10601.5
2033.5
10631.0
11453.0
549.5
12293.0
419.5
1282.0
344.0
15012.5
12517.5
13696.5
10069.0
13626.0
14722.0
2834.5
12575.5
740.0
12839.5
8686.0
11946.5
8320.5
14502.0
14780.5
15664.0
10329.5
13514.5
2406.5
12291.5
10375.5
14475.0
13229.0
10497.0
12367.0
12271.0
8684.0
0
10631.5
12889.5
12115.5
12138.5
14261.5
9087.0
9605.0
11330.0
6155.5
5578.0
13721.0
13890.5
10278.0
401.0
6382.5
8312.5
10088.0
12043.5
14547.0
7985.5
11822.0
13083.5
6163.0
8152.0
10724.5
1528.5
12453.5
13579.0
13469.5
7168.0
10071.5
11093.0
12935.0
6088.0
6942.0
7786.0
10279.5
9878.5
4951.0
9571.0
12900.5
1532.5
0
8054.5
11131.0
14861.0
4086.5
10046.5
3155.5
14039.0
12349.0
3261.0
10794.5
14430.5
14343.0
15630.5
7613.5
2847.5
10969.5
6269.0
7862.5
9846.5
13931.0
5114.0
13823.0
9760.5
10580.5
4042.5
12877.0
13910.0
4676.5
11375.5
7276.5
6871.5
11086.5
14014.5
6862.5
9940.5
10190.5
12882.0
11468.5
11384.0
6814.5
14093.0
3914.5
13765.0
7261.0
14609.0
3804.5
12490.0
14182.0
13883.5
5644.0
10403.0
11543.5
12654.5
1156.0
3097.0
8369.5
12398.5
5768.5
13355.5
14225.5
13396.0
10494.0
12631.5
11987.0
14350.5
14645.0
15055.5
12223.0
8698.5
11064.5
12329.5
12237.5
10074.5
12834.5
15245.0
12961.5
12795.0
6662.5
12083.0
13688.0
12828.0
12757.0
11883.5
10749.0
1368.0
9845.0
6212.0
5139.0
2370.5
14119.5
9285.0
9440.0
11371.5
7087.5
11018.5
10401.0
11854.5
1937.0
13920.5
12068.5
12411.0
5652.0
5658.5
14272.0
7260.5
12634.0
12344.0
14172.0
11716.0
12559.0
1827.5
9247.5
13492.0
14624.0
10484.0
830.0
14133.0
9944.0
10940.5
13588.0
13040.0
14409.0
10895.5
8193.5
9067.5
12031.5
9044.5
14326.5
10903.5
9022.5
13883.5
10797.0
10755.0
13039.0
764.5
9731.5
10797.5
13693.5
11679.0
11430.0
11863.5
12762.5
10086.5
12780.0
7575.0
12745.0
1087.5
15044.0
14534.0
6836.5
10532.5
965.5
14826.0
12878.0
11862.5
15358.0
68.0
13548.0
7815.0
15263.0
9603.0
10481.5
8779.5
7439.0
10173.0
9547.0
3615.0
10521.0
0
14060.0
5099.0
10044.0
11591.5
10564.0
12843.0
12187.0
13206.0
9039.0
11475.0
12063.0
10672.0
9291.0
12549.0
14176.0
10955.5
14627.5
1081.0
13069.0
10605.0
8329.0
438.5
7064.5
11576.0
8827.0
11203.5
13163.0
13130.5
8315.5
14169.5
0
0
12411.0
6816.5
12958.5
4215.5
13886.5
10625.5
11042.0
11207.0
13636.0
4869.0
14768.5
14359.5
9260.5
14441.0
11705.5
10513.0
12279.5
14370.0
13493.0
6436.0
11923.0
10284.5
15429.5
10560.0
2270.0
10803.5
14495.0
2866.5
7282.5
10676.5
12367.0
0
6413.5
12831.0
0
14282.5
6823.5
10596.5
10464.5
14218.0
12952.0
0
14872.5
11830.5
13234.5
10707.0
14135.0
11585.0
11858.0
10587.5
3499.0
6612.5
11959.0
10579.0
11339.5
10105.5
11425.5
13825.0
15301.0
13508.0
14650.0
11985.0
8131.0
6478.5
3634.5
6447.0
8522.0
10667.5
11252.0
12045.5
4211.0
11534.5
4123.5
0
11514.5
10780.0
11769.0
13200.5
11352.5
598.0
6783.0
11672.5
13676.5
9316.5
1418.5
7210.5
11323.5
2369.5
10120.5
11351.0
15038.0
10136.5
11950.5
12578.5
13061.0
11630.0
10470.5
716.0
5378.5
12838.0
6786.0
10445.5
68.0
9569.5
10154.0
13909.5
9183.0
13353.0
13980.5
10501.5
4968.5
13300.5
13804.0
14552.0
11173.0
441.5
13478.0
10363.0
3148.0
13338.5
9391.5
15034.0
6961.5
15721.0
7768.0
10489.0
1401.5
4619.0
14518.0
13066.5
11078.5
15459.5
1491.0
12043.5
13598.5
14793.5
10148.5
15110.5
4875.0
14645.5
10494.0
14281.5
10603.0
12090.5
10236.5
1791.0
6616.0
15008.0
6799.5
11122.5
13905.0
14181.0
11525.0
12632.5
8458.5
12398.0
10128.0
13971.5
4743.5
9115.0
14248.0
11898.5
13754.0
13129.5
3512.0
12394.0
1516.5
12448.0
12897.0
12053.0
11365.5
15706.5
6237.5
6512.5
11973.5
1616.0
5176.0
5203.5
10663.0
3372.0
11237.0
12426.0
13377.5
0
15120.0
10378.0
8253.0
9699.5

11527.0
11941.5
13025.5
13949.5
5801.5
13248.0
14860.0
10522.0
11835.0
10525.0
126.5
7607.5
12139.5
13349.5
14740.0
1424.5
6862.0
4672.0
13085.5
954.0
14175.0
11805.0
14959.5
11123.0
14472.0
10822.5
12181.5
790.0
13787.0
12728.0
11002.0
14279.0
13913.5
13750.0
6777.0
14694.5
14159.0
14151.0
13074.5
9830.0
10878.5
12592.0
14241.5
10288.0
8729.5
10247.5
13731.0
12831.5
12095.0
7923.0
9510.5
13817.0
10912.5
7334.5
13725.5
13022.5
8959.0
10151.5
16261.0
13268.0
8717.0
14133.0
12106.5
6406.0
478.0
4500.0
13159.5
8644.0
13545.5
14118.5
8614.5
11328.5
12985.0
14506.0
14142.0
13186.5
10583.5
10066.0
11387.5
13971.0
3034.0
2911.5
13638.5
12821.0
9890.5
2692.5
1735.5
11019.0
8762.5
11285.5
4974.5
5619.5
13265.5
14130.5
12696.5
2491.5
13704.0
6775.0
13633.0
5371.0
14191.0
12910.0
13640.5
10802.0
13237.0
11157.0
9274.5
13384.0
12757.0
11892.0
10134.0
11673.5
12677.0
14188.5
6567.0
4015.5
10534.5
10568.5
5649.0
10594.0
6240.0
11976.5
13678.0
13337.5
14286.0
14801.0
7806.0
8820.5
7275.0
9538.5
6647.0
11064.5
7411.0
14083.0
13722.5
12367.0
9940.5
9937.0
12206.0
10067.0
14814.5
12871.0
11077.5
14217.0
5248.0
14345.5
5063.0
10204.5
12747.5
12311.5
9836.5
14250.5
12595.5
4883.5
9781.0
14805.5
14035.0
11350.0
9102.0
10953.5
0
2814.0
5868.5
11538.0
10202.5
9529.5
14181.0
14000.0
11833.0
14542.0
10895.5
1724.0
13597.0
13365.0
11872.0
13036.0
3033.5
6666.5
11742.0
4901.5
12039.5
1536.5
438.5
0
4632.0
6689.0
9518.0
7496.5
7233.0
13662.0
7542.5
12657.0
8314.5
12787.0
14284.0
7981.0
11083.0
0
11114.5
10013.0
11183.5
9135.5
11824.0
6465.0
9248.5
8410.5
11022.0
0
13631.0
12035.5
10908.0
8897.0
10119.5
15372.5
13564.5
3294.0
6068.5
12152.0
0
0
12446.0
9860.0
8719.5
10609.5
12728.0
10041.5
13580.0
7920.5
11698.0
7591.5
13764.0
7228.0
12833.0
13759.0
13079.5
10536.0
12126.0
12414.5
478.0
10507.5
12698.5
0
4010.5
8745.0
12159.5
8719.5
2899.0
8600.5
12455.0
10166.0
15965.0
13198.5
10025.0
11531.5
15709.5
13043.0
10520.0
13045.5
0
0
12726.5
14624.5
10983.5
10647.5
12604.5
10024.0
8517.0
10582.0
11724.0
12768.5
9907.5
12096.0
6238.0
11366.0
14994.5
14623.0
11939.5
8419.0
13436.0
11852.0
12218.5
7411.5
11433.0
10974.0
10608.0
14146.5
12634.5
8633.5
424.0
3842.0
9277.0
10128.5
12741.5
15411.5
9234.5
12968.0
12808.0
7898.0
10581.5
4427.5
12950.5
10852.0
11175.0
10343.0
10979.5
12145.0
5211.0
11926.5
11594.5
10182.0
5831.5
12003.0
13541.5
10996.5
13479.5
2657.0
11928.0
13242.5
8732.0
4359.0
10275.5
14354.0
11062.5
12824.0
14545.0
9308.0
12583.5
12392.0
12285.0
12912.5
1198.5
7608.0
12058.0
11835.5
419.5
7942.0
6993.5
7341.5
13631.0
13283.0
12091.5
13716.0
8667.5
10338.5
10134.0
13069.5
11578.0
11743.0
14741.5
11938.5
10233.0
5781.5
13532.5
10575.5
14315.0
10131.5
10626.0
4652.5
489.5
10512.0
12074.5
6391.0
11102.5
11101.5
9742.5
8446.5
12765.5
8892.5
4722.0
11469.0
15450.5
9649.5
10537.0
12259.0
11029.5
10835.0
10582.0
10084.5
14682.0
12507.0
5727.0
12147.0
10068.0
11869.5
5559.0
13155.5
14000.5
12591.0
9015.5
3648.5
6827.5
13875.5
10665.0
0
6922.5
11897.0
15085.0
10074.5
7174.5
13708.0
9308.5
12375.5
11775.0
13346.5
14437.5
10571.0
9692.5
13421.5
11597.0
15270.0
13537.5
10360.0
10729.5
1759.5
7421.5
10053.0
5514.5
0
7889.0
12060.5
10204.0
13464.5
11091.5
13268.0
13544.5
6925.5
14872.0
8455.0
11548.0
7248.0
12966.0
13984.5
10109.5
11655.5
10264.0
8633.0
12162.5
12433.0
541.0
7135.0
12458.5
7001.5
9810.0
2517.0
11368.0
10421.0
11504.0
5216.0
11907.5
10119.5
10699.5
14583.0
10588.5
10143.0
12670.0
13362.0
10228.0
10730.5
11213.5
9744.5
13892.0
14162.0
14150.5
9611.5
8755.0
12704.5
15508.0
10999.5
3445.5
10568.0
9739.5
11161.0
12164.5
15421.0
6620.5
1146.0
0
14744.0
6471.0
13679.0
12123.5
6194.0
12813.0
12424.0
11935.5
11830.5
12790.5
4107.0
9415.5
9398.5
1051.5
13272.5
0
10150.0
15409.0
11398.5
13634.0
14457.0
13922.0
7438.5
12428.5
2533.5
10088.0
12220.0
8586.5
243.5
8858.0
2220.5
404.5
11416.5
7150.0
14497.5
15448.5
6540.5
12415.0
7272.0
12799.0
11635.5
9154.5
11891.5
11549.0
10741.5
2925.5
11544.0
13636.0
0
12279.0
11889.0
11962.0
11470.5
14543.0
13432.0
12751.5
6466.0
9952.5
13305.0
7450.5
9179.5
13350.5
12836.5
14278.0
13982.0
10902.5
12915.0
12668.0
15824.5
9443.5
11100.5
12716.0
13252.0
10427.5
756.5
10731.0
11494.5
2524.0
14537.5
14260.5
9471.5
12321.0
770.0
2264.0
14189.0
12941.5
10227.5
10133.0
12663.5
14968.5
15064.0
3213.5
12210.0
13194.5
11964.0
11760.5
14221.0
1194.0
10947.5
9649.0
11330.0
11030.0
10569.5
12251.5
6046.0
10478.5
10627.5
5618.5
11932.0
11171.5
11137.5
9676.5
8933.5
10671.5
2104.0
14956.0
11677.0
0
11363.0
10786.5
16439.5
10638.0
13740.5
1383.5
14049.0
14141.0
13264.0
11015.5
0
13276.0
13258.5
15991.5
10047.5
10681.0
12207.0
13890.5
13912.5
8618.0
13477.0
15756.0
8157.5
10790.0
13976.0
11749.5
14538.0
0
0
11136.5
8600.5
12556.5
1653.5
14808.5
11435.0
2054.0
12286.0
14662.5
10087.0
8427.0
9883.5
13008.5
6257.0
14140.0
11092.0
12899.5
11658.0
14485.5
14220.5
10675.0
10058.0
680.5
13921.0
8532.5
12586.0
13686.0
13336.5
10644.5
1305.0
10914.5
10163.5
16553.5
9625.0
10165.0
12169.0
10103.5
9377.0
11227.5
12027.5
9013.0
11961.5
6699.0
9696.5
13790.5
13215.5
10759.0
9326.5
383.0
11546.5
10519.0
14084.0
13307.5
10991.0
12915.0
13400.5
10927.5
8118.5
10139.5
9656.0
1282.5
10670.5
11172.5
10505.0
6433.0
8304.0
7354.5
9597.0
11567.5
14464.5
10937.0
9153.5
14016.0
11740.5
12532.5
14785.5
14374.0
7114.0
14627.5
15868.5
13496.0
4527.0
14437.0
11742.5
9572.0
9743.5
0
11346.0
7746.5
9975.0
8819.0
14008.0
14058.5
10112.0
6828.0
12699.5
9718.0
14459.5
8079.5
14033.5
15322.0
12052.0
8008.5
15083.5
11882.0
12241.5
14525.0
14409.0
13670.0
12619.5
13442.5
11786.0
5759.0
13739.5
7976.5
13414.0
12122.0
2456.5
14107.5
15167.5
12154.0
10868.0
6358.0
12756.5
6868.5
0
1560.5
5563.0
10639.0
12137.5
14254.5
8024.5
12063.5
4834.0
0
10500.5
12328.5
12904.5
13648.5
13669.0
11691.5
12566.5
0
10572.5
12639.0
1087.5
11943.0
11515.0
11142.0
7982.5
11620.0
11029.0
9102.5
8723.5
7651.0
9375.5
2658.5
12997.0
11090.5
13838.0
10057.0
14708.0
11130.0
9843.0
11068.5
9880.0
14127.5
14250.5
6882.0
13100.0
6273.5
12124.0
11096.0
10194.0
13731.5
10238.5
9109.5
4483.0
5547.5
10627.5
7308.0
9829.0
6993.5
11049.0
4158.0
1943.0
13705.5
2372.5
14012.0
12344.0
10532.0
11471.0
11702.5
8660.5
10060.0
10106.5
14030.5
12031.0
10744.0
0
13070.5
0
2841.5
8877.5
419.5
9795.0
14224.0
0
12775.5
12623.5
6478.0
7967.0
12437.0
6442.0
12152.0
0
6853.5
12091.5
11905.5
11044.0
13718.5
12784.0
8064.0
8938.0
10039.0
2672.0
5593.5
7383.5
8169.0
10587.5
6627.0
10986.5
14675.0
12108.5
7142.5
12860.5
1142.0
13771.0
14189.5
15898.0
13278.0
13658.5
8441.0
7839.0
10674.0
11310.5
0
0
0
13168.5
13517.5
4070.0
12534.0
8593.0
11023.5
13789.0
10644.5
11611.0
11079.0
14626.5
1810.0
12755.5
9935.5
8925.5
0
12737.0
10662.5
10541.0
11150.0
10042.5
10134.0
6664.5
12915.5
11577.0
12835.0
