0
126.5
359.0
383.0
797.0
770.0
535.0
300.5
776.0
524.5
2105.5
805.0
1410.0
2117.0
1227.0
1805.0
1359.0
1514.5
1295.5
2797.0
68.0
3224.5
359.0
3433.0
771.0
1484.5
3708.5
911.5
3742.5
418.5
2232.5
1639.5
1112.0
1297.5
2335.0
1212.5
1853.0
621.5
2670.0
2560.5
1777.5
2853.0
1121.0
860.0
717.0
4800.5
1137.0
533.5
419.5
1176.5
591.5
903.5
489.5
424.0
0
752.5
1597.0
1332.0
128.0
3058.0
194.5
1070.5
2046.5
253.5
752.5
2427.5
1890.5
576.0
4813.0
0
1004.0
2356.5
832.0
2912.5
126.5
1893.0
489.5
2087.0
7132.0
771.0
1346.5
862.0
3362.0
2437.5
1200.0
1147.0
814.5
586.5
1182.0
947.0
2609.5
1322.5
1162.5
549.5
1510.0
2382.5
0
686.0
0
719.0
705.0
2322.5
0
471.0
0
4.5
778.0
478.0
120.5
300.5
194.5
206.0
4664.5
583.0
1548.0
186.5
5085.0
1140.5
0
781.0
700.0
710.5
1705.0
1094.5
126.5
1683.0
126.5
300.5
534.0
511.0
831.5
126.5
365.5
1132.0
68.0
0
0
128.0
128.0
734.5
478.0
126.5
1702.0
0
861.0
1635.0
0
478.0
710.5
649.0
0
884.5
0
126.5
257.0
1832.0
0
128.0
739.0
537.5
0
300.5
486.0
424.0
300.5
797.5
516.5

576.5
2174.5
128.0
951.0
491.0
656.5
1597.0
511.0
586.0
126.5
722.0
0
717.0
663.5
1287.0
138.0
365.5
419.5
984.5
0
0
508.5
300.5
438.5
1432.5
524.5
0
467.0
0
183.5
1275.0
717.0
194.5
0
0
0
126.5
0
884.5
126.5
1142.0
359.0
1162.5
1686.5
68.0
427.0
4268.5
383.0
1353.0
2019.0
831.0
830.5
1294.5
583.0
230.5
947.5
68.0
0
1100.5
309.5
243.0
0
2003.5
1089.0
626.0
1278.5
1228.0
300.5
1335.5
497.0
622.5
545.5
3903.5
595.0
778.5
1483.0
126.5
729.5
938.0
2439.0
3191.0
2049.0
359.0
2975.5
0
138.0
1167.0
583.0
1155.5
603.0
766.0
1548.0
867.5
459.5
478.0
5018.5
710.0
1057.0
126.5
0
1448.5
1229.0
1249.0
4320.0
3727.5
1381.5
2513.5
478.0
782.0
2433.5
498.5
2398.5
68.0
0
1439.0
968.5
1660.0
2293.5
407.0
484.0
5301.5
7879.5
1134.5
3915.5
4320.5
5503.0
835.0
1421.5
541.0
1896.0
3734.0
2365.5
3591.5
3053.5
3158.0
1261.0
1230.5
138.0
1982.0
4736.5
4931.0
6557.5
3096.0
6166.0
1723.0
1872.0
1671.5
4152.0
4352.5
3256.5
5808.5
359.0
2842.0
0
6369.5
313.5
2930.5
7127.5
1025.5
5646.0
7623.5
3680.5
8025.5
8007.5
2725.5
1648.5
2127.0
1998.0
3317.0
6418.0
1884.5
2435.5
1551.5
5498.5
2293.5
4421.0
6867.0
6078.0
3970.5
194.5
1944.0
4178.5
3156.5
1684.0
2551.0
5682.5
126.5
3811.5
1126.0
126.5
5238.0
1162.5
5435.0
6641.0
6665.5
6762.5
1014.5
4089.0
4618.5
4782.5
68.0
0
3252.5
5071.5
841.0
4376.0
1626.5
7828.5
1742.0
2374.0
438.5
5702.0
1127.0
68.0
3513.5
6478.5
3813.5
1453.5
6068.5
6969.5
1043.5
5171.5
7434.0
3396.5
3498.0
6412.5
5241.0
6844.5
829.5
3529.5
8456.5
2817.5
3135.5
2963.0
6568.0
6133.0
1945.5
4617.0
1008.0
0
7074.5
2425.5
6441.0
5963.5
0
6888.5
726.5
0
3225.5
4469.0
3085.5
3275.5
3030.0
9864.5
9652.0
497.0
2059.0
3354.0
9104.5
4742.5
2959.5
4392.5
2638.5
9072.5
3456.5
1429.0
5834.5
3883.0
6524.0
5536.0
4456.0
2495.0
3365.5
3359.0
2962.5
5613.5
8118.0
2328.5
6869.5
8224.5
3283.0
2287.5
231.5
2897.0
715.5
1984.0
2715.5
1200.0
5896.0
1697.5
0
3404.5
2577.0
2907.5
7897.5
10754.0
6335.0
7373.0
7335.5
3493.5
2360.5
1580.5
8626.0
6199.0
6171.5
2283.0
2936.0
6258.0
68.0
5960.5
10538.0
2475.5
3301.5
4136.5
3125.0
3044.0
723.5
5885.0
7705.0
4109.0
5913.5
3170.0
8124.5
10723.0
138.0
0
2891.5
68.0
2031.0
5098.0
897.5
3185.5
8128.0
3025.0
6455.0
2183.5
6550.0
1953.0
2849.5
2762.5
678.5
0
6729.5
3684.0
2958.5
5368.5
5532.5
5354.5
4559.5
6192.5
126.5
641.5
1461.0
3330.5
1199.5
6893.0
0
2270.5
6401.0
5702.0
365.5
2124.0
2728.0
936.0
1872.0
6561.0
4059.0
7828.0
4589.0
6335.0
68.0
4898.0
4476.0
6207.5
6993.5
8212.5
666.5
7164.5
1323.5
8696.0
1162.5
4973.0
890.0
3945.0
952.5
2936.0
3462.5
5433.0
2995.5
2937.5
6896.0
0
4315.5
6450.5
4932.5
5918.5
3313.0
0
2812.0
1309.5
2875.5
2916.0
6377.5
9477.5
699.0
7253.0
1257.5
957.0
0
2395.5
5474.0
1791.5
8120.5
4188.0
7415.5
3654.5
5371.0
1730.0
1671.5
6210.5
2056.5
8374.5
2133.0
7718.5
5215.5
1067.5
3027.0
3087.0
2237.5
3984.5
5538.0
5016.0
2885.5
7355.5
7100.0
2752.0
5036.0
1921.5
5797.5
8819.5
787.0
2407.5
5414.0
6339.5
2364.5
2712.0
4229.5
3795.5
2289.0
1893.0
1966.5
7776.5
10963.5
573.5
7195.0
6080.0
126.5
5241.5
2179.0
8318.0
6568.0
4607.5
1160.5
4411.5
717.0
3857.5
6687.5
9593.0
1496.0
2850.0
5885.0
3081.5
3187.5
4868.5
9158.0
2168.0
3561.0
6630.0
4397.5
1502.5
2352.0
2210.5
5312.0
2524.0
793.0
1453.5
5429.0
8129.5
0
6595.0
1224.5
6454.0
6255.5
2809.5
703.5
2005.5
4915.0
2413.0
7531.5
6006.0
4629.0
2839.5
5975.5
2176.5
3215.0
0
2378.0
7348.0
4451.5
0
1031.0
3209.5
0
6922.0
8702.0
9620.0
1043.0
2627.0
7909.5
3594.0
1126.0
5605.0
5805.0
4327.5
6156.5
2007.5
4959.5
1295.5
2360.5
68.0
774.5
0
5294.5
478.0
600.5
126.5
2611.0
1254.0
3721.0
7658.0
6736.0
846.0
0
5500.0
7751.0
1188.5
5987.0
8365.5
68.0
4941.5
5659.5
811.0
2367.5
4087.5
1310.0
6989.0
1644.0
1667.5
0
4932.5
0
6884.0
4569.5
3714.0
0
5861.5
3438.0
9587.0
0
0
3607.5
6666.5
3717.5
7726.5
1164.0
11698.0
8329.0
0
1746.0
6300.0
4668.0
7884.5
3729.5
3998.5
1344.0
5161.0
4077.0
6726.0
1271.0
771.0
5576.0
126.5
5268.0
1712.5
2418.5
861.5
2891.0
1140.5
2784.5
6891.5
419.5
4219.0
9208.5
2123.5
6952.5
68.0
0
1854.0
5374.0
2096.0
6898.0
138.0
7938.5
4234.0
7139.5
5771.0
790.0
3202.0
2520.0
4233.0
3326.5
3511.5
7488.5
1194.5
6613.5
7324.5
6398.0
2734.5
138.0
7628.5
3565.0
126.5
5939.0
5622.5
3977.5
0
0
6801.5
300.5
68.0
6934.0
0
7519.5
1294.0
10815.0
2375.5
10510.0
8747.5
0
9173.0
6752.0
4872.5
5524.5
5297.0
7963.5
2976.0
1162.5
2547.0
1427.5
4282.5
7994.0
8704.5
3369.5
6571.5
3277.0
9224.5
1332.0
1942.0
11423.0
4958.5
6222.5
4671.5
9314.5
3121.0
4820.5
7969.5
1585.0
7561.5
2206.0
6275.5
6651.0
6424.5
0
120.5
68.0
5250.5
991.0
3149.5
2621.5
5584.0
6559.5
7834.0
68.0
138.0
6998.5
1137.5
0
4247.0
2228.0
6278.5
1717.0
5244.5
5501.5
4027.0
752.5
9860.0
3513.5
0
790.0
5192.0
2531.0
5274.5
7025.0
7344.0
4722.0
383.0
2194.5
2632.0
1369.0
2291.0
8839.5
424.0
6112.5
5191.0
1592.0
3675.0
8258.0
68.0
4283.0
5488.5
4468.5
5945.0
5239.5
1500.5
8787.0
8439.5
419.5
680.5
1703.5
7427.0
4273.0
0
0
5008.5
1109.0
4506.0
1247.0
3391.5
3323.0
5534.0
2891.0
1037.0
3377.5
0
4531.0
888.5
2893.0
183.5
8324.5
2699.0
348.5
2903.5
656.5
5946.5
5441.0
4380.0
478.0
2723.0
0
10263.0
5833.5
5185.5
2629.5
800.0
827.5
6865.0
2300.5
5129.0
2710.5
1024.0
533.0
4286.0
3267.5
6714.0
3834.0
3778.5
6074.5
489.5
3012.0
408.5
5075.5
7094.5
8123.5
10792.5
762.5
8855.5
771.0
3385.5
8258.5
5319.0
4174.0
6423.0
4478.5
6520.0
7276.5
2777.0
5704.5
2302.0
6271.0
6721.5
3581.0
0
9499.0
8083.5
0
1365.5
2388.0
2089.0
1245.5
5995.0
3189.5
3498.0
1792.0
2923.5
8631.5
811.0
7639.5
4098.0
1032.0
6979.5
3153.5
0
2918.5
600.5
9859.5
5237.5
7075.5
1452.0
5961.0
8053.5
3708.5
489.5
949.5
6200.0
1418.0
1956.0
2861.5
4177.0
472.0
7619.5
5410.5
5027.5
1167.5
696.5
4355.5
7265.0
5305.0
2704.5
7346.0
3558.5
6253.0
2708.0
6317.5
3378.5
8684.5
6213.0
9093.0
4038.5
6068.5
1340.5
6280.5
1303.0
6524.0
7176.5
738.5
1539.5
2103.0
3362.0
1653.0
1909.5
5549.5
1220.5
8313.0
3372.5
5005.0
8010.5
593.5
4678.5
1775.5
1445.5
1146.0
4503.5
6910.5
3951.0
4553.0
0
0
2589.0
5835.0
3809.0
3924.0
5723.5
7720.5
6707.5
5293.5
2999.0
2547.5
5719.5
1163.5
3464.0
7558.5
5685.0
5010.5
6098.5
8729.0
6789.0
8743.0
9878.0
7151.0
3107.0
6142.5
4009.0
7134.0
2790.0
3342.5
8169.5
6603.5
10306.0
2832.5
10017.5
2197.0
2898.5
8074.0
10459.0
6501.5
8307.5
2879.5
4720.5
7302.0
9292.0
5069.0
3949.5
5700.5
419.5
7067.5
6615.0
4120.0
8740.5
7172.5
1845.0
5715.5
9758.0
7862.5
6183.0
6648.5
8292.5
2257.5
7135.0
8407.0
7734.0
7576.0
2582.5
6909.0
6312.0
1942.5
8673.0
2872.0
5994.0
6230.5
3479.0
6455.0
233.0
8505.5
2714.0
6378.5
68.0
2982.0
7676.0
8243.5
9620.5
9068.5
8329.5
3475.5
4944.5
1192.0
10576.0
6003.5
4524.5
2107.5
5062.0
5918.5
68.0
7192.0
7347.5
4050.0
2825.5
1639.5
3274.0
2074.0
5883.0
5691.0
6193.0
8067.5
126.5
9598.5
4019.0
4310.0
7691.0
5378.5
2340.5
3896.0
717.0
9823.5
4931.0
3880.5
3407.5
4006.5
5973.0
5971.0
1455.0
7658.0
126.5
3921.5
5881.5
4002.0
6169.5
5853.0
6536.5
6698.0
9573.0
7673.5
901.0
9859.0
6755.0
7045.5
6204.0
3043.0
9179.5
9746.5
2998.5
6363.0
5866.0
5736.0
1399.5
5756.0
7640.0
6428.5
6470.0
3292.0
3427.0
126.5
5393.5
10028.0
5875.0
3772.0
4795.0
2180.0
2674.5
6152.5
3455.0
5177.0
596.0
8824.5
8442.5
5729.0
8568.0
9755.5
9535.5
4553.5
8049.5
2607.5
3532.5
2101.5
285.5
10204.5
6002.5
1886.5
3997.5
10081.5
6388.0
4371.5
8666.5
962.0
3785.5
6028.0
6253.5
5134.0
3767.5
3569.0
5576.0
8509.0
4235.0
4484.5
6723.0
4401.0
3000.0
4942.0
7395.0
6157.0
3823.5
3822.5
9514.0
9167.5
8654.0
8635.5
2808.0
8553.0
6733.0
6388.5
9641.0
6264.5
5299.5
3979.5
7362.5
8165.0
8721.0
7191.0
8129.0
5638.5
3751.5
8825.0
5831.5
3361.5
4939.5
5682.5
6212.0
6280.0
1401.5
6977.0
6016.5
6883.0
3861.5
2358.5
8867.5
7193.0
1708.5
3399.0
5638.0
6416.5
4259.5
5434.5
6580.5
6791.5
8029.5
5499.0
7249.5
6170.5
7835.0
6326.0
8109.0
1297.0
6448.5
3744.5
2986.5
6147.0
5515.0
9121.5
5026.0
4034.0
7550.5
6576.5
3315.5
10669.0
5528.0
4473.0
2148.0
4634.5
7072.5
7188.0
7098.5
6347.0
4488.5
6872.5
7522.5
3166.5
6680.0
6367.5
126.5
7663.5
7603.5
1627.0
8883.5
1654.5
2812.5
2812.0
4291.5
3981.0
4414.5
1301.5
1086.5
5797.5
7321.5
9434.5
7061.0
3538.5
5073.0
5596.0
4067.0
3990.0
8670.5
3380.0
5851.0
401.0
3615.5
7035.0
2477.0
6630.5
6667.0
7183.5
5009.5
419.5
5036.0
6015.0
9232.0
5273.0
419.5
5200.0
4085.0
3115.5
4262.5
5758.0
7235.5
8339.0
126.5
10320.0
6088.0
7228.5
2335.0
7435.5
4538.5
138.0
10759.5
8686.5
6961.5
3053.5
7693.5
5244.5
7210.0
5467.0
4270.5
4531.5
6413.5
2018.5
1475.5
8240.0
4909.0
5553.5
7969.5
5775.0
6698.0
5383.0
3447.5
5743.5
4274.5
9319.5
6726.5
7138.5
8600.0
6257.0
2533.5
7412.5
7699.5
6376.0
2234.5
4196.0
7255.0
1199.0
5600.5
8153.5
6740.0
6398.0
4627.0
4857.5
6685.0
1404.0
5620.0
8095.0
5061.5
3300.5
9140.0
3332.5
6693.0
3420.0
7150.0
7694.5
3170.5
9150.5
138.0
4367.0
1269.0
1343.5
4333.5
5881.5
1621.0
5170.0
4639.0
0
4914.5
6873.5
5808.0
5858.5
7163.0
904.5
2875.5
1328.0
6062.0
7522.5
7568.5
8314.5
7333.5
7764.0
9565.0
2352.0
68.0
5402.5
7136.5
8578.0
8448.5
1435.5
0
4926.5
6335.0
3022.0
6912.0
4929.5
2156.0
1439.0
2294.5
3681.5
8093.0
365.5
1708.5
8440.0
7044.0
5368.0
4561.5
68.0
1904.5
4723.5
0
6650.5
3701.5
6687.0
5175.5
10080.5
3781.0
2490.0
1074.0
3606.5
6015.0
4783.5
1129.0
4075.0
0
3043.0
3125.5
3741.0
6310.5
4430.0
695.5
3958.0
6302.5
1032.0
7939.0
1158.0
68.0
10670.5
7747.0
4753.5
3518.0
4029.0
6302.0
5262.0
3177.0
4391.5
2381.5
4726.0
5757.5
1168.0
4453.0
2301.0
2453.5
8125.5
3281.5
7749.5
7045.0
5747.0
8248.0
1502.5
10000.5
6327.0
4038.5
4179.0
6110.5
68.0
7624.5
4053.5
6697.0
0
2340.0
2623.0
6222.0
8125.0
6945.5
2318.0
5525.5
5191.5
6097.5
4043.5
8059.5
9396.0
1035.5
7502.0
3537.0
8832.0
1060.0
8513.0
5078.5
3470.0
3383.5
6031.0
6966.0
9235.5
3980.5
2982.5
8510.0
2760.0
4170.0
1282.0
2943.5
2071.0
438.5
1600.0
5216.5
6927.5
2763.0
6578.5
2922.5
6348.5
68.0
8761.5
4128.5
4915.5
1923.5
7246.5
7711.0
3047.5
9544.0
5327.5
566.0
900.0
0
8383.5
4750.0
988.0
8068.5
1701.5
5323.5
4524.5
8166.0
5932.5
0
10268.5
6088.5
1701.0

1685.5
9804.5
0
0
689.0
68.0
138.0
6911.0
8227.0
7068.0
1316.5
6508.5
3326.0
2235.5
4923.5
3076.5
985.0
5504.5
5518.5
1267.0
6505.0
3664.5
3312.0
7155.0
5142.5
8667.5
5567.0
126.5
516.5
614.0
6434.0
3652.0
3496.0
6152.5
8248.0
0
6967.0
860.0
10616.5
8477.0
7783.0
4238.0
0
4622.0
5956.5
1842.0
5318.5
2739.0
4871.0
5057.0
6430.5
6999.0
348.5
5506.5
12123.0
4219.5
1051.5
1678.5
68.0
3029.5
3473.5
7449.5
5019.5
3046.5
2569.0
7120.5
7912.0
7130.0
5685.0
1990.0
10068.5
4239.0
4339.5
316.0
68.0
9773.5
2008.0
2462.5
6856.5
5373.5
4284.0
0
7536.0
5886.5
5337.5
8602.5
698.5
7614.0
4345.0
2126.5
0
7017.0
1620.5
599.5
7198.0
6019.0
4461.5
2934.5
365.5
9652.0
0
2901.0
7833.0
899.5
1087.5
564.5
6312.5
6562.0
5808.0
3597.5
3982.5
5086.5
4623.0
1711.0
6963.5
4654.5
7421.0
5780.0
0
1084.5
8611.0
2161.5
0
7100.0
8266.0
6013.5
6244.0
8125.0
419.5
5744.0
1167.5
459.5
8185.5
138.0
6940.5
1786.5
3816.0
5565.0
5231.0
7952.0
6274.0
7340.5
7826.5
285.5
7446.0
285.5
1397.0
825.5
4488.0
2875.5
1901.5
5513.0
0
7721.0
8203.0
7102.5
6991.5
7835.5
3494.5
6814.0
5755.5
6203.5
6791.0
0
0
8664.0
7555.5
6622.5
8011.5
438.5
1009.0
6319.0
6876.0
6796.5
652.0
8661.5
7231.0
9011.5
6490.0
8371.5
4622.0
5583.5
5419.0
8002.5
11427.5
6810.0
2801.0
2201.5
9053.5
2661.0
8704.0
790.0
5668.0
1068.5
8535.0
9820.5
4835.0
2209.5
5272.0
7806.0
4412.0
8696.0
138.0
9699.0
4194.0
5650.0
6051.5
489.5
3368.0
9017.5
7811.0
6650.0
10638.0
2478.0
3305.0
1053.0
4614.5
8376.5
5682.0
6210.0
4556.5
10337.0
1214.0
10051.0
3667.0
2903.5
138.0
4195.5
7019.5
7842.5
8954.0
4320.5
2567.5
478.0
5395.0
138.0
2308.0
1311.0
3334.0
3578.0
1378.0
11126.5
438.5
2524.0
8542.0
9658.0
1000.5
8527.5
2094.0
7097.0
467.0
5285.5
4521.0
2149.5
9206.0
10344.5
2807.0
10652.5
6884.0
6473.0
957.0
2146.5
3318.5
2176.5
698.5
6686.0
126.5
3455.5
4779.0
68.0
5489.5
646.0
5823.5
558.5
5971.5
1858.0
7032.5
2748.0
6464.0
4288.5
6495.0
9128.5
5735.0
7787.5
642.5
9617.5
1263.0
8967.5
5608.5
7273.5
968.5
407.0
5692.5
7961.5
4035.0
4602.5
2891.5
4158.5
813.5
5557.5
10195.5
8175.0
592.0
7366.0
8838.5
3278.0
8081.0
7157.5
3352.5
3753.0
961.0
6189.5
4696.0
4297.0
4313.0
4797.0
6743.5
8021.0
1479.0
3517.5
2334.5
6207.0
2871.0
7371.0
2847.5
7248.5
5453.5
2181.5
3553.0
6536.0
7104.5
13205.0
2523.0
5705.0
0
5373.0
809.5
6058.5
4984.5
8626.0
68.0
739.0
3653.5
471.0
12785.5
4077.5
5238.0
858.0
3255.5
5334.5
221.5
7365.0
4356.0
887.0
9563.5
8059.5
7379.5
3082.5
5454.5
734.5
8629.0
1506.0
3760.0
3615.5
8484.0
5689.5
5250.0
7767.0
5868.0
9062.0
4307.0
7139.0
6333.0
3285.0
5693.0
5559.0
1346.5
7849.5
4811.0
8691.0
2957.5
5619.0
5556.0
2522.0
3781.0
7953.5
2320.5
7515.0
8767.0
5261.0
2420.0
6163.0
11249.5
9667.5
4662.5
6693.5
948.0
5252.5
1981.0
6175.5
0
68.0
686.0
6801.0
8101.5
1413.0
7199.0
515.5
9168.0
6594.5
2144.5
401.0
8968.0
7538.0
2908.0
848.5
9006.5
7141.0
9526.0
771.0
6472.5
0
10000.0
4977.0
7916.5
8426.0
5512.5
7230.0
0
10806.0
11295.5
6279.0
6047.5
2356.5
6257.5
9048.0
10058.5
6309.5
8046.5
6936.0
9413.5
0
4903.5
5883.0
8835.5
1279.5
9106.5
7088.0
126.5
7603.5
8637.0
7133.0
6421.0
11619.0
3246.0
5797.0
10030.0
10089.0
1142.5
4630.0
2726.0
6955.0
8107.0
9037.5
4138.0
10805.5
6784.5
6572.0
11222.0
2686.5
6479.5
0
6.5
6645.0
0
4267.0
68.0
7633.0
0
2246.0
0
7998.5
4329.0
1801.0
0
7366.0
0
9464.0
7858.0
3759.0
2635.0
642.0
5907.5
7880.0
9456.5
5134.5
10463.5
7574.5
0
7641.5
3106.5
8151.0
2032.5
11240.5
7259.0
8624.0
5524.5
1746.0
4537.0
3694.0
1067.5
1823.5
1884.5
126.5
438.5
3347.5
7149.0
5016.0
0
4964.0
1123.0
2327.0
5812.5
4700.5
6810.5
4381.0
3298.5
489.5
7556.0
0
9711.5
13161.0
4318.0
8197.0
12921.5
5205.5
8762.0
719.0
5690.5
1070.5
2390.0
6387.0
9267.5
1320.5
2566.5
138.0
1541.5
2210.5
5357.5
2758.5
2176.5
2919.5
787.0
6150.0
2955.5
68.0
407.0
9084.5
841.0
5480.0
8144.5
7796.5
10089.0
471.0
2476.0
10417.5
2685.0
953.5
10221.5
9443.5
7120.5
5607.5
9787.5
128.0
4860.0
3439.0
8858.0
8728.0
9257.5
1921.5
9455.5
3085.0
126.5
3522.5
5808.0
4905.5
6583.0
126.5
3186.0
3514.0
6190.0
5110.5
6922.5
2406.5
348.5
3730.5
9118.5
12002.0
5773.5
2421.0
4967.5
5117.0
5362.0
3636.0
4347.5
5948.5
6907.0
7327.0
13562.0
901.5
4188.5
6928.5
8681.0
6281.0
5368.0
581.0
5356.5
7749.5
7705.0
6788.5
3897.5
2782.0
2658.0
6123.5
6854.0
0
6838.0
716.0
6953.5
5155.0
10846.0
4242.5
2526.5
10032.5
7160.0
2361.5
7750.5
5081.0
6402.5
6420.5
3209.0
6769.5
5808.5
4091.5
8824.5
68.0
3977.0
1686.5
2133.5
8999.5
1182.0
764.5
6776.0
1811.5
10465.5
7576.5
138.0
5318.5
8681.0
5358.0
10089.0
138.0
7222.5
4457.5
4589.5
5207.0
4172.0
8975.0
3064.5
4482.5
2082.0
7399.0
8420.5
10256.5
3360.0
5128.0
8164.0
3006.5
3724.5
9994.0
6446.5
6318.5
2308.5
8467.5
7036.5
3896.0
6732.0
3172.0
10054.0
5836.0
2915.0
3855.0
9526.0
9425.0
4586.5
7141.0
0
5447.0
4927.5
2460.5
8092.0
8764.5
7266.5
5073.5
7587.0
8926.0
4353.5
4212.0
6542.5
2184.5
8500.0
5629.0
1038.5
10101.0
6152.0
2510.0
7658.0
10257.5
1758.0
7115.5
717.0
5433.0
418.5
5921.5
370.5
12061.5
3911.0
6479.0
6739.0
8373.5
4490.0
9995.0
7514.5
3949.5
8467.5
3543.0
2834.0
4873.5
6370.5
11350.0
9981.0
3127.5
5257.5
2899.0
9330.0
5330.5
5885.0
138.0
6453.5
7320.5
186.5
1087.5
10997.0
7858.0
4094.0
179.0
7760.5
2757.5
3278.5
9860.0
6744.5
10978.0
5593.0
752.5
300.5
5921.0
2332.0
952.5
5145.5
2727.0
4533.5
10082.5
126.5
8023.5
10195.0
6005.5
1617.0
8310.5
1922.0
8953.5
3005.5
11208.0
0
7072.5
9014.0
4968.0
3981.5
6672.5
3751.0
7365.0
11533.0
8673.5
6422.5
1214.5
3751.0
5128.5
7618.0
6606.0
5965.0
7102.0
183.5
916.0
9875.0
9319.5
7177.5
5482.0
1222.0
5100.5
7387.0
2844.5
8300.5
5028.5
7137.5
10532.0
2617.5
11853.5
2512.0
8356.0
8920.5
7765.0
2597.5
3687.5
7251.5
7585.0
10796.0
10270.5
6846.0
5228.5
8300.0
1678.0
13294.5
10180.5
8093.0
12694.0
8258.0
8522.0
8248.5
9288.5
7767.0
11312.5
10831.0
2277.0
6689.5
7383.0
7953.0
9153.5
5917.5
7770.5
5513.5
7293.5
8973.5
8802.5
2547.5
7021.5
1051.0
5916.5
1311.0
115.5
9994.5
5576.0
186.5
2835.0
6943.5
3164.5
257.0
9565.0
8613.0
12260.5
7128.5
7705.0
5877.0
1657.5
2945.5
5221.5
2511.0
3598.0
7233.5
2775.5
5427.0
9441.0
4870.5
285.5
2185.5
1557.0
7436.5
9524.5
8584.0
2543.0
3823.5
3515.0
6077.0
7358.0
631.0
1663.5
4338.5
7081.0
5310.0
4213.0
1877.5
8394.5
12291.0
5779.0
2324.0
6357.0
5767.0
3529.0
4971.0
2919.0
2729.5
2896.5
5716.5
4044.5
13258.0
6114.5
7720.5
9802.0
8868.0
4090.5
8747.0
736.0
3017.5
7865.5
6030.0
6813.0
4639.0
5254.5
7793.5
9574.0
126.5
7737.0
6175.5
15143.0
126.5
3964.5
3790.0
10099.0
7374.5
6009.5
698.5
4093.0
6502.5
7224.5
5745.5
6108.0
9022.5
10588.5
126.5
8004.0
1413.5
8396.0
8482.0
4597.0
905.0
8800.0
8658.5
9129.0
6211.5
4159.5
3253.0
7601.0
6235.0
4925.5
3945.0
1481.0
2642.5
10910.0
8009.5
7515.5
5005.0
2172.0
2606.5
13343.5
2615.5
2524.0
4125.0
8268.5
1437.0
4207.0
7135.5
5600.0
1099.5
4833.0
9374.0
2691.5
12853.5
6809.0
9339.5
6798.5
4330.0
10000.5
383.0
5290.0
5795.0
4344.5
3488.5
13187.5
5396.5
11370.0
6907.5
9988.5
8782.5
2736.5
461.0
6257.0
1242.5
3569.0
138.0
126.5
2903.5
8324.5
10185.5
4850.5
2910.0
0
771.0
8098.0
11898.0
4224.0
8720.0
8434.0
6824.0
2494.5
3595.0
11040.0
1421.0
7761.0
8878.0
4146.5
2719.0
6740.5
424.0
9358.0
6905.5
8416.0
8085.0
9770.0
3922.5
1070.0
0
3609.5
8439.0
4035.0
1378.0
8482.0
7774.5
7593.0
2234.0
9107.5
8731.5
6128.0
8254.0
6618.0
6741.0
7021.0
10086.5
3293.5
7082.5
2968.5
0
8759.5
2300.0
3789.5
7133.0
2204.0
383.0
4432.5
8686.5
8358.5
10957.0
7540.0
2425.0
6990.0
3780.5
10257.5
3474.5
7794.5
5727.5
9749.5
8944.5
9612.5
5658.0
9620.5
4513.5
3142.5
5428.5
7488.5
3119.5
3309.5
0
68.0
3029.0
3561.5
10814.5
5017.0
3149.0
905.5
6650.5
7001.0
0
5806.5
10200.5
7492.5
6322.0
12670.0
8003.5
5933.0
1275.5
12284.0
7095.5
6287.0
2583.5
6799.0
10056.5
6001.0
5017.5
10047.5
1532.0
7948.0
9786.5
4764.0
6248.5
2066.0
5430.0
8870.5
4655.0
2864.0
2168.0
6851.0
419.5
11010.5
2611.5
8818.5
5750.5
6726.0
790.0
6703.0
6762.5
5839.5
5169.5
10510.0
945.5
4604.0
0
6184.0
7687.5
6436.5
10971.5
10693.0
6645.5
1423.0
6934.0
7147.5
757.0
8640.5
4364.5
126.5
7097.0
9257.0
6041.5
4792.5
8863.0
7530.5
6522.5
6904.0
1905.0
7326.0
7976.0
5379.5
9919.5
0
3295.0
8168.0
1043.0
3202.5
11391.0
8619.5
9628.0
7850.0
7300.0
6265.5
4071.5
5929.0
418.5
9303.0
4090.5
10125.0
489.5
721.5
4412.0
4128.0
3476.5
8828.0
598.0
7371.5
7008.5
68.0
0
5461.0
10759.5
6372.5
438.5
8562.5
1802.0
9679.5
10742.5
3536.5
7236.5
6861.0
9199.5
6058.0
8991.0
10422.0
3206.0
11190.5
2718.5
1814.0
4829.5
1828.5
5108.5
2854.0
1663.5
419.5
7590.5
13247.0
5821.5
4702.5
1632.5
8256.0
10057.0
2554.5
6509.0
126.5
4412.0
8224.5
6420.0
8373.5
5961.0
2030.5
13596.5
6523.5
2218.0
6951.0
9669.5
0
8689.0
6974.5
6671.5
6731.5
348.5
2286.0
7524.0
10683.5
0
10049.5
0
4559.0
10747.0
913.0
5332.5
10307.0
5693.0
5217.0
9616.5
5386.0
4677.0
4834.0
5264.5
5746.0
2619.5
11604.5
365.5
6380.5
5562.5
1547.5
7478.0
9956.0
3462.0
9302.0
6638.5
12728.0
2213.5
7432.5
9950.5
2848.5
0
5851.0
11766.0
7254.5
5792.5
6491.0
1287.0
6667.0
10729.0
7954.5
7930.5
12731.0
9629.5
5974.0
7138.5
4673.5
3938.0
5305.5
3029.0
7542.5
9306.0
7931.5
4738.0
13530.0
0
1158.0
1549.5
10811.5
9286.0
7703.0
8409.5
4624.5
0
9231.0
489.5
4207.5
2340.5
5842.0
10052.0
831.0
1507.5
596.5
9153.0
11639.5
4732.5
11213.5
12330.5
2665.0
7966.5
0
9076.5
0
7612.5
7449.0
8336.5
4867.0
2621.5
5575.0
9107.0
4282.5
8210.0
7712.5
68.0
885.5
6555.5
6497.0
2348.5
5918.5
7591.0
8209.0
7048.5
5280.5
7532.0
8328.5
0
5773.0
4431.0
3452.0
938.0
5621.5
6275.0
7224.5
5733.5
5770.0
6213.0
5834.5
7611.5
4796.5
10919.0
9455.5
4351.5
8817.0
5780.0
5708.0
3061.0
7604.0
2275.5
3845.0
4531.5
5251.0
2249.5
6041.0
7504.0
7922.5
0
6908.0
9245.5
348.5
7142.0
6559.5
8118.0
887.5
2109.0
6815.5
8664.0
0
8223.0
8496.5
4164.0
1067.5
138.0
6931.5
4454.0
9930.0
0
9717.5
566.0
1934.0
6048.0
7022.0
3428.5
7508.0
4841.0
8213.5
4370.5
3442.0
12633.5
6986.5
10858.5
6362.0
6574.0
5098.0
7377.5
7876.0
3422.0
9096.5
435.5
0
10476.5
6839.0
3572.0
7490.5
3963.0
8423.0
9726.0
2522.0
10054.5
9822.0
7438.0
2004.0
8675.0
3974.0
10549.0
2622.0
2143.0
10638.0
6220.5
8040.0
11287.0
4480.5
5698.5
3036.5
0
770.0
7775.0
6908.5
3503.0
9400.0
2033.0
8666.0
7702.5
7349.5
4517.5
8041.0
11156.0
0
7054.0
771.0
3845.5
1704.0
822.5
3951.0
3064.0
471.0
7393.5
6614.5
9030.0
489.5
0
3835.0
6114.0
7195.5
9835.5
1013.5
5619.5
5067.0
7313.5
8121.0
8732.5
0
2627.0
4140.0
3974.0
4555.5
10778.0
12164.5
6524.0
10051.5
5100.0
5153.5
3199.0
6396.5
5788.5
7913.0
2252.0
9617.0
2987.0
348.5
9486.0
624.5
2146.0
0
0
10534.0
8344.5
8799.5
7570.0
9777.5
7671.0
7871.0
6514.5
8257.0
11711.5
6911.5
9750.0
5228.5
4979.0
419.5
13311.5
11564.0
0
7291.5
4839.5
8027.0
8863.0
6084.0
5769.0
11338.0
0
0
5794.5
680.5
11692.5
0
9347.5
0
5910.0
0
8947.5
3813.5
7400.0
8111.0
8551.0
8507.5
2863.0
9392.0
0
5627.0
7121.5
4707.5
1119.0
2992.0
4815.5
0
729.5
0
8980.5
7715.0
2935.0
2639.0
3086.5
0
9562.5
4793.0
0
0
6588.5
8119.5
138.0
6987.0
10673.0
8224.0
11724.5
4153.0
5734.5
7441.0
3043.0
8829.5
8754.5
9548.0
6709.0
2427.5
2847.5
3605.5
3506.0
0
2177.5
0
9981.5
3014.0
1475.0
0
6606.5
5068.0
8048.0
0
5133.0
12020.5
0
0
0
0
5330.0
0
0
716.0
6976.5
8396.5
5033.5
704.5
4949.0
10116.0
7103.5
1195.5
6369.0
5968.5
1840.0
6715.0
8077.5
7511.5
7861.0
5784.0
0
10622.5
0
2544.5
0
0
12930.0
2721.5
3273.0
2998.5
11888.5
8044.0
8610.0
9975.0
0
3256.5
6870.0
0
0
0
126.5
8207.5
7764.5
4690.0
4682.0
0
5638.5
7685.5
5224.0
0
0
6965.5
0
4329.5
0
0
3712.0
0
7083.0
8072.0
5382.0
4797.0
3635.5
448.5
0
0
5346.5
9738.0
5437.5
10524.5
9223.0
0
0
3563.0
0
2401.0
126.5
9407.5
0
2963.5
0
10720.5
3927.0
0
10093.0
1740.0
8604.5
0
8903.5
10338.0
126.5
0
5664.5
68.0
0
10080.5
6578.0
0
3995.0
0
10278.0
7870.0
8753.0
4423.0
7382.5
0
7560.0
10073.0
10417.5
0
2879.0
7119.5
1913.5
8713.0
7278.5
0
8223.0
0
0
2887.0
12506.0
10936.5
7820.5
4415.0
4194.5
13192.0
6633.0
5936.5
9986.0
6783.0
9428.0
3784.0
6800.5
8046.0
6892.5
8628.5
0
126.5
6165.0
5653.0
6576.5
0
10532.5
10002.5
5196.5
2092.0
9588.0
9112.5
5374.0
6778.5
7723.0
4571.0
8821.0
2753.0
9173.0
8947.0
6168.0
3954.5
3720.5
10585.0
9442.0
7081.5
0
3779.5
6045.5
5633.0
5745.0
0
5635.0
6373.0
0
8014.0
2325.0
9038.0
12754.0
1067.5
2320.5
0
6702.5
0
10040.5
10909.0
5599.5
5728.0
1049.0
5321.5
4332.5
0
6397.0
4030.5
8959.5
8673.5
3646.5
4736.5
7136.5
8309.0
0
8057.5
7819.5
5034.0
5251.5
4968.5
3743.0
5962.0
12372.0
7688.0
3226.5
6700.5
5987.5
11910.0
10436.0
7302.0
9262.0
6020.5
435.5
5321.5
1305.5
5254.0
629.0
3389.5
3902.5
4987.0
5618.5
10596.0
11552.0
5839.5
8076.5
3184.5
7565.5
4437.5
4963.5
10857.0
6948.5
0
5871.0
0
9558.0
867.5
5270.5
1491.5
7530.5
7241.0
7918.0
1964.5
8110.5
6302.5
5246.5
5495.0
7292.5
7938.0
418.5
5857.5
6305.0
3866.5
6863.5
7478.0
1366.5
9939.0
10580.5
4444.0
12803.0
8476.0
3696.5
6451.5
6645.0
7196.5
7261.0
1390.5
7023.5
7679.0
9721.0
8518.5
10155.5
0
0
7182.5
4413.5
7758.0
10030.5
7293.5
3863.5
8856.5
8090.5
6074.0
8055.0
11809.5
3082.5
5473.5
2175.0
5298.5
5711.5
8112.0
5053.5
3386.0
10196.0
9325.0
7500.5
6581.0
9087.5
6304.0
5927.0
5111.5
4942.5
4813.5
5846.0
4357.0
2419.5
5314.5
3914.0
7241.5
7331.0
4224.0
471.0
9061.5
9684.0
9427.5
7059.5
8712.0
4703.5
10224.0
7357.5
7467.0
2180.5
7682.0
8897.5
8513.5
4759.0
1760.0
7785.0
438.5
8669.5
6432.0
8585.0
9723.5
4545.0
1776.0
3300.0
7772.5
3846.5
11012.5
8146.0
5783.0
9220.0
7606.0
7987.0
11467.0
8755.5
8764.0
8207.0
9407.0
7991.0
8779.5
4060.0
6071.5
7017.5
6739.5
3831.0
11845.0
3809.5
8014.5
5511.5
6381.0
11221.5
3152.0
2422.0
7480.5
3245.0
6138.0
6344.0
365.5
1801.5
7852.5
7378.0
1902.5
6738.5
7924.0
8663.0
1346.5
0
8874.0
5840.0
7525.0
7802.5
6311.0
3545.5
7954.5
7252.0
7770.0
7445.0
10964.5
2694.0
4334.5
3740.5
2184.0
9089.0
7343.0
2909.0
2575.5
2903.5
3747.5
6392.0
9265.5
7339.5
7460.5
7443.5
10872.5
4567.0
2987.5
2015.0
9371.0
7378.5
508.5
4280.0
1858.5
2760.5
6380.5
6766.0
3330.5
6755.5
9673.5
7458.0
8896.5
2783.0
5255.5
2658.0
5737.0
9988.5
3542.5
7769.5
7657.0
6316.0
6305.0
5247.0
12161.5
5879.0
68.0
5789.5
4153.0
6601.5
1883.5
8752.5
7734.5
4144.0
5624.0
5702.0
11894.0
7845.5
6190.5
10384.0
7200.0
6336.5
8078.0
7312.0
8075.5
6959.0
8210.0
7663.5
8708.0
4127.5
9724.0
2776.5
3715.5
3495.0
8580.0
0
5425.0
9509.5
6405.0
0
5762.0
12217.0
4499.0
7232.5
1129.0
6204.5
6405.0
5695.5
3425.0
8261.0
4567.0
8434.5
1087.5
6467.5
1608.0
374.5
9410.5
3803.0
1648.0
10965.0
9852.5
9081.5
7329.5
5887.0
6284.0
11445.0
681.5
5321.5
15783.5
5313.5
3749.0
5918.5
10262.5
7241.5
8671.0
7897.5
6923.0
8145.0
8230.0
2256.5
7870.0
4765.0
7267.0
9149.5
3748.5
10445.5
7743.0
6825.0
126.5
8752.0
5458.0
7856.5
3523.0
6414.0
7133.5
5365.5
10365.5
11003.5
0
8717.0
6879.5
8384.0
9392.5
7284.0
7629.0
5064.5
8139.0
4253.0
3159.0
9724.5
4859.5
5415.5
9482.0
8393.5
7734.5
4228.5
5047.0
7930.0
3506.0
478.0
4266.5
7599.0
812.0
7011.0
8514.0
6344.0
0
5422.0
6279.0
4975.5
5745.5
4206.0
2221.0
4476.0
3699.5
3018.0
4612.5
8105.0
700.0
8863.5
5774.0
12374.5
3812.0
11289.0
6212.5
6396.5
7583.5
7268.0
8137.5
7741.0
8756.5
3499.0
1883.5
9461.0
5669.5
6277.5
6952.5
6753.5
5675.5
1866.0
7528.5
2500.0
7747.0
6669.0
8682.5
7315.0
6085.0
6076.5
7661.5
6537.0
8884.5
3248.0
1723.5
6056.5
5569.0
5044.0
4381.0
6028.5
3861.0
3823.5
5224.5
2290.5
5662.5
126.5
2915.5
6912.5
7318.5
3641.5
8344.5
2510.5
424.0
3074.0
4918.5
5128.5
8088.5
6016.0
5632.5
7680.5
7843.0
717.0
6295.0
2524.5
8269.5
6068.5
2032.0
6515.5
4727.0
6079.5
2121.0
7618.0
9600.0
1946.0
0
7568.5
4893.0
2250.5
1957.5
4472.5
1457.5
4554.5
6136.0
7475.0
8424.5
5444.0
5516.5
2452.5
4881.5
2059.5
2641.5
1070.5
2958.5
5771.5
6331.0
7671.0
7312.0
8888.0
1983.0
6029.0
4959.5
5821.0
4691.0
7058.5
6424.5
4461.0
6726.0
6032.5
6016.5
7267.5
6951.5
1127.0
3395.0
8924.5
4887.0
7322.0
2424.5
7536.0
3589.5
4888.0
1897.0
2096.5
1356.0
2935.5
5070.5
8042.5
4197.0
6173.5
4817.5
4930.5
6193.0
5653.5
7293.0
4432.5
6698.0
9724.5
6390.0
8177.0
3370.0
8409.0
2794.0
6397.5
138.0
1439.0
3263.0
3031.0
7258.5
2285.0
3247.5
3581.0
5709.5
6175.5
1024.0
7804.5
7219.0
2503.5
0
1367.5
5552.5
0
8711.5
7539.5
2583.5
3452.5
2389.0
0
1744.5
8059.5
6274.5
5412.0
554.0
6043.5
3012.5
3731.5
4438.5
6781.5
7907.5
6258.0
7385.5
6123.5
6761.5
0
1193.0
9321.0
10156.0
6472.5
8286.5
8171.5
2818.0
6343.5
9296.5
8887.0
4160.0
2405.0
7304.0
7838.0
7757.0
6071.0
5541.5
7541.0
6937.5
3004.0
8733.0
828.5
7031.0
8572.5
7723.5
8677.5
5588.5
8183.0
5752.5
0
2403.0
1681.5
1548.5
4638.0
8599.5
8985.5
7071.5
9104.0
7106.5
7280.0
9988.5
7237.5
4697.0
6897.5
1708.5
6702.0
9263.0
9995.5
418.5
581.0
6031.5
8692.5
5886.5
14987.5
6439.0
6791.5
2587.0
1738.0
5173.0
9144.5
5754.5
1962.0
6996.0
3057.0
10111.5
7950.0
6016.0
9013.5
6085.0
3702.0
4116.5
6266.0
138.0
6834.0
6437.5
10442.0
4621.5
8749.5
5509.0
0
5801.5
0
4080.0
2150.5
7071.0
8228.5
435.5
4404.0
1760.0
7066.5
10168.5
3985.5
3674.0
7383.5
6863.5
8756.0
3429.5
8111.0
6718.0
1234.5
7783.0
8220.0
7549.0
4659.0
5524.0
5907.5
11809.5
8251.5
7245.5
7568.5
6800.5
9502.5
5328.5
3718.5
5857.0
3267.0
257.0
3192.0
6635.0
8327.5
591.5
1860.0
10218.5
6213.0
8332.0
6265.0
5523.0
2071.0
7848.0
9716.0
9032.0
6866.5
13416.0
4830.5
9418.5
6885.5
5598.0
8192.0
9165.0
4395.0
10442.5
6994.0
7565.0
4325.5
7368.5
3375.5
1818.0
1315.0
7925.5
68.0
8673.0
1412.0
2105.5
0
302.0
5397.5
3622.0
8405.0
2560.0
10482.0
5055.5
4769.0
6997.0
4488.5
9344.0
10609.5
6409.5
3740.5
902.5
6127.0
7123.5
8325.5
6100.0
7260.0
4513.0
1409.0
10807.0
8666.5
9559.5
1594.0
126.5
7290.0
3072.5
6756.5
7935.0
2440.5
1986.5
860.5
7586.5
4085.5
6250.5
6140.0
6966.0
126.5
3013.0
10502.0
2323.5
8641.5
6436.5
7228.0
2875.5
8455.0
8947.0
3965.5
6497.5
4279.0
5580.0
6797.5
786.0
68.0
6667.5
7570.5
5825.5
7447.5
1999.0
3443.5
2817.0
2072.5
10110.5
4066.0
1895.0
1525.0
0
6231.5
7150.5
5760.5
5196.5
9905.5
4172.5
7065.5
7481.0
10065.0
0
5972.5
5768.5
8021.5
8783.0
9962.0
6019.0
363.5
6418.0
3322.5
2336.5
0
126.5
13250.5
1372.0
8571.0
4312.0
12021.0
3180.0
438.5
1398.0
4664.0
6876.0
4892.0
310.0
8721.0
7686.0
6994.0
6017.5
419.5
4630.0
489.5
6727.0
6143.0
5243.0
1378.0
419.5
6775.5
4121.0
10858.0
1802.5
6133.5
5827.5
1034.0
5185.5
2494.0
0
7142.5
9724.5
3721.0
8343.0
6598.0
7285.0
686.5

8210.5
9325.0
1996.5
5477.0
777.5
6942.5
7192.5
5595.0
2511.0
0
1658.5
2404.0
3753.5
5981.5
2996.0
5453.5
777.0
2525.0
7342.0
5999.5
4063.5
9855.5
8023.0
5305.0
8191.0
1595.5
6109.5
5556.5
4796.5
7854.0
9111.0
9900.5
6749.5
68.0
2017.0
4155.5
7574.5
7258.0
489.5
7213.5
2860.0
11147.5
9376.5
4089.5
4306.5
4678.5
7913.0
7463.5
6086.5
637.0
3315.5
2119.5
3936.0
7667.5
6986.5
6841.5
0
11198.0
10456.5
5369.5
1318.5
5430.5
8076.0
646.0
3827.5
3668.0
14312.0
6817.0
4614.5
3281.0
4708.5
7875.0
3675.0
4137.5
7755.5
419.5
8668.5
7746.0
4878.0
4817.5
3700.5
5673.5
3034.5
6904.0
6454.0
4202.5
7677.5
9237.5
5823.0
8606.0
10538.0
12022.5
10279.5
0
0
3684.0
8808.0
9059.0
2826.5
4197.0
4224.0
4543.0
5837.5
11834.5
9553.0
5503.5
10012.0
6570.0
12532.5
7012.5
6338.5
7008.0
8931.5
0
0
4768.0
8994.5
0
9608.0
9032.0
6457.0
6935.5
4419.0
8891.5
3973.5
7266.0
3136.5
7827.5
68.0
8956.0
3599.0
7756.5
5670.5
9138.5
0
8729.5
6610.5
777.5
6624.5
0
7723.5
3965.0
6101.0
3877.5
9090.5
5503.5
7350.0
0
2338.0
846.5
11013.5
934.5
7909.0
3779.5
8569.0
10291.0
8499.0
5838.0
1421.5
6891.0
357.0
1838.5
4597.0
5967.5
6133.0
5846.0
6785.5
3642.5
8516.5
0
6681.5
183.5
4441.5
2597.5
9439.5
7391.0
8349.5
6179.0
2273.0
5139.0
10115.5
7199.5
11441.5
0
7019.0
5424.0
2227.5
4151.0
4673.5
1321.5
8098.5
6922.5
0
8414.0
10191.0
9830.5
6993.5
5852.5
4181.0
6761.5
0
419.5
11783.5
2362.0
4320.0
6304.5
8089.0
3306.0
2091.0
8453.5
1601.5
9975.0
6957.0
6221.0
2838.0
10502.5
3666.5
3862.5
3142.5
5738.0
1521.5
2418.0
2896.0
173.0
0
6212.0
3038.0
6503.0
8773.0
6221.0
0
478.0
9301.0
6164.5
7920.0
0
1054.0
7002.5
6904.0
5570.0
5373.0
8682.5
3815.0
1074.5
8195.0
6699.5
9512.0
7702.5
8949.5
7433.5
6179.5
7634.5
0
1211.5
7134.5
5663.0
9210.0
9825.5
6327.5
10116.5
6608.0
5903.0
4701.0
4493.5
10996.0
4378.5
6250.0
0
5838.0
10275.5
438.5
10220.0
10304.0
8500.5
68.0
7446.5
0
4581.0
4695.0
1770.5
7882.0
6741.0
6223.0
0
9866.0
10922.0
8481.5
8640.5
4496.0
789.0
5524.5
2013.0
9403.0
3095.0
7333.5
9516.0
9611.0
183.5
2301.0
4821.0
5433.0
4669.5
7078.5
489.5
12989.0
0
5763.0
11861.5
4530.5
4197.5
6052.5
2672.5
997.5
4442.5
10454.0
6611.0
4554.5
5642.5
2880.5
10251.5
1585.5
0
7125.5
10676.5
10245.0
0
5646.5
3735.5
8503.0
5753.5
8402.0
2923.5
285.5
9179.5
8834.5
5759.5
7662.5
2081.0
8406.5
7475.0
1448.0
3224.0
5629.0
10912.5
11492.0
2326.0
6780.5
6639.5
3585.5
6109.5
2678.0
6234.0
4989.0
7791.5
7416.0
3661.0
9709.0
9313.0
4308.0
13772.5
2609.0
0
0
9698.0
0
9037.0
6952.0
10609.0
3850.5
2615.0
5454.0
3457.5
0
3837.5
4352.5
0
8912.0
3694.0
0
7603.0
6140.0
5188.5
5909.0
3579.5
8647.0
6711.5
0
0
0
5292.0
6730.5
3575.0
0
9306.5
7435.5
4217.0
8669.5
0
7650.0
0
8750.5
0
8051.5
7552.5
5205.5
6956.5
1572.0
0
8018.5
881.5
3991.5
0
0
3218.0
10285.0
3233.0
1807.5
0
528.0
9826.5
9792.0
7009.5
0
2504.0
8029.5
5831.0
8661.0
9741.0
8008.0
4841.5
0
12338.5
4236.0
11799.0
8061.5
4379.0
6308.0
5922.0
12694.5
8037.5
9243.0
891.5
5090.0
6576.5
7643.0
2620.5
7560.0
10695.0
10297.0
726.5
3229.5
7349.0
7632.5
8296.0
0
8822.5
10003.5
748.5
5550.5
4485.0
6717.0
11477.5
4814.5
4474.5
5381.0
6698.5
438.5
6089.0
11678.0
8587.5
0
6664.5
8543.5
4025.0
0
5733.0
6378.5
2076.5
8541.5
7226.0
6188.5
935.0
3171.0
5820.5
1848.0
3789.0
2694.0
10287.5
9048.5
8143.5
5269.0
0
2703.5
3065.5
9942.5
0
0
8873.5
10117.5
5543.0
8172.5
8744.5
7871.0
5126.5
681.0
8103.5
5451.0
1243.0
1891.0
9264.0
2956.5
2271.0
4866.0
10076.5
7002.0
10682.5
2177.5
5743.5
11718.0
4229.0
2971.5
7435.0
126.5
9598.0
5629.5
1754.0
8637.0
1770.0
68.0
7589.0
2052.5
3913.5
5859.0
8803.5
8754.5
6488.0
10977.5
8920.0
5825.5
9288.0
3572.0
7754.5
7987.0
9199.0
11820.0
7730.5
1777.0
0
4221.5
903.5
7021.5
6711.5
11063.5
2441.0
5226.5
8387.5
4194.5
6976.0
6794.5
7233.5
7100.5
6268.5
1438.0
5849.5
867.5
9316.0
3335.0
2223.0
6283.0
5953.0
4532.5
1267.5
10873.0
6980.0
3711.5
9067.5
11863.5
2360.5
0
6085.5
8952.5
3433.5
2245.0
7620.5
10215.5
12405.0
8994.5
6076.5
68.0
0
7279.5
126.5
2825.5
4294.5
1274.5
9825.0
2985.5
7436.5
613.0
9197.0
7001.0
407.0
6950.5
478.0
10567.5
686.5
8073.5
6792.5
7785.0
0
4379.0
0
3738.5
10012.5
8745.0
1145.5
7697.5
4954.5
5408.0
1742.0
5177.0
1066.0
1901.0
1156.5
8233.0

0
6543.5
10572.5
11499.0
9280.0
7259.5
3861.5
9503.0
9555.0
5921.5
3429.5
1465.0
790.0
10053.0
3820.5
6186.5
7817.5
4902.5
3553.5
8046.5
0
9078.5
8305.5
9380.5
8522.0
4848.5
8183.5
9481.0
6941.0
3843.0
10480.5
5418.5
7397.0
8980.0
7236.0
8194.0
2722.0
5345.0
4023.0
5637.0
7835.5
10990.0
4585.5
6720.5
3328.5
2569.0
4120.0
2279.0
190.5
6564.0
7995.0
6500.0
3367.0
8983.0
3898.5
6699.0
7046.5
6146.5
7929.5
3499.5
1923.5
2345.5
9524.5
6415.0
8853.5
5051.5
15147.5
7700.5
5222.5
3485.5
6059.0
7952.5
8181.0
5201.0
5936.5
1669.5
0
6746.5
8140.5
6299.0
7199.5
12683.5
3144.5
8073.0
6809.5
7475.0
8447.5
8902.5
3622.5
4768.5
5761.5
2494.0
7417.5
6173.0
8432.5
11738.5
11332.0
12018.0
6707.5
2730.5
10264.0
2803.5
9897.5
6050.5
4524.0
6569.5
6077.5
5544.0
10056.0
5908.0
4154.5
5275.0
10180.0
9629.5
12347.0
2861.0
478.0
2549.5
1322.0
0
11006.5
6343.5
11709.5
2308.5
6622.0
3028.0
2975.0
10138.0
6360.5
0
4076.5
7576.0
3847.5
9867.0
5472.0
497.0
4825.5
11070.5
886.0
5171.5
9902.0
5101.0
10059.5
6959.0
5142.0
8568.0
12547.5
12647.5
5409.0
508.0
1668.5
3717.5
6183.5
5850.5
12694.0
2373.0
10745.0
10016.5
6363.0
7815.5
7653.0
4417.5
3302.0
4633.0
10177.0
6277.5
0
5990.0
12900.5
0
6752.0
5899.0
10971.5
4489.5
5177.0
5469.5
2017.0
8334.0
7114.5
2669.5
8011.0
6100.5
10604.5
2509.5
8706.5
1246.5
3161.5
7458.5
8202.5
11824.0
7126.5
771.0
11107.0
3024.5
1959.5
5845.0
4559.0
10398.0
11803.5
3934.5
7393.5
1146.5
7741.5
966.5
7543.5
2223.5
5715.5
7702.5
3921.5
7305.0
1034.5
8299.0
8312.5
7696.5
1422.0
459.5
7903.0
1609.0
7484.5
8564.0
6882.5
10804.0
4077.0
904.5
0
2286.5
6104.5
8276.5
2804.0
1756.0
13797.5
13797.0
5721.5
4552.0
3996.0
5178.0
7933.5
6357.5
9168.5
2345.5
10285.0
8696.0
3519.0
6985.0
2320.5
5968.0
4449.5
8329.0
138.0
6563.5
3919.5
11039.5
2828.0
4994.0
9021.0
3582.0
4379.5
7407.5
3574.5
8957.0
7512.0
7345.5
3826.5
5587.5
7584.0
0
4721.5
3995.5
8021.5
5421.5
5567.0
2296.0
6400.0
6042.5
5520.5
8398.0
2400.5
5503.0
4378.5
5194.5
11449.5
6562.5
13042.0
5989.5
9973.0
5805.5
6398.0
4850.5
68.0
9082.0
3005.0
7845.0
4963.5
3374.0
5842.5
2219.0
2386.5
7384.0
6929.0
1885.0
2088.0
10915.0
967.0
6612.0
8765.0
3611.0
7785.5
8380.5
1174.0
12261.0
6394.0
8285.0
9093.5
1262.5
5542.5
8309.0
2201.5
11407.0
7846.0
2864.5
8666.5
4194.0
6533.0
4817.0
8749.0
8750.5
126.5
9329.5
12994.0
68.0
5946.5
1106.5
4990.0
8791.0
6998.0
4796.0
6517.0
9621.5
2126.5
9187.5
5568.5
8356.0
8332.0
8323.0
6247.0
1135.0
6940.5
4535.0
4802.0
6684.0
7399.5
2807.0
1639.5
10564.0
6999.5
7170.5
0
12262.5
10148.5
5941.0
6267.0
5579.0
8629.0
6052.0
9545.5
829.5
10045.5
2805.0
5776.0
5019.5
2514.5
1996.5
2999.5
1333.0
126.5
5171.5
4371.0
879.5
0
1104.0
2353.0
7696.5
8203.5
194.5
4217.0
9147.0
8741.5
12548.0
6432.5
6801.5
6642.5
11608.5
6375.0
9300.0
2820.5
9800.5
7878.5
3410.5
2213.0
8124.5
138.0
11069.5
5570.0
0
2804.5
8017.5
7081.0
7582.0
7026.0
2416.5
5776.0
2443.0
6348.0
6485.0
9576.5
68.0
3583.0
3012.5
9691.5
3568.0
841.0
7805.0
2135.5
2166.5
3967.0
4658.5
10516.0
7838.0
6552.0
6664.0
6053.0
9738.0
3899.5
6564.0
8351.5
5690.0
3468.5
2467.0
3671.5
4813.0
11812.5
5509.5
1884.5
6054.5
3134.5
7242.0
7725.0
5510.5
663.0
3830.0
1389.5
3057.0
3345.0
1822.5
7036.5
68.0
6853.0
4226.5
6838.0
4307.5
3675.5
8840.5
10235.0
6803.5
4281.5
7996.0
7823.5
6622.5
8784.5
8079.5
5601.5
4591.0
9055.5
2616.0
2632.5
68.0
2778.5
6320.0
10761.0
11169.5
6725.0
10194.0
6749.5
4378.0
3215.5
12378.5
9117.5
5389.5
7196.0
9912.0
6388.0
7960.0
6665.5
288.0
8222.0
8431.0
3055.0
13453.5
8123.5
9281.0
6529.5
9904.5
1635.0
478.0
9295.5
8098.0
4128.0
11024.0
7971.5
6739.0
9522.5
10546.5
11140.0
3066.0
10559.5
7840.5
7148.5
6371.5
11273.0
7782.5
8370.0
5072.0
11094.0
5425.0
5799.0
8447.5
0
419.5
4254.0
68.0
3374.5
7348.0
2846.5
0
1968.5
14995.5
11937.0
481.0
2780.5
8369.0
2904.0
2991.0
68.0
5769.5
419.5
2742.0
6596.5
8811.0
10438.0
9074.0
6487.5
7268.0
9840.5
9139.0
3754.5
0
5925.5
6304.0
7887.5
2486.5
10390.5
11653.5
2635.5
3733.5
9424.5
6564.5
5941.0
10538.0
8437.0
11532.5
7805.0
2621.0
9763.0
9831.0
886.5
9756.0
4350.0
3820.5
4076.5
2224.0
8614.5
7681.5
6589.0
5108.5
7180.5
7353.0
8780.0
6041.0
9381.0
0
7132.5
7098.5
4282.0
68.0
9118.5
8138.5
6099.5
3717.5
7165.0
5499.0
7438.0
5906.0
3920.0
8491.0
6373.0
2819.5
9969.5
12469.5
7330.5
7177.0
8264.0
5878.5
1935.0
5941.0
9992.5
10943.0
0
10242.0
4686.5
0
1315.0
9993.5
5974.0
6295.5
5261.0
0
6772.5
4291.5

3811.0
6629.0
8779.5
1974.0
11377.5
7344.0
11140.0
9688.0
2060.5
8761.0
6474.0
11926.0
2417.5
7686.5
7043.5
5455.5
2526.5
5936.5
6662.0
5832.5
10437.0
1845.0
7932.0
2421.5
8634.5
7285.0
7381.0
3649.5
7671.5
1886.5
0
0
5531.0
10641.0
1000.0
6311.0
3816.5
6769.0
0
2478.0
6764.5
9525.5
3203.5
9384.5
9062.0
3878.5
5492.0
14372.0
6876.0
5840.5
0
7546.0
5527.0
12233.0
9301.0
6054.0
7209.0
8325.0
9232.0
5882.0

8890.0
4006.5
4602.0
8895.5
3925.5
3581.0
8691.5
7427.5
11475.0
4390.0
438.5
138.0
2453.0
8704.0
5677.5
7694.0
6742.5
15317.0
10116.5
5705.5
878.5
6582.5
11121.0
7467.5
438.5
9418.0
5711.0
1871.5
8435.0
2882.5
7811.5
8066.0
7599.0
7178.0
9919.5
10831.0
12560.0
2240.0
6574.0
10899.0
3530.0
4167.5
4838.5
8275.5
2147.0
12395.5
8779.0
9586.5
7208.5
3970.5
6398.0
7836.0
1628.0
3461.0
3469.5
986.5
0
656.5
1790.5
10047.5
11914.5
0
68.0
5025.0
7704.5
8616.5
138.0
2372.5
3891.5
5719.0
2093.0
10062.0
4104.5
8621.0
6222.0
12983.0
4754.5
1193.0
4764.0
6773.5
6096.0
1031.5
348.5
2916.5
348.5
3198.5
6185.0
7010.0
7408.0
8705.5
8604.5
2690.0
0
11418.5
1054.0
10806.0
5290.0
9029.5
8418.0
6187.0
7914.0
0
3215.5
0
6259.5
3931.0
1532.0
7299.5
6585.5
8336.5
5980.5
5833.5
10033.5
4810.0
5667.0
15357.5
6498.0
663.0
11140.5
1147.5
2443.5
2789.0
8056.0
886.5
3250.5
10101.0
11071.5
2731.5
8682.0
14113.5
1709.0
6710.5
9924.0
3006.0
8796.5
0
8213.0
4750.5
13022.5
8104.0
10541.0
9212.0
9016.0
4500.0
10546.5
4214.5
3578.0
4943.0
8780.0
9016.5
5975.5
5488.5
8644.5
9871.5
6307.5
8969.5
2005.5
1896.5
138.0
6198.0
5736.5
1903.0
7206.5
10661.0
10955.5
7109.0
5081.0
11277.5
10044.0
6373.0
5619.5
4800.5
7304.0
10061.0
13419.5
10299.0
8219.5
10345.5
6204.0

6072.5
7085.0
6978.5
7615.0
9587.5
1141.5
3498.0
6646.0
8177.5
11453.0
4022.5
10553.0
10212.0
7131.5
6014.0
7015.5
1123.0
0
7093.5
6796.5
3052.0
9117.0
13345.0
1802.5
10074.5
5278.0
10205.0
6998.5
12591.0
8039.0
5248.5
7139.5
5825.0
2484.5
11451.0
9764.5
4399.5
2137.5
1332.5
6097.5
2965.0
10002.5
1958.5
7557.0
4673.5
8171.0
4872.5
3549.5
1057.5
3259.0
2281.0
3567.0
6825.0
1425.0

3912.0
5150.0
10212.0
743.5
8518.0
7064.0
9504.5
9197.0
5695.5
7767.5
14243.5
2239.5
5506.5
11717.5
3515.0
0
10101.0
7942.5
1889.5
7720.5
3555.0
3210.5
6064.5
10808.0
3437.0
7367.0
3723.0
3558.5
365.5
10145.0
9238.0
6847.0
4821.0
6969.5
5783.5
12800.0
10158.5
3580.5
6131.0
10077.5
2399.0
9308.0
7634.0
809.5
3903.0
14608.5
7553.0
4886.0
459.5
6608.5
4042.5
1516.0
6703.0
3934.0
1641.0
8493.0
2869.0
10955.0
3551.0
10256.0
7672.5
1875.0
8651.5
12188.0
1861.5
8543.0
2209.0
6031.0
6675.0
7758.5
8163.0
8263.0
6035.0
7683.5
10667.0
6611.0
5598.0
10487.5
7231.0
5697.5
9934.5
13213.0
10519.5
4945.0
10562.0
4539.5
2097.5
9969.0
8267.5
8067.0
1868.0
9593.0
1249.5
2780.5
8276.5
8222.0
6959.0
2228.0
10498.5
5547.0
8676.0
4478.0
734.5
6203.0
2470.5
5733.0
3693.5
9580.5
8362.0
9400.5
13125.0
3435.0
7625.5
419.5
4573.0
6205.0
9482.0
6770.5
919.0
3581.5
10300.5
5588.0
6180.0
9492.0
1187.0
1683.0
1794.0
7967.0
8463.5
9041.0
5528.5
1088.5
12392.5
10009.0
10368.5
8290.0
9781.0
8776.5
138.0
3903.5
7148.5
11116.0
6321.0
2309.0
2612.5
6306.0
6855.5
1287.0
2371.5
458.5
5066.5
7399.0
6558.0
9047.0
3331.5
3210.0
3943.5
4330.0
10705.0
9944.5
1335.0
9999.0
3900.0
5720.0
10903.5
0
4663.5
8998.0
68.0
4777.0
2597.0
6437.5
7056.0
0
6536.5
6924.5
3381.5
7921.5
1228.0
4865.5
3453.0
1838.0
4905.5
478.0
6883.5
3408.0
5867.0
4521.5
10471.5
3846.0
9500.5
5973.5
4744.5
9090.5
9373.0
1775.5
7689.5
11804.5
10556.0
6415.5
7477.0
10283.5
8129.5
7895.0
10773.0
355.5
6256.0
6376.5
5285.0
11387.5
7655.5
3686.5
1880.5
3499.0
6015.5
12317.0
8102.0
3046.0
11387.0
11484.5
6852.5
2678.5
0
1875.5
9881.5
5348.0
2072.5
8427.5
9283.0
6563.0
11451.0
7695.5
10117.5
3509.0
7840.0
5776.0
8688.5
5630.5
0
3118.0
6992.5
9586.0
1526.5
1207.5
8373.5
11904.0
1959.5
10769.5
6363.5
11603.0
4669.0
7091.5
7506.5
68.0
6395.0
7932.0
7241.0
5670.5
1578.5
2710.0
5789.5
8940.0
3806.5
10616.5
8616.0
6761.0
10483.5
1947.0
3217.5
6391.0
931.0
8901.5
6062.0
1372.5
928.0
1826.0
4424.0
5520.0
7002.0
9544.0
3399.0
10048.5
1725.0
6261.5
8678.5
4003.5
6932.0
419.5
4573.0
4034.5
6486.0
5406.5
6284.5
7080.5
1340.5
8158.0
7646.0
6041.0
3587.0
6715.0
6707.5
5587.5
6552.0
5858.0
6114.0
7677.0
8397.5
533.0
863.5
8357.5
10068.0
6106.5
5934.5
6983.5
0
8598.5
2970.0
5800.5
4394.5
6235.0
9308.5
4580.5
5082.0
1979.5
2021.0
8377.5
68.0
4469.0
7065.5
11345.0
2330.0
5016.5
6419.5
1350.0
9996.5
4670.0
6932.5
0
10517.5
6767.5
6269.5
4126.5
10128.0
5828.5
10886.0
7599.0
4453.0
3067.0
8842.0
9435.0
7906.5
9800.5
5622.5
5752.0
1479.0
13038.5
6796.5
10420.0
0
11078.0
6374.5
2326.5
10123.5
2760.0
9782.5
7661.5
0
1431.0
3133.5
7619.5
8504.0
7794.0
8073.5
5601.5
4148.5
2339.0
2903.5
2494.0
0
4242.0
8674.0
6223.5
2561.5
2666.5
713.5
6042.5
14880.5
3549.5
9443.5
967.0
9608.0
13193.0
0
8894.5
7161.5
1267.5
995.0
6484.0
4643.5
10346.5
7261.0
7392.0
857.0
4722.0
3072.0
9347.5
10206.5
0
2585.0
10559.0
6797.0
8782.5
2491.0
10155.0
8693.5
4236.0
1142.5
9335.5
11041.0
2115.0
9329.0
10055.0
7691.5
0
6.5
2685.0
7799.0
4066.5
4941.0
5955.0
10216.5
2149.5
4792.0
7273.5
4070.5
0
7867.5
7428.0
8655.0
8338.0
5641.5
1766.5
3035.0
7342.5
1974.5
4136.5
1977.5
0
10044.5
4467.5
4383.5
6142.5
5788.0
7735.5
6215.5
8855.0
6223.5
4482.5
1436.0
10054.5
8777.0
6461.0
10517.5
6117.0
8454.5
4701.5
6588.0
120.5
8086.5
964.0
4987.0
3426.0
6628.5
516.5
10372.5
11376.0
2628.0
10345.0
6532.5
3033.5
6623.0
9786.5
1783.5
4316.0
6191.5
3338.0
0
8986.5
5261.5
10362.0
0
11277.0
11293.5
126.5
10044.5
9907.0
5762.0
2451.0
2729.0
5944.5
10383.0
6639.5
10186.5
5691.5
5693.5
4555.5
9729.5
6874.5
1497.5
6429.5
5807.5
4227.0
9991.5
12202.5
7034.5
4599.5
6136.5
0
11411.0
988.0
6240.0
1386.0
2508.5
4503.0
7473.5
4891.0
9067.5
4835.5
8960.0
2996.5
7691.5
8594.5
173.0
809.5
6019.0
11652.0
5318.0
370.5
5151.5
12934.0
2330.0
7665.5
698.5
7163.5
712.0
11136.5
2636.5
2686.0
947.5
68.0
8089.0
2983.5
9380.0
10113.0
9554.5
8547.0
3223.5
4417.5
2253.5
13075.5
8649.0
11583.5
5227.5
8071.0
5991.5
5364.0
6343.0
10201.0
10505.5
1597.0
715.5
10450.5
1694.0
68.0
3802.0
10261.5
6283.0
7338.5
8778.0
6171.0
652.0
8088.0
6869.5
9075.5
13158.5
7577.0
10958.5
10659.5
7977.0
2655.5
9592.5
596.5
9194.0
0
0
8111.5
11610.0
10771.5
6313.5
0
10267.0
8916.5
7698.5
3876.5
0
5674.5
722.0
10428.0
6121.0
3755.5
3017.0
5286.0
6376.5
4838.0
4555.5
6085.0
7741.5
1693.5
10158.0
4789.5
2452.5
4124.5
2517.5
0
7217.5
0
8426.5
5063.0
0
6453.0
6720.0
6652.5
8753.5
775.5
6952.0
7128.0
10070.0
9015.0
6313.5
6434.0
0
8457.5
7670.5
8180.0
6287.0
9531.0
2689.5
10169.0
6731.5
3391.5
1242.0
7621.0
3164.5
6403.0
8003.5
419.5
10082.5
438.5
6163.5
6213.0
407.0
6015.0
8590.0
8213.0
8403.0
7415.0
1513.0
4192.0
9714.5
2601.0
1355.5
10802.5
1873.5
1531.0
7269.0
9619.0
68.0
5755.5
14239.0
1322.5
927.0
6903.5
7666.0
838.5
8156.5
9010.0
1483.0
6061.0
7381.0
1336.5
6785.0
0
5862.5
8635.0
0
9046.0
6859.5
8861.5
2925.5
3517.5
8154.0
365.5
2884.5
8194.5
5591.0
4922.5
10040.5
8672.0
6526.0
7268.5
736.0
6243.0
6997.5
947.5
6552.0
1039.0
7593.0
2416.5
7387.0
7346.0
9152.5
1160.5
9123.5
8898.0
6998.0
0
8839.0
6382.0
2426.5
6767.0
6147.0
8607.5
6735.0
4732.5
1032.0
5835.0
9605.0
7877.5
5992.0
1727.5
5827.0
2550.5
6342.5
9983.0
4101.5
8120.5
9619.5
8996.0
5740.0
10625.0
5775.0
9549.0
8630.0
8682.5
7164.0
2698.5
9255.5
6325.5
10073.5
10950.0
407.0
7477.0
1631.5
0
3409.5
11388.5
8128.5
9104.5
10554.5
11622.5
6199.0
8823.5
1489.5
4508.5
12016.0
1126.0
9190.5
8193.0
6117.5
671.0
2292.0
7809.5
9544.5
3803.5
7872.0
2257.5
7835.0
5183.5
1945.0
9853.5
3208.5
6693.5
1639.5
8534.0
3283.5
8280.0
9366.5
1374.0
9563.5
12878.5
3399.5
7587.0
68.0
10636.0
3399.0
9969.5
5977.0
115.5
11588.0
4615.0
7801.5
7831.0
10885.5
7202.0
8304.0
4730.5
5803.5
6220.5
3169.5
8197.0
2019.5
7805.5
9549.0
3889.5
6741.5
6280.0
3641.0
11046.0
7686.5
2524.5
6122.5
3728.5
6653.5
10617.0
4253.0
11156.0
6670.0
12005.5
8025.0
6346.5
9180.0
3279.5
6061.0
9261.0
8670.5
7289.0
7466.5
11511.0
1200.0
8405.0
7555.5
4448.5
8007.5
6539.0
1516.5
383.0
7954.0
5840.0
1972.0
5895.5
7791.5
11682.0
6898.0
2840.0
0
7124.5
4778.0
9378.0
7667.0
9854.0

8989.5
7884.5
8803.5
7329.5
8142.0
14527.5
0
5580.5
6665.5
9865.5
11003.5
11098.0
5838.0
6169.0
8248.5
9032.0
6659.0
7622.0
3288.5
7561.0
7879.5
0
9611.5
5229.5
3769.5
4839.0
10244.5
0
401.0
710.5
10534.5
8672.5
2722.0
9440.0
6103.0
8154.0
8603.0
9154.5
2130.0
4489.5
0
3762.0
8693.0
2372.0
68.0
0
9074.0
0
7507.0
8868.0
7284.5
3379.0
0
10820.0
5458.0
10118.5
11487.5
10468.5
6428.5
11672.0
6225.0
9280.5
13198.5
5196.0
0
7586.5
0
0
2709.0
9403.0
2323.0
10853.5
11021.5
9293.0
0
5812.5
5491.5
7115.5
0
5238.5
6668.5
9630.0
756.5
9290.0
9861.0
1857.0
7417.0
6204.0
0
7836.5
13688.5
9027.0
3364.0
4427.5
2158.5
2527.0
11335.5
1648.5
6207.0
3271.0
2175.0
6094.5
6835.5
8191.0
4467.0
7222.0
8027.0
0
1184.5
6121.0
3578.0
10275.0
1490.0
3699.0
9142.5
7921.5
5826.0
10500.0
6250.5
7750.0
115.5
5975.5
10916.5
9150.0
7793.5
6251.5
5398.5
0
5392.0
1896.5
10288.0
5603.5
68.0
6973.0
7077.0
1511.5
8763.5
300.5
6764.0
8090.5
6163.5
710.5
4311.5
5639.0
4479.5
11236.0
7832.0
10955.5
138.0
6901.5
126.5
4212.5
68.0
8688.5
4480.0
4136.5
10154.5
9036.5
10923.0
2152.0
5609.5
68.0
419.5
652.0
6119.0
6954.0
5069.5
5876.5
12025.0
8943.0
8401.0
1904.0
11092.5
9027.5
5803.0
10534.5
6565.5
1541.5
848.5
5892.0
359.0
9402.0
7172.0
0
8324.0
7973.0
6980.5
68.0
10550.5
2968.5
6561.5
3498.5
5131.0
3064.5
11252.0
6874.5
1863.5
0
10255.0
12550.5
6691.0
68.0
10641.5
757.0
8217.0
4160.5
6762.0
2474.0
419.5
316.0
8330.5
1103.0
10080.0
2703.0
10012.5
6826.5
6891.5
10119.0
2977.0
5602.5
7457.0
1539.5
2616.5
3864.5
10976.0
8519.5
7634.5
8326.0
68.0
10544.5
12074.5
0
5837.5
7875.5
2615.5
126.5
6037.0
10035.5
10690.0
13659.5
10924.0
5186.5
6245.5
10397.5
8736.0
5618.0
5141.0
3941.0
2587.0
0
10636.0
5027.5
5423.5
5961.5
5921.0
11385.0
4041.0
3553.0
7664.5
8439.5
3533.5
7385.0
1756.5
6402.5
5456.5
5847.5
12074.5
7610.5
6558.0
11619.5
5804.5
13194.0
2994.0
10321.0
7767.0
2391.5
4083.0
8334.0
8117.5
8526.5
6600.5
8184.0
9177.0
10365.5
11313.5
6648.5
11051.5
4454.5
1494.0
1281.5
5425.0
6178.0
8697.5
2880.5
9077.5
1228.0
13021.0
3955.5
6746.5
11665.0
13899.5
5081.0
348.5
11395.0
6678.5
8576.5
6911.5
2996.0
7738.5
8203.5
7010.5
4327.0
10303.5
5208.0
4695.0
1940.0
12907.5
11907.5
7941.0
5981.0
587.5
115.5
3320.0
4926.5
5999.0
1353.5
1200.0
332.0
5753.0
6742.0
5734.0
8566.5
1391.0
11156.5
7370.5
10065.0
1953.0
6978.0
9840.0
6552.5
5272.5
1711.5
9112.0
9813.0
1970.5
7309.0
3112.0
6669.5
12477.0
419.5
13475.5
1550.5
401.0
7907.0
6699.5
6866.5
8955.5
2656.5
4969.5
2260.0
2115.5
9253.5
6846.5
418.5
6581.5
3969.5
5372.5
1423.0
7951.5
8937.5
12283.5
11685.5
2637.5
6230.5
5924.5
4037.5
4424.0
7011.5
1764.5
8933.0
242.0
10398.5
3338.0
6713.0
4300.0
8347.5
10737.0
1029.0
7336.0
7701.5
2258.0
5969.0
10590.0
6930.0
7558.5
6162.5
3519.5
5875.5
2265.5
7823.5
5404.5
8934.0
6301.5
829.5
6521.5
2306.0
68.0
6467.0
4513.5
7950.5
9702.0
4898.0
9765.5
4441.5
5358.5
2998.5
5643.5
9545.5
8879.0
1929.0
6765.5
8952.0
6977.0
6207.5
4384.0
5176.5
2113.0
7907.0
6460.5
7725.5
6795.0
10378.5
2671.0
10625.5
14003.0
5827.0
9996.0
579.5
9612.5
7113.0
7178.0
11469.5
1959.0
2179.0
5458.0
2559.0
6476.0
10067.5
2827.0
9051.0
10988.0
10665.5
11137.0
16746.0
5954.5
10601.5
10219.0
935.5
9749.0
6790.0
9401.5
7709.5
6581.0
10297.5
9103.0
943.5
6281.5
12031.0
10237.0
7649.5
7066.5
9515.0
6857.5
8786.5
8291.0
4457.5
11107.0
2569.5
5901.0
2887.5
1509.0
316.0
6164.5
10428.5
5710.5
11000.5
6138.0
8848.0
68.0
7942.5
2544.5
1631.5
7130.5
8568.5
1550.5
7749.0
1439.0
8806.5
6445.5
716.0
7735.5
6549.5
68.0
2049.5
7889.0
6928.0
6303.0
3014.0
10398.0
4428.0
10656.5
5575.0
2799.0
138.0
6981.5
11921.5
12420.0
8115.5
6825.0
1791.5
2212.0
7087.0
10153.5
6603.5
10720.5
11442.0
7762.5
5963.5
10055.0
11469.5
6194.0
2404.5
770.0
12952.0
10563.5
3033.5
6627.5
5804.5
10099.0
68.0
1924.5
10623.5
5588.5
7413.5
10065.0
3539.0
7637.5
9279.5
10614.0
10339.0
5225.0
9625.5
2729.0
3024.0
4631.0
4621.0
9016.0
9266.5
10041.5
8381.0
4828.5
6797.5
8465.5
12362.0
4055.5
1815.0
8180.5
5709.5
8217.0
1377.0
11082.5
1892.0
8697.0
1383.5
9555.0
8911.5
8558.5
11121.0
968.5
10746.0
12635.0
8083.5
7195.5
7395.5
1554.0
68.0
6326.0
1897.5
5704.0
10022.0
7606.5
5156.0
7455.0
7762.5
2039.5
5466.0
5428.0
7233.5
6685.5
8985.5
5892.5
10451.5
9472.0
7236.5
10485.0
10175.5
10381.5
6763.5
5928.0
2821.0
6036.0
4925.0
7379.5
8577.0
5214.5
8817.0
9517.5
2761.0
0
10511.5
3206.5
10046.0
10981.5
8035.0
9048.5
2541.5
4875.5
4570.5
1286.5
10067.5
8459.0
7150.5
7235.0
7725.5
5425.5
841.0
8118.5
10654.5
10402.5
6368.0
2845.5
2078.5
1012.0
6579.0
2291.0
8937.5
9849.5
6997.5
9023.0
11044.0
5351.5
5642.5
7152.0
4559.0
10900.5
7404.0
5012.5
6534.0
11003.0
2731.0
0
4720.5
7337.0
3228.0
3877.0
7560.5
9525.0
7286.5
7396.0
7136.0
9011.5
10440.5
6248.5
8730.5
9203.5
2380.5
6753.0
5832.0
6409.0
68.0
10769.0
11999.0
4784.0
6183.0
4534.5
2580.0
11119.0
5024.5
8662.0
9157.5
7631.5
7137.0
6043.0
7568.5
11407.0
5743.5
2203.0
7816.0
7578.0
11583.5
8655.5
6350.0
8920.5
6782.0
8154.0
3267.0
7865.0
7961.0
9139.5
7123.5
5227.0
6606.5
564.0
10139.0
8237.0
5935.5
9669.0
9172.0
6646.5
6909.5
4205.0
7172.0
9064.5
6773.0
3498.5
5525.5
4749.0
12131.0
68.0
7203.5
7082.5
13438.5
10743.0
7817.5
10590.0
7549.5
0
6663.0
9774.0
6081.0
3350.5
8372.0
2169.5
5437.0
5900.5
3605.5
424.0
10310.0
5094.0
8447.5
6659.0
8642.0
8102.5
1807.0
8513.5
4958.0
3799.5
0
3029.5
7628.5
672.5
1366.0
7112.0
419.5
6842.0
8317.0
2234.0
10358.5
4460.5
5087.5
10104.0
3083.5
8773.0
5408.0
2274.5
6135.5
8912.5
8286.0
8606.5
9209.0
10224.5
0
0
2260.0
1503.0
10634.5
8294.0
1421.0
6739.0
11044.0
8002.0
10156.0
8814.0
5233.0
10001.0
2704.0
8663.0
5471.5
6496.5
10940.5
0
0.5
194.5
6184.5
9149.5
2742.0
10411.0
7774.5
11055.5
3491.0
6175.0
6234.5
7877.0
9133.0
10598.0
6926.5
2329.5
2080.5
7276.0
516.5
6374.5
10799.0
3705.0
8398.0
8387.5
5716.5
8078.0
11446.0
1456.5
514.5
6867.5
3177.5
3980.0
10959.5
1835.5
561.0
1781.0
10582.0
7846.0
8892.5
12302.0
8100.5
7230.5
9038.5
10723.0
7827.5
5741.5
10627.5
811.0
10474.0
6806.0
5681.5
13715.5
4180.5
7900.0
2938.5
8842.5
10383.5
12269.0
10525.0
11447.5
10600.5
475.0
8248.5
9326.5
1262.0
7264.0
7160.0
68.0
8883.5
10356.5
5795.0
7296.5
11432.0
9165.5
9498.5
8335.0
6776.0
8330.0
10796.0
1760.0
8135.0
2531.5
7103.0
11498.0
5760.0
7374.0
8443.0
5801.5
6542.5
5941.5
10019.5
5988.0
10298.5
4359.0
126.5
3133.0
7608.0
4552.0
9151.0
6290.5
9654.5
4040.0
7328.5
3767.5
10347.0
8047.5
3716.0
2283.5
10390.0
12281.0
10991.0
12465.0
9584.5
10510.0
7672.5
9723.5
8904.0
1653.5
8340.0
7610.5
5292.5
10769.0
5836.0
5629.5
1904.5
915.0
2299.5
348.5
10224.5
7869.5
7927.5
401.0
9701.5
5735.5
8478.0
635.0
7907.0
10136.0
5826.0
10889.5
10620.5
6408.0
13086.0
2385.0
8489.0
11175.0
6784.5
7220.0
10311.0
6771.5
4390.0
7633.5
7745.0
10751.0
9473.0
6310.5
9799.5
1789.5
1613.5
10039.5
5633.5
9074.0
6868.5
10355.0
9251.0
3221.0
0
10127.5
1653.5
4626.0
9016.5
9121.5
4693.0
7901.0
8546.5
4315.0
1959.5
4886.5
1652.5
11004.5
8158.0
2687.0
3306.5
6487.0
10287.0
10083.0
8832.0
8853.0
3624.0
1123.0
0
0.5
2340.0
0
0
4.0
1412.0
5854.5
7714.5
1298.5
6363.0

7007.0
8888.0
10902.0
4160.0
5198.0
10568.0
3860.5
2583.5
8098.0
0
11421.0
3366.0
11842.5
2278.0
10571.5
10835.5
804.5
6630.0
10135.5
10611.0
5977.5
2067.5
7043.0
424.0
11375.5
9660.0
9126.0
3852.5
10489.5
7116.5
9755.5
4014.0
10575.0
7452.5
5950.5
1823.5
1086.0
1371.0
1675.0
11144.0
4581.0
9312.0
2257.5
6786.5
2550.5
10517.5
6585.0
424.0
0
1050.0
0
10171.5
5372.0
7625.5
10210.5
3060.0
6568.0
68.0
10560.0
2162.5
9199.5
6153.5
2996.0
543.5
424.0
0
1730.5
10060.0
3930.0
8533.5
0
24.0
8865.0
0
0
637.0
2162.0
4087.5
8911.5
1225.5
4245.0
5441.0
0
9611.5
1318.5
4987.5
9088.5
0
1916.5
4131.0
10516.5
0
10387.5
10622.0
7000.0
6498.5
3056.0
0
9448.5
1123.0
9991.0
4527.5
6788.5
5076.0
9808.0
2453.0
9567.5
1369.0
8811.0
7154.5
0
10186.0
9538.0
1943.5
10936.5
4531.0
4786.5
3293.0
2558.0
478.0
7671.5
8059.5
10136.5
8728.5
8507.5
5048.5
6358.5
11211.0
5581.0
4824.0
10338.5
9325.5
2765.5
2133.5
5333.0
9713.5
9194.5
11002.0
8091.5
9309.0
528.0
3610.0
8706.0
10241.5
9827.0
9828.5
12074.0
1032.0
2357.5
10575.0
9449.0
0
1689.0
10153.0
10631.0
12588.5
1954.5
10841.0
13093.0
10219.0
4164.0
9952.5
1871.5
11007.5
6791.5
6308.5
2676.5
2306.5
7691.5
7415.0
4917.5
9944.0
9345.5
8799.5
8695.0
4438.5
10489.0
7120.0
5809.0
10370.0
848.5
10484.0
10361.5
1497.0
7132.5
10658.5
4797.5
5086.0
6581.0
6417.5
680.5
3635.5
4291.5
8472.5
7262.0
7922.5
561.5
6086.5
6964.5
7180.0
10097.5
6357.5
10125.0
1957.5
6643.0
6818.0
6859.5
5790.0
5086.0
5836.0
0
8727.5
6750.0
4985.5
5533.5
7722.0
6156.5
2638.0
7968.5
12178.5
9444.5
2512.5
10209.5
2653.5
5829.5
9126.0
9203.0
126.5
1786.0
9092.0
7199.0
3976.5
7941.5
5539.0
2426.5
10101.0
6265.0
9173.0
7085.5
7051.5
6348.5
8485.5
581.0
9045.5
7663.5
5594.5
8356.0
2537.5
10572.5
6553.5
0
3451.0
1794.5
9596.5
2116.0
9763.0
5200.5
10624.5
0
12156.0
6533.5
424.0
6809.0
4723.5
6354.0
4354.5
6410.0
4613.5
472.0
3053.0
5108.5
8000.5
4877.0
365.5
905.5
8626.0
11082.5
9014.0
9020.5
2713.5
11065.5
4703.5
10134.0
7443.5
5828.5
7215.0
6018.5
9785.0
6309.0
6894.0
821.5
11737.0
3936.5
3714.0
4055.0
1509.0
4891.0
10098.0
5765.0
6173.5
962.5
401.0
8668.0
6700.0
10279.0
5989.0
6089.0
6973.5
6619.5
9288.5
3475.0
10123.5
6549.0
6533.0
4661.5
8607.5
7414.5
705.5
9757.0
6811.5
4263.5
7634.0
9980.0
7146.5
7501.0
6146.5
8351.5
8274.0
9680.0
4437.5
5356.5
4937.0
10635.0
5760.5
8868.5
7424.5
7808.0
1984.0
11148.5
7115.0
9427.0
5339.5
8250.0
6122.0
3993.5
12092.0
6740.5
3459.0
4087.5
7997.5
10938.5
10173.5
0
8429.0
6686.0
8455.0
5763.0
7529.0
6201.0
7892.0
0
11064.0
12732.0
3285.5
68.0
7844.5
5846.0
6998.5
5847.5
7100.0
10647.5
0
5150.0
8271.5
0
68.0
0
7371.5
7069.0
7443.5
9197.5
10793.0
6332.0
8194.5
6569.0
8703.5
6648.0
7786.5
0
8502.5
665.0
4809.0
5308.5
5781.5
6041.0
5596.0
12436.5
11506.5
8235.0
10649.0
10779.5
7092.0
2788.0
9765.0
8412.5
138.0
7995.5
10117.0
5004.5
5596.0
5702.0
7993.5
10579.5
1096.5
7123.0
8197.5
6603.5
10061.0
10950.0
11473.0
11077.0
8215.0
9307.5
10452.0
1102.0
10169.0
10223.5
1304.5
0
490.0
9744.5
11622.5
9357.0
1552.5
6092.5
10149.0
10879.5
10564.0
10508.5
6041.5
9516.5
10301.5
253.0
10932.0
9643.0
12562.5
5903.5
7938.5
7276.0
7054.0
8909.0
11516.0
3576.0
0
8327.0
8912.0
9606.0
8048.0
9003.0
5819.5
7839.0
10511.5
8436.0
0
11430.0
0
5791.0
5464.0
7689.5
2343.5
10224.0
10491.5
10093.5
6339.0
11798.0
10321.0
9382.0
9701.5
10389.0
9133.5
1610.5
0
4948.0
10300.0
8152.0
8740.5
7485.0
4970.5
10180.0
2014.5
6107.5
183.5
5565.5
10133.5
6041.5
8538.0
9336.5
6880.5
8716.0
6390.0
4964.0
3761.5
10562.5
10255.5
6012.0
7881.5
4290.5
6203.5
5485.0
6319.5
7444.0
8857.5
6769.0
11332.5
5119.5
11687.0
9793.5
10490.5
0
576.5
0
4807.5
6984.0
1440.5
8445.5
68.0
4984.0
7245.5
2735.5
795.5
7906.0
7664.0
3595.5
7796.0
8012.5
7092.5
10236.5
5714.5
3713.5
1747.5
9687.5
8261.5
9186.5
7216.0
6412.0
10719.0
7453.0
6138.5
4943.5
6342.5
9648.0
10506.5
8953.0
6947.0
6193.0
10064.0
10594.0
2725.0
6095.0
3347.5
4625.0
9134.0
2029.5
5535.0
3571.5
6774.0
1348.5
9379.5
9849.0
0
10341.5
243.5
11044.5
1393.5
6740.0
10141.0
6888.5
10339.5
10102.5
0
0
0
7214.0
1316.5
5543.0
14050.5
1138.5
10517.5
0
7819.0
9184.5
10065.5
7537.5
10302.0
10293.0
4198.5
4273.0
5679.5
5928.5
10942.0
8265.0
3432.0
4007.0
6826.5
10056.5
6728.5
1316.5
9498.5
6474.5
7074.5
11249.5
6077.5
1635.5
10077.5
7016.5
10491.0
5823.0
9240.0
10169.5
6407.5
8406.5
4080.0
10568.0
8887.5
12077.0
6165.5
1063.0
10688.5
10781.5
5201.5
8344.5
6160.0
10984.0
5828.5
4539.0
7183.0
7837.5
10599.5
9888.0
10160.0
4935.5
1693.5
7633.5
1633.0
786.0
1439.0
10187.0
7847.5
10112.5
5974.0
6339.5
7606.5
3970.0
7626.5
3069.0
2017.5
10109.5
3239.0
10189.0
5150.5
4475.5
4026.5
11679.0
289.0
1480.5
2508.0
10781.0
5855.0
2138.5
6612.5
7619.5
1217.5
7710.5
8141.5
6379.5
10736.0
7943.0
1224.5
10062.0
9081.5
9694.5
11605.5
11407.5
10251.5
6027.5
10109.5
6516.5
10502.0
1316.0
8825.5
6420.0
6819.5
5679.5
7833.5
10790.0
4798.0
9375.5
3864.0
10292.0
7967.5
4659.0
6426.5
10090.0
9402.0
5061.0
6837.5
5655.0
10274.0
3112.5
10058.5
9590.5
10415.5
5658.0
10051.5
10437.0
1127.5
7353.0
11018.5
5061.0
2278.0
2012.0
5470.5
0
10612.5
6488.5
10533.0
4220.0
0
9974.0
68.0
10222.0
7897.5
790.0
6080.5
9273.0
68.0
8059.5
7614.5
7110.0
12106.5
8256.0
1035.5
8615.5
8712.0
7894.0
5884.0
7581.5
9808.0
9179.5
438.5
5653.5
2086.5
11194.0
0
5137.5
7366.0
0
8998.5
10248.0
2430.0
0
2045.5
6404.0
10125.5
10678.5
7295.0
1598.0
7683.0
7909.5
5650.5
7174.0
7430.5
1055.0
3827.0
68.0
5884.0
5430.0
9614.5
2404.5
8489.0
9996.0
873.5
9018.5
8772.0
10682.5
1141.5
9611.5
6012.0
6565.0
8564.0
7244.0
554.0
11495.5
10101.5
10466.0
242.0
651.0
10930.5
8616.0
11543.5
9156.5
10868.5
10505.5
9976.0
7415.5
10041.5
3815.5
9289.5
0
5197.5
1545.0
8500.5
7500.0
3440.5
10555.0
8222.0
419.5
6828.0
2029.0
8977.0
7788.5
0
8924.0
809.0
5042.5
5961.0
0
1690.0
7438.5
10407.0
8548.0
10243.5
9012.0
5369.0
10873.5
1892.0
10632.0
4037.0
5054.5
68.0
13165.0
471.0
3986.0
10188.0
6551.5
7983.5
11914.0
12040.0
11554.0
7914.0
973.0
1881.5
10013.0
2645.0
1831.0
6257.5
6328.0
1481.0
5976.5
1512.0
5174.5
10388.0
6281.5
2927.5
9858.5
7798.5
10518.0
2557.5
4010.5
5275.0
10376.5
2884.0
10618.0
7824.5
6789.0
6518.5
6628.0
6750.5
4475.0
6969.0
4880.5
1070.5
2523.5
2486.5
11224.5
126.5
5608.5
10250.0
10504.0
2239.0
3947.0
7361.5
12801.0
3192.5
10123.0
8337.5
8033.5
9327.0
9820.5
10387.0
8638.5
10219.0
10259.5
4022.0
3186.5
4576.0
7460.0
10625.0
10818.5
10595.0
5401.0
10097.0
8033.5
2859.0
4904.0
