365.5
641.5
947.0
1342.0
944.0
438.5
2606.5
1705.0
0
1188.0
0
2068.5
68.0
2468.5
1107.5
874.0
2793.0
771.0
3376.5
2346.0
68.0
1601.0
242.0
4228.5
2476.0
811.0
1633.5
4666.0
4246.5
2275.0
2573.0
5252.0
543.5
3003.0
1917.0
1285.0
419.5
1211.5
3209.5
2883.5
1287.5
1370.5
68.0
1356.5
768.0
736.0
895.5
478.0
2120.5
1690.0
478.0
1141.5
615.5
68.0
790.0
653.0
652.0
1064.0
1611.0
1665.0
546.0
1017.5
365.5
1004.5
1005.5
594.0
1131.0
1356.5
597.5
773.5
1768.0
68.0

1630.5
365.5
3118.0
355.0
68.0
1844.5
1184.0
1003.5
257.0
1322.5
790.0
2152.5
1718.0
1763.0
1355.5
0
126.5
1578.5
1390.0
543.5
2344.5
300.5
2740.0
0
.5
995.5
126.5
128.0
604.0
699.0
546.0
126.5
407.0
894.0
541.0
704.5
370.5
569.5
348.5
1141.5
639.5
68.0
344.0
0
989.5
1180.0
243.5
879.5
663.0
68.0
419.5
300.5
126.5
2979.5
775.5
793.0
640.5
1184.5
315.5
901.5
68.0
1119.5
774.5
860.0
1054.5
1025.5
316.0
569.5
383.0
1137.0
804.0
1069.0
68.0
1017.5
68.0
419.5
419.5
0
348.5
2748.5
401.0
68.0
173.0
698.0
138.0
794.5
707.0
1591.0
1073.5
1932.0
126.5
1270.0
926.5
1651.0
478.0
243.0
1697.0
686.5
424.0
1197.5
599.5
582.0
0
126.5
464.0
68.0
242.0
257.0
484.0
402.0
478.0
501.5
138.0
138.0
68.0
0
120.5
1359.0
773.0
516.5
68.0
68.0
253.5
126.5
554.5
68.0
821.5
530.5
535.0
126.5
359.0
459.5
365.5
1762.5
138.0
68.0
68.0
419.5
489.5
1098.5
1121.0
1077.5
419.5
826.5
365.5
757.0
859.5
424.0
825.5
361.5
300.5
970.0
1529.0
316.0
138.0
126.5
1233.0
401.0
138.0
467.0
68.0
126.5
508.5
1492.0
136.0
68.0
614.0
2740.0
115.5
822.5
138.0
359.0
374.5
348.5
0
828.5
879.5
1789.5
303.5
316.0
1966.0
489.5
1034.0
626.5
656.0
348.5
1706.5
138.0
115.5
595.0
1156.0
554.5
548.0
740.0
1066.0
419.5
0
848.5
633.5
296.0
68.0
419.5
2369.5
1830.0
68.0
529.0
652.0
982.0
126.5
348.5
2019.5
595.0
945.0
899.5
68.0
1263.5
889.0
464.0
860.0
1257.0
817.0
424.0
419.5
0
257.0
533.0
539.0
68.0
917.5
300.5
242.0
905.0
864.0
1601.0
717.0
953.0
716.0
465.0
970.0
952.5
1037.0
726.0
198.0
431.5
880.5
557.5
911.0
183.5
663.0
1283.5
1460.0
848.0
138.0
2039.0
179.0
68.0
173.0
489.5
897.0
1650.0
2003.0
785.5
841.5
1673.0
0
.5
879.0
243.5
316.0
2444.0
598.0
2895.5
419.5
365.5
771.0
593.5
2877.0
236.0
771.0
719.0
1600.0
1141.5
1414.0
1229.0
710.5
1866.5
491.5
1376.5
763.5
1092.0
3006.0
1495.5
783.0
698.0
956.5
1632.0
1260.5
1439.5
943.0
1639.5
1527.0
629.0
478.0
1939.5
1444.0
2298.5
1492.0
968.5
1687.0
1420.5
2569.0
1524.0
1422.5
359.0
1387.5
2797.0
3535.5
0
0
1734.0
961.0
136.0
3041.0
4349.0
68.0
126.5
315.5
3647.5
1741.5
3447.0
3170.5
1520.5
2509.0
1812.0
0
4714.5
1735.5
2389.0
1934.5
700.0
2157.5
3754.5
2871.0
0
2073.5
4642.5
3680.5
3252.0
2476.5
2729.5
771.0
5838.0
4249.5
2058.5
4372.0
1875.5
7324.5
2224.0
2855.5
7533.5
2975.0
0
8587.5
4839.0
2161.0
0
332.0
5210.0
6205.0
2668.5
2398.0
365.5
4843.5
2237.0
1199.5
2688.5
1741.5
5084.5
4700.5
3162.0
1906.0
3876.5
4356.0
2758.5
7869.0
5343.5
2728.0
2537.0
2896.0
943.5
4735.5
601.0
3566.0
6394.0
126.5
4446.0
2139.5
4542.5
0
3375.0
2350.5
2134.0
3193.0
2900.0
4800.5
2583.5
4578.5
126.5
3647.5
68.0
3345.0
1141.5
4833.5
4590.0
438.5
3568.5
0
253.5
3814.5
965.0
6167.0
7286.5
4073.5
5618.0
811.0
890.5
2584.5
4927.5
3532.5
68.0
2389.0
424.0
3766.0
1107.0
2159.5
3521.5
667.5
3515.5
2806.5
2487.5
969.0
2732.0
1712.5
3156.0
6391.5
0
5927.0
3733.0
4586.0
5601.0
2218.5
3202.5
6337.0
5529.5
2104.5
1122.5
6560.0
7490.0
418.5
3962.0
2582.0
3833.5
1701.5
5413.0
7006.0
3153.0
472.0
1895.0
2175.0
2396.0
68.0
5673.0
809.0
5772.5
4275.0
3617.5
1583.5
2561.0
3341.5
2939.0
2168.5
2575.5
2090.5
1058.0
4798.0
7380.5
2297.0
595.0
4039.0
5634.5
2896.0
6959.0
2254.0
1933.5
2931.0
435.5
3225.5
1782.0
3250.0
3544.5
5942.0
1326.0
3217.0
7536.0
0
787.0
638.5
68.0
8714.0
5589.5
365.5
1247.5
3742.0
2282.0
1383.5
6378.0
4203.5
6131.5
6865.5
383.0
2987.5
5309.5
2751.0
2829.5
1789.5
2929.0
1546.0
1996.0
4005.0
1704.5
1780.0
8011.0
2787.5
4303.0
4597.5
5018.0
3642.5
5916.0
734.5
5771.0
2198.0
3201.5
5307.0
2937.0
2874.0
3322.0
2940.0
5313.0
2773.0
2897.5
3776.5
3466.0
1803.5
6647.0
2373.5
1220.0
8775.5
3448.5
5507.5
8291.5
5194.5
2770.5
2287.5
2960.0
6142.5
4406.5
3651.5
4134.0
1236.0
5462.0
3466.0
7889.5
3204.0
3091.5
5662.0
948.0
2509.5
3857.5
1976.5
2490.0
5712.5
1027.0
1794.0
3440.5
7132.0
4766.5
2028.5
4719.0
4873.5
2136.5
4817.5
419.0
1577.5
7463.5
2759.0
68.0
418.0
4141.5
1032.0
2041.5
3565.5
1561.0
2620.5
3741.5
2892.0
7057.0
3644.5
1855.0
6920.0
2388.5
68.0
0
9875.5
7146.0
2549.5
126.5
5614.0
1895.5
3813.5
1722.5
3982.0
6420.5
5093.0
739.0
5495.5
2584.5
3127.0
4352.0
946.0
656.5
850.0
3169.5
2294.5
7747.0
3904.0
68.0
1710.0
7526.0
3561.0
186.5
941.5
3083.0
2107.0
4842.0
1246.0
1636.0
3459.5
4537.5
2674.5
968.0
2132.0
2099.5
4039.5
3181.5
3981.5
2601.0
2737.0
7481.0
3721.5
6368.0
1129.0
2391.0
4936.5
6546.0
2391.5
3457.5
5572.5
6033.5
3923.0
7187.5
1451.5
313.5
10227.5
700.0
1981.0
639.5
665.0
497.0
2347.0
3472.5
2069.5
897.0
8528.5
1339.5
1728.5
2020.0
3061.0
2544.5
1060.0
419.5
3571.0
1896.5
4298.5
4134.5
4178.0
4918.5
5766.5
5359.5
5837.0
453.0
1806.5
667.0
4958.5
7746.0
1251.0
4856.0
7547.0
656.5
4178.0
653.5
3863.0
3270.5
4758.0
7103.0
2818.5
1316.5
2742.0
925.0
4274.5
10100.0
2221.0
7758.0
3120.0
1810.0
1970.0
8407.5
9481.5
3635.5
3829.5
3018.5
3856.0
4180.0
2106.5
1869.5
2780.0
3369.0
6166.5
2295.0
3949.0
126.5
3548.5
8079.0
2375.5
7194.5
4229.0
2686.0
6783.5
2495.0
68.0
6661.0
2619.5
569.5
1691.5
2144.5
2535.0
4842.5
3875.0
1222.5
7180.5
68.0
3974.5
68.0
4142.5
401.0
1684.5
4419.0
3062.5
5056.0
401.0
2687.5
6466.5
5931.5
3105.0
2915.0
2374.5
7887.0
2754.5
2606.0
4304.0
5901.0
3382.0
2096.5
4451.5
1914.5
6901.5
3704.5
4865.0
4863.0
5757.0
614.0
5263.0
1637.0
6805.0
5195.0
5132.5
435.5
3801.0
4752.0
3435.5
5505.5
6736.5
6533.5
1986.0
2418.0
0
2196.5
7060.0
6551.0
700.0
7333.5
6602.0
656.5
2196.0
4463.0
9466.5
927.0
2899.5
6225.5
3721.0
7887.5
2457.5
2133.5
6209.0
4384.5
2092.0
7445.0
914.0
6494.5
5799.5
3019.5
5801.5
3550.0
3620.0
1364.5
652.0
2781.5
3294.0
6572.5
6036.5
3509.5
6285.5
7034.5
4846.0
1277.0
6067.0
5385.0
1731.0
1770.5
2551.0
5189.5
5008.0
374.5
787.0
5135.5
3798.0
2093.5
3135.0
0
6732.5
2410.5
419.5
2814.0
6282.5
7367.5
5497.5
6452.0
0
2883.0
6314.0
5705.5
8196.0
6488.0
9531.5
4647.0
6417.5
4710.0
7413.5
4507.0
7217.5
5827.0
2339.5
6055.0
4589.0
2195.5
2442.0
3382.5
7203.0
4035.0
8084.0
8826.0
2656.5
7262.0
2457.0
5828.0
8564.5
5239.0
5739.5
8437.5
6769.5
5526.0
7328.5
5563.5
749.0
5794.0
2470.0
8633.5
1097.0
3242.5
2053.5
0
3836.5
7633.5
1439.5
4671.5
6401.0
7763.5
3296.5
7002.0
1318.5
2250.5
732.5
6928.5
3317.0
646.0
6646.5
3109.5
6752.0
8266.5
5625.5
2072.0
7362.0
3802.5
915.0
6280.0
5943.0
6634.0
6119.0
1443.0
470.5
1057.0
4327.5
3805.5
4419.0
980.5
2530.5
68.0
2310.5
0
2731.5
1465.5
4020.5
2944.0
2884.0
1249.5
8515.0
4842.0
7192.5
0
5487.5
7060.5
1883.0
3941.5
3977.5
3490.5
2630.5
4728.0
1074.5
688.5
438.5
401.0
5881.0
3219.5
6568.5
5357.0
0
4926.5
419.5
5984.5
6006.0
1442.0
2235.0
68.0
8087.0
2399.5
3637.5
2899.0
5125.5
7614.0
1687.0
944.0
8713.5
5999.0
7487.5
5322.5
3632.5
5151.0
7297.5
9484.5
4199.5
3427.5
3869.5
0
2972.0
3018.5
6711.0
3718.0
3082.0
9673.0
932.5
3195.5
6704.5
7854.5
6341.0
3189.0
2148.5
0
4153.5
0
7143.0
9135.5
3985.5
4791.5
138.0
3424.0
9525.0
2068.0
2246.5
4172.0
1769.0
2754.5
7271.0
3882.0
652.0
4551.5
4873.0
4972.0
4635.5
7813.5
2622.0
2677.5
2770.5
4974.5
2600.0
4444.0
3978.5
3613.5
5934.5
2981.0
3126.5
3361.0
5999.0
5471.5
4155.5
6058.0
6538.5
4672.5
2897.5
1199.0
4859.5
779.0
5415.5
2323.5
4626.0
5874.5
5162.5
4893.5
5953.0
9034.5
126.5
7190.0
4682.0
8611.5
68.0
5226.5
7608.5
7136.5
0
2289.5
7428.5
646.0
4823.5
4169.5
3007.0
3665.0
2820.5
5915.5
0
126.5
3544.5
7019.5
5569.5
4348.0
10074.0
5883.5
6413.0
3825.5
5450.5
4378.5
285.5
3425.5
4887.0
2418.5
3580.0
11138.0
3598.5
5176.0
6808.0
3776.5
6270.0
1035.0
8113.0
931.0
1414.0
7650.0
3083.0
6981.5
3051.0
1532.0
9442.0
8454.5
407.0
7794.5
7389.0
4679.0
4135.0
0
3264.0
5703.5
3640.5
4275.5
4981.5
0
1652.0
6253.0
7017.5
5340.5
68.0
0
1889.0
6484.0
4057.5
4215.0
6440.0
3788.0
6567.0
5151.0
5062.0
4489.0
3147.5
2694.0
7528.0
948.0
3109.0
10624.0
4671.5
2366.0
3620.0
6674.5
407.0
2931.5
9616.5
7377.0
4972.5
8715.5
6302.0
2791.0
3333.0
4345.5
6825.5
2254.5
4267.5
4259.0
2554.5
5809.0
7420.5
8960.0
1807.5
126.5
8502.0
5580.0
4972.0
478.0
7788.0
7035.5
1040.0
291.0
6969.0
9307.0
5568.5
6634.5
3969.5
9015.0
3056.0
8663.5
6242.0
7355.5
752.5
5991.5
8158.5
3072.0
7741.5
5143.0
8899.0
5500.5
1194.5
8778.5
6695.5
2943.0
5292.5
5615.5
3391.5
6870.0
5881.5
10081.5
4684.5
6540.0
7864.5
6363.5
6213.5
8497.0
4675.0
633.5
12294.0
2378.5
5297.5
2490.0
4714.0
6000.5
9418.0
5600.0
7774.0
7889.5
0
3343.0
8460.0
2149.5
8569.0
8324.0
3854.5
300.5
4808.0
3082.5
4970.0
5250.5
1879.0
7112.0
5525.0
3599.5
3472.5
7380.0
3596.5
3548.5
3914.0
9302.0
5344.0
7154.0
1149.5
6894.5
7606.0
5508.0
6663.0
9860.0
3489.0
6488.0
3840.5
3608.5
3876.0
7861.0
7082.5
3053.0
848.5
5708.0
3460.0
6485.0
7227.5
2530.5
7237.0
6143.5
5643.0
5497.5
7398.0
6441.0
4233.5
7180.5
7823.5
771.0
5338.0
0
7345.0
7471.0
1701.0
6539.5
6368.5
4505.5
8469.5
1696.0
1494.0
2490.5
1459.0
0
7191.5
9036.5
6106.0
7523.0
3457.0
7530.5
3931.5
2937.5
4454.5
4356.5
5858.5
126.5
3092.5
4909.0
8123.0
1365.0
5009.5
3256.0
4874.5
5807.5
2957.0
3983.5
6591.5
2239.0
4737.0
4469.5
1882.0
6993.5
826.0
0
4920.0
2261.0
4447.0
1957.0
8307.5
8788.0
2273.0
2304.5
978.5
6068.5
8222.5
6347.0
3064.5
179.0
5966.0
6861.0
646.0
3797.5
5140.0
7614.0
4298.0
5490.0
6787.0
5096.0
6671.0
7913.5
424.0
4742.5
5921.5
5901.5
5348.0
7118.5
8556.0
1539.0
5346.5
5236.5
7573.0
3353.0
5807.0
7679.5
3365.5
3914.0
1492.5
4712.5
1675.5
7716.5
3556.0
3933.0
7385.5
6798.0
6559.5
9311.5
4950.0
5205.0
0
10388.5
7056.0
6141.0
6238.5
569.5
717.0
7317.5
8277.0
2449.5
1479.5
10668.0
7186.0
3716.0
3342.0
138.0
9192.5
5393.5
8995.5
1422.5
5170.0
8070.0
942.0
2285.0
1937.0
6766.0
7462.5
4757.5
1258.5
179.0
1682.0
3859.5
4564.5
4131.5
7038.0
3510.0
533.5
1976.0
928.0
5031.5
5700.5
3784.0
3826.5
7759.0
3312.0
9406.5
291.0
3769.5
8582.0
5129.5
1857.0
2171.0
6279.5
4291.5
8031.0
8444.0
4852.5
459.5
3945.5
1604.0
3573.5
4837.5
1335.5
1687.0
4115.0
4036.0
9748.5
5005.0
1736.5
8510.0
8279.5
2446.5
2814.5
5932.0
6119.0
4578.0
3205.5
6945.0
4551.0
0
438.5
2497.0
4394.0
5947.0
10944.5
8186.0
2537.0
5878.5
2479.0
7853.5
7322.0
652.0
5567.0
4659.5
5550.5
4094.0
6768.0
10283.0
6161.5
7570.5
5726.0
4908.0
3459.5
5834.0
2566.5
6719.5
8029.0
5896.0
6958.5
7234.5
7890.0
6792.5
6789.0
5165.5
6983.0
7035.5
5774.0
8858.0
8625.5
3034.5
5219.5
7244.5
8362.0
10341.0
9852.0
5131.5
1385.5
7181.5
2936.0
6871.5
7383.5
1088.5
3669.0
4446.5
1773.5
3625.0
6392.0
7681.5
5864.5
1427.0
3560.0
8632.5
3835.0
2779.0
7637.0
7229.0
3764.0
9510.0
6402.0
3039.5
5319.5
2990.5
0
6578.5
1344.5
11349.0
5301.0
9587.0
4940.0
1343.5
1653.5
3586.0
8984.0
3031.5
5620.0
4148.5
4573.0
7477.5
3422.0
6077.0
7929.0
961.0
5546.5
4522.5
4416.0
6092.0
4307.0
3365.5
893.5
1016.5
1342.5
2138.5
3651.5
6349.5
4314.0
6469.0
3009.0
7528.5
6804.0
3542.0
5245.0
5565.5
5782.0
7351.0
5466.0
4956.0
8500.5
6041.0
1486.5
9779.0
8600.0
2942.0
10159.5
6447.5
7160.5
0
0
6888.5
8754.0
6229.5
3218.5
5431.5
4363.0
2995.0
6969.0
3625.0
9294.0
7700.0
2753.5
6818.5
9207.5
2813.5
5672.5
6056.5
9362.0
7049.5
633.5
5319.5
9632.0
2862.0
478.0
2882.5
3268.5
3770.0
4151.0
5316.5
3712.5
2653.0
2304.0
10666.0
8777.0
1599.0
9111.0
7685.0
5508.5
6004.0
6198.0
5325.5
6308.5
5656.5
1169.5
9783.5
2385.0
3723.0
4873.0
4825.5
5907.0
10084.5
10067.0
8228.5
7747.0
0
1153.0
6326.0
138.0
9728.5
9285.5
9112.5
2474.5
4757.5
947.0
5043.0
6339.0
9118.5
7330.5
2004.5
4698.5
4976.0
7253.5
5683.5
7799.0
0
8873.0
6620.5
5934.5
2953.0
5477.5
3406.5
6007.0
6162.0
3128.0
0
7535.5
3006.5
5780.0
478.0
68.0
7388.0
887.5
972.0
7885.5
68.0
7407.5
4596.0
8955.0
5084.5
6307.5
2415.0
4480.0
8210.0
9610.0
10946.5
8289.0
3738.5
2165.0
5414.5
0
9884.0
6379.0
10170.5
8639.0
5788.5
0
5253.0
7445.0
5152.0
8316.0
1070.5
4731.0
9410.5
1966.0
2237.0
7333.5
7519.0
9636.0
5941.0
9768.5
7332.0
6706.0
1206.0
4937.5
0
8638.5
5885.0
3324.0
7212.0
2761.5
4472.0
10574.5
10246.0
4923.0
6482.5
10158.5
4283.5
4484.5
6200.5
6648.0
693.5
7117.5
10107.0
10021.0
6672.0
7791.5
7167.0
0
6643.0
6884.5
10283.0
4882.0
5778.0
6878.0
4816.0
5809.5
126.5
424.0
1461.0
3475.0
6923.0
5300.0
9151.5
6459.0
4586.5
7255.5
6593.5
10493.0
5607.0
4206.0
6893.5
8227.5
7263.0
9603.0
9123.5
10467.5
0
8422.0
4990.5
9330.0
10408.0
5700.0
126.5
5571.0
6574.0
6761.0
4112.5
9503.5
10358.5
2011.0
2224.0
5934.0
138.0
2594.5
6347.5
4001.5
8229.0
10880.5
8937.5
9154.5
5802.5
7903.0
2679.5
2407.5
5467.0
9743.5
10490.0
7599.5
9031.0
8698.0
6695.5
11007.0
10649.5
9311.5
5805.0
6197.0
9704.0
10044.0
2586.5
9988.5
6842.5
1634.0
4989.5
8248.0
6660.0
5372.5
5567.5
4871.0
8349.0
424.0
8193.0
4124.5
10241.5
68.0
9012.0
3903.0
10201.5
4040.5
1941.5
7996.0
5269.5
2517.0
7471.0
6295.0
5820.0
4132.5
68.0
5345.0
359.0
6160.0
2134.5
8398.0
10300.5
0
6847.0
7717.5
10944.5
10277.5
7898.5
7031.0
5217.5
11196.5
6417.5
0
9640.0
3088.0
1473.5
5610.0
6130.0
9351.5
8655.0
3992.5
3132.0
9596.0
6090.0
1129.0
5940.5
10747.5
138.0
6981.5
10184.5
10388.5
7362.0
6030.5
3459.5
0
9570.5
5955.0
7885.5
7136.0
2217.0
6531.0
6627.0
10923.0
2081.5
1519.5
2158.5
9031.5
9869.5
4015.5
9504.0
7115.5
4242.5
7519.5
3647.0
300.5
7189.0
7551.5
6109.0
7692.5
6317.0
5768.0
8346.0
7594.5
10077.0
5618.0
8465.5
7195.5
9936.0
7403.0
7764.0
7178.0
4308.5
7808.5
7126.0
8037.5
10540.0
4255.5
8909.0
8584.0
6581.0
4191.0
8263.0
3265.5
1881.0
3893.5
7018.5
5368.0
68.0
6096.5
9852.0
8591.0
7478.5
3832.0
3765.0
6841.5
4722.0
3586.5
5852.0
5413.0
1904.5
3096.0
2739.5
10427.5
4300.5
5453.5
1065.5
5487.0
7926.5
9593.5
7172.5
8307.5
6276.5
7550.0
8280.5
1193.0
7415.0
6914.0
8541.5
8712.0
300.5
5928.0
4508.5
8310.5
10865.5
7331.0
2167.0
5952.0
10287.0
3868.0
6008.5
2180.0
2660.0
0
9507.0
3159.0
2165.0
5931.0
3490.0
401.0
4357.5
7362.0
9483.5
8836.0
6787.5
6091.5
4818.0
8653.5
8393.5
5369.0
7618.0
6642.0
8977.0
7869.5
0
10508.5
6012.5
9862.0
6558.5
6457.0
5929.0
4720.0
7501.0
4438.5
6556.5
7252.0
4578.0
10123.0
5292.0
2187.5
9940.0
3263.5
7215.0
0
7948.5
8888.0
10335.0
8868.0
5146.5
8131.5
348.5
10210.0
8293.5
497.0
5790.5
9734.0
8390.0
3394.0
8540.5
7543.5
4448.0
4441.0
8178.0
9490.0
0
8017.0
11542.0
8631.5
8902.0
8236.5
5423.5
7042.5
7915.5
7419.5
8506.0
4094.5
7911.5
2968.0
3011.0
10386.5
10172.5
5907.5
1047.0
3802.5
8627.0
10199.5
6268.5
6759.5
6146.5
10146.5
9910.0
9839.0
7455.0
10354.5
7259.5
10800.5
2285.5
3375.0
11009.5
68.0
1090.5
4763.0
10660.0
8975.0
0
8441.0
8194.0
3368.0
1133.0
5820.0
10383.5
6129.0
3404.5
5987.5
10497.5
5809.5
2832.0
7148.5
126.5
2797.5
5110.5
6007.5
8482.0
10103.0
9626.0
3850.5
10370.5
8556.5
5236.0
7294.0
9443.5
8161.5
10530.5
3225.0
7844.5
7868.0
6573.5
10080.0
4000.0
6346.0
4117.5
9746.0
5882.5
8896.5
7265.0
7468.5
3655.0
8655.0
3998.5
5522.0
7559.5
10271.5
7770.0
4953.0
5929.0
6331.0
4259.5
6897.5
9650.0
10382.0
10010.0
7133.0
4817.5
10395.0
6557.0
6305.0
10049.5
9890.5
6092.0
2047.0
6322.0
10075.0
3085.0
7825.5
5153.0
8731.5
7885.0
8549.5
9587.5
7566.5
8265.0
2164.5
9727.5
5820.5
7593.5
0
7656.0
8671.0
10664.0
7140.0
7357.0
9694.5
7380.5
7252.0
2068.0
10978.0
5359.5
7577.0
3747.0
11051.5
9242.0
9168.0
5125.5
6468.0
10132.5
5938.5
10211.0
6526.5
6068.0
9206.0
7205.5
6765.0
7155.0
9937.5
10241.5
9845.0
5386.5
1200.5
10035.0
8790.0
9917.0
8997.5
7282.0
8464.0
8952.0
8411.5
2949.0
7112.0
10136.0
6896.0
8426.5
6575.0
9302.5
4339.0
3047.5
1333.5
9328.0
5025.5
10055.5
9183.5
8889.5
1725.0
8415.5
9641.0
8187.5
10371.0
10441.0
6883.0
6107.5
7208.5
8279.0
3118.5
7698.5
9083.5
0
3874.5
10253.5
4538.0
1958.5
10475.5
10689.0
7638.0
10527.0
8726.5
10000.5
7757.0
3380.5
3838.5
10419.5
8441.5
10191.0
10938.5
4283.5
10242.0
9287.5
9675.0
9909.0
9452.5
3416.5
3353.5
5379.5
8091.5
10049.5
8158.5
10082.0
9112.0
7557.0
7584.0
8043.5
6992.0
3486.5
10306.0
2339.0
7820.5
7325.5
8464.0
9400.0
10353.0
8143.0
7482.0
8831.5
5771.0
10233.5
2877.0
7974.0
10179.0
10139.5
3577.0
8525.5
9769.0
10190.5
10129.5
0
0
8005.0
8070.5
3099.5
3810.5
10380.5
9615.5
8565.0
1276.0
9293.0
2087.0
9852.0
10728.5
0
3359.0
6657.0
10463.0
10389.0
8068.0
9735.0
8844.0
3931.5
5918.5
8571.5
6341.0
4345.0
8321.0
8931.5
1797.0
7963.5
8263.0
4122.5
7208.5
9202.0
4737.0
7465.0
6957.0
6946.0
10484.5
4049.0
9042.5
8981.5
8762.5
10057.5
6471.0
6800.5
10368.0
10482.5
9387.0
10049.5
7052.0
9300.0
10517.5
2642.0
8395.0
9895.0
6066.5
6101.5
8525.5
9605.5
1190.0
10199.0
8654.0
8254.5
1357.0
6754.0
8380.0
4161.0
6467.0
967.0
2106.0
3828.0
6472.5
6121.0
10108.0
8641.5
0
7509.0
7256.0
6331.0
5965.0
10097.5
5953.0
9535.5
6850.0
9070.5
9996.5
9561.0
10377.5
8823.0
10253.0
7258.5
8342.0
9351.0
7205.0
10086.0
10185.5
8992.0
6622.0
10498.5
9165.0
8364.5
8586.0
7511.5
6341.5
8793.0
8089.5
10496.0
5220.0
9535.5
10357.0
2253.5
0
0
10492.5
10208.5
6124.0
9947.5
10319.0
4330.0
10469.0
11150.0
6635.5
7535.5
8191.0
9147.5
10140.0
1068.0
6168.5
10530.5
10374.5
10263.5
10129.0
10225.5
10284.5
5279.5
10717.0
10105.0
10329.5
10300.0
10833.5
10470.5
7442.0
10027.5
10750.0
3570.5
7485.0
9052.5
7436.5
9354.0
10074.5
10205.0
7360.0
8127.0
10071.0
10114.0
5103.0
10495.5
9288.5
9429.5
10511.5
5870.5
10468.5
10494.0
10161.0
10080.0
10501.0
10119.5
5601.0
10200.0
9628.5
6564.0
8288.5
10190.5
10239.5
7941.0
8404.5
10155.5
7343.0
8309.5
5931.0
6904.5
68.0
10046.0
10072.0
0
8724.0
8859.0
8836.5
10149.5
10123.0
10073.0
10239.0
4211.0
8299.0
10167.5
2025.0
8905.5
9595.5
7882.5
5143.5
4042.5
1337.5
5742.0
5796.5
10071.0
7211.0
10237.5
10266.0
2808.0
4315.5
10504.0
10107.0
10349.5
4910.5
10045.0
1136.0
10056.0
10391.0
10229.5
2104.5
6402.0
2851.5
10144.5
9971.5
10316.5
5826.5

6520.5
10367.5
9843.5
383.0
3429.5
10093.5
10325.5
10194.5
0
8988.0
1197.0
5629.0
6146.5
7281.5
8300.0
0
10340.5
10498.5
9004.5
9968.5
6685.5
10286.5
10377.0
4313.0
407.0
138.0
10279.0
0
2746.5
9140.5
3407.5
2968.5
7728.5
6755.0
7552.0
5649.5
10356.0
10230.0
9266.0
8568.5
10120.0
8269.5
8028.0
10070.0
10231.5
10545.5
10071.5
10415.0
7843.5
5625.5
11001.0
3140.5
7448.5
10261.0
10942.5
3993.0
6979.5
3023.0
9613.5
7137.5
10503.5
9560.5
10298.5
10283.0
10370.5
3537.0
1500.0
7359.5
6720.0
0
1166.5
10182.0
10620.5
1870.5
5749.5
1274.5
231.5
5987.0
583.0
10274.5
1563.5
9438.0
10588.5
10188.5
2329.5
1069.0
8560.5
10079.5
1525.0
0
10485.5
10565.5
10284.5
10351.5
10624.0
9597.0
8150.0
10151.5
10709.0
2510.0
6493.5
10062.5
10048.0
5756.5
10306.0
8928.0
9155.5
5802.0
9569.5
1630.0
10497.5
10282.0
10190.0
9041.0
10045.5
4113.5
928.5
702.5
11038.0
841.5
9058.5
0
2173.5
7158.0
10239.0
6156.0
10246.0
8310.0
1480.0
10208.5
68.0
3869.0
68.0
7095.5
10499.5
5766.0
10306.5
7196.5
7041.0
3567.0
830.5
5740.0
1594.0
10610.5
10374.5
5614.5
8589.5
8440.5
10298.5
539.0
5527.0
0
10093.0
2573.5
6489.0
6706.5
9629.5
10165.0
10144.0
581.0
3633.0
2547.5
9729.0
10185.5
10084.0
7108.0
6103.5
10068.5
8041.5
10136.5
10282.5
10076.0
10076.5
10123.5
10226.5
9754.5
10265.0
3546.0
10079.0
4521.0
0
10349.5
10290.0
0
2042.0
0
7131.5
9112.0
2489.5
7627.0
6983.0
5032.5
10276.5
6293.0
7609.5
6287.5
9749.0
8240.5
10168.5
0
8219.5
3348.5
9278.5
7975.0
5910.5
9978.5
7853.5
11283.0
7322.0
538.0
9861.0
2474.5
10109.0
6134.5
8840.0
10159.0
10293.0
10065.0
0
9454.0
7167.0
6205.0
9131.0
6398.0
6287.0
6896.0
8583.5
2272.0
8228.5
5657.5
7072.5
7907.0
8684.5
10325.0
5918.5
0
10232.5
998.5
9273.5
9476.0
0
0
10386.5
5497.0
539.5
115.5
10228.5
8929.5
8423.5
656.0
10191.0
8855.0
9033.5
1779.5
8717.5
10441.5
10492.0
5360.5
10399.0
10297.5
10375.5
10063.0
126.5
3642.0
10906.5
8699.0
10330.0
5750.5
10499.0
10119.5
9199.0
10165.0
10051.5
5781.5
9175.0
10111.5
9546.0
10336.0
10337.0
7924.5
5653.5
10678.5
8559.0
4480.5
9031.0
10481.0
7727.5
10779.0
10843.0
7391.5
6696.5
10123.0
2895.0
8898.0
10339.0
10070.0
6093.5
0
4807.0
8746.5
126.5
8627.5
7815.0
6953.5
4149.5
5619.0
1127.5
6095.0
10171.0
10089.0
9305.5
9349.5
10319.5
10427.5
10139.5
6688.5
10047.0
10131.0
10186.5
10189.5
10148.0
8016.5
8421.0
8208.0
4152.0
2224.5
10142.0
10335.0
68.0
8733.5
7412.5
10217.5
10128.0
10041.5
6820.5
4291.5
10203.0
9140.0
9603.0
10371.5
10406.0
8314.5
10439.0
8033.0
6926.0
10496.0
9977.0
5751.0
7963.0
2094.0
9322.0
10263.0
6115.5
3350.0
7996.0
2500.0
8164.0
9464.5
9152.5
8159.5
8421.0
4649.0
10124.5
10294.0
8041.5
9304.0
9331.5
7565.5
9778.5
5888.0
8592.0
10350.5
8563.0
4197.5
8819.0
10127.5
10355.0
10051.5
9199.0
10297.0
8559.5
10115.0
10372.0
10030.0
10178.5
9054.5
10391.0
5415.5
5794.0
10419.5
5238.5
10471.0
10146.0
9490.5
6569.5
3794.5
9682.0
9823.0
10080.5
8888.5
9614.5
10366.0
9805.0
10345.5
9855.0
9051.5
7078.5
9445.5
9300.5
5968.5
10521.0
2891.0
7977.5
4942.0
10104.5
8329.0
2850.0
10092.5
10380.0
10055.5
10112.5
2036.0
6542.5
10248.5
10167.5
7881.0
10228.5
10410.0
7437.5
10513.5
7380.0
9381.5
10063.0
10569.0
7170.0
10094.0
10300.0
1398.0
9117.5
10160.5
8800.0
10502.5
10929.5
7747.0
10351.0
10264.0
10466.5
10206.5
7638.0
4411.5
7870.5
10521.5
9918.5
9271.0
10172.0
7921.0
1144.0
459.5
10197.5
10275.5
9997.0
5096.5
9290.0
5087.5
10083.5
8689.5
583.0
8952.0
1322.0
8313.5
3315.5
9582.5
6964.0
5952.0
6210.0
0
10743.0
7292.5
10501.5
10116.0
9890.5
5576.5
10051.5
10512.5
8964.0
1702.5
5353.5
7677.0
10040.0
6735.0
8066.5
4880.0
4617.0
6543.5
9800.0
3635.5
7032.5
8672.0
10294.0
0
6503.5
2565.5
5995.5
9811.0

9307.5
7560.0
10116.5
0
8494.5
0
459.5
0
8957.0
138.0
9137.0
3892.5
3806.0
751.5
6013.0
1158.5
9426.5
9362.0
0
10172.5
9456.0
126.5
592.0
2225.0
8635.0
8391.5
1087.5
8435.5
1339.0
1222.0
6471.0
10217.0
3846.0
6624.0
9407.0
10159.0
4477.0
8280.0
10373.0
10225.0
10312.0
68.0
5497.5
2933.0
0
9641.5
1717.5
7558.0
7442.0
1958.5
8908.0
10181.5
6794.0
8983.5
10014.0
9922.5
10001.0
0
4736.0
10385.5
8693.0
10910.5
10506.5
1865.0
3404.0
10087.0
0
4190.5
10408.5
7528.5
10060.5
10072.0
8892.0
8983.5
10081.5
9948.0
8732.0
3373.5
6179.0
3361.5
0
2398.5
6757.0
9163.0
3363.0
7567.5
7753.0
707.0
7777.5
6739.0
9404.0
7223.5
10062.5
6768.5
0
5.0
8232.5
10306.0
6275.0
10344.5
0
9542.0
6866.5
8433.0
10454.0
10405.0
10055.5
4981.0
9995.5
7475.5
1822.0
10096.5
10068.0
10273.5
10071.0
8561.5
3444.0
4005.0
8255.5
9902.5
7135.0
10259.5
10139.5
5294.5
8755.5
4709.0
10085.5
10473.0
4474.5
2321.5
2527.5
10010.0
0
8454.5
2783.0
4914.5
8391.5
4432.0
10149.5
2789.5
10078.5
8885.5
10041.5
9332.5
6193.0
5198.5
8871.5
6865.0
8250.0
8928.0
8302.5
10100.5
1016.5
486.0
4358.0
4439.0
10257.5
581.5
4522.5
3593.5
472.0
6500.0
6580.5
7357.5
4901.0
7726.5
9398.0
7890.5
10211.5
4439.5
10085.0
10372.5
9464.5
7312.0
4131.5
2885.0
4800.0
2261.0
8569.0
0
10453.5
7046.0
4925.5
7574.0
8208.0
9781.0
6232.5
10174.0
7930.0
7477.0
3005.5
9508.5
2521.0
7165.0
8160.5
10016.0
126.5
1068.5
10501.0
10084.0
2346.5
3925.5
10425.5
10275.5
10555.5
10497.0
4478.5
8614.5
1074.0
9723.0
9884.5
2233.0
4466.5
8955.0
10289.0
10063.0
10078.0
7073.5
9874.0
10928.5
6033.5
10192.0
68.0
10105.0
5163.5
8258.0
7043.5
7423.5
10066.0
8324.5
10174.0
8235.0
6351.0
8241.5
10106.0
9547.0
10481.0
10241.0
10062.0
6164.5
10222.0
6714.0
7158.0
9331.5
5009.0
3285.5
10088.0
459.5
1571.5
10175.0
10502.5
1052.5
10121.5
9425.0
1475.5
10014.0
10687.5
4158.0
719.0
10720.0
7939.0
7624.0
10440.5
1408.0
10096.0
10146.0
9298.0
10492.5
10046.0
3737.5
5821.0
5235.0
2590.0
5627.0
2068.5
8500.0
3515.5
6557.5
190.5
9433.0
10398.5
10019.5
7673.0
6775.0
3513.0
7495.5
10325.5
10237.0
10242.0
696.5
4442.5
9559.0
2085.5
1252.5
9505.5
10891.5
7949.5
2138.5
9052.0
595.0
6381.5
2466.5
7088.5
4583.0
9283.0
5601.0
8657.0
10432.0
6070.0
9144.0
10262.0
6035.0
8562.0
10073.0
10117.5
7434.0
7028.5
5438.5
5155.5
10156.0
6723.5
9525.0
2771.0
9387.0
7663.0
10203.5
633.5
10233.5
10208.5
9912.0
10341.5
8712.5
7485.0
9702.5
8717.5
7240.0
1361.0
10366.5
10294.0
7191.5
9528.5
7099.5
10182.5
10241.0
6768.5
751.5
811.0
6588.0
8379.5
9607.5
8684.5
8219.0
6763.5
7680.5
10344.0
9186.5
8985.5
0
9283.5
10085.0
3478.5
6130.5
5940.0
6313.5
9621.5
0
9816.0
6401.5
10158.5
5642.0
419.5
0
9514.5
6205.0
0
1459.0
8951.5
10347.5
243.5
8302.0
7846.5
3784.5
5944.5
4288.5
4826.5
7559.0
4550.5
3161.5
4004.0
3891.0
7924.5
2272.5
7667.0
6069.0
6641.5
10209.0
1408.5
6176.0
10380.0
3839.5
9817.5
10301.0
3691.5
10311.0
10181.0
6022.5
9639.5
8947.0
737.5
7156.5
10305.0
9725.0
2295.5
871.0
9677.0
7986.0
5925.5
10207.5
10975.5
3832.5
10496.0
3417.5
407.0
2350.0
10191.5
10062.0
4417.5
7518.5
7687.5
6574.0
3949.0
5992.0
9940.5
7830.5
8129.5
6114.5
10120.0
5075.5
2381.0
8028.0
7765.0
10063.5
6835.0
10248.5
10191.0
2327.5
6569.5
5628.5
10425.0
6619.0
646.0
6356.0
9232.5
7203.5
6757.0
4237.0
9922.0
6147.0
9206.5
10329.5
7306.5
4939.0
6399.0
5052.0
1232.5
10149.5
9205.5
10192.5
10494.0
7092.5
9152.0
7098.0
8083.5
10090.5
8186.5
10314.0
9288.5
7664.5
8985.0
10060.5
5195.5
5528.0
10264.0
10252.5
9624.0
8869.0
10560.5
8138.5
7515.0
7108.0
9014.5
9573.0
7457.0
10069.5
3399.5
68.0
7858.5
8370.5
4817.5
9115.0
6630.5
854.0
9249.0
9848.5
10200.0
10470.0
10489.5
8339.0
1991.0
6676.0
2584.5
4743.0
10381.5
7115.0
10472.5
10388.0
10069.0
10285.5
8621.0
3340.0
9031.5
424.0
0
7541.5
10313.5
10170.5
7599.0
10256.5
10198.0
722.0
6626.5
9506.0
10147.5
8930.0
717.0
2734.5
10395.0
6387.5
10119.0
7495.5
10200.5
10846.5
10229.5
982.5
8241.5
10107.5
3848.0
10181.5
9198.5
7577.0
10263.5
5677.5
9518.0
126.5
8239.5
10354.5
8848.0
453.0
5246.5
8236.0
10070.5
10089.0
9804.0
8427.0
10730.0
9995.0
10174.5
9094.0
5617.0
10428.0
9821.0
7569.5
9680.0
10360.0
10224.5
10306.5
704.5
9095.0
7457.5
5331.0
8625.5
0
8603.5
7645.5
10126.5
8949.0
10219.5
383.0
10255.0
8210.5
9666.0
10818.0
4350.0
5651.0
9683.5
10101.5
10295.5
10212.5
10496.0
9366.5
8489.0
10153.0
4472.5
7696.0
5631.5
10090.0
10202.5
9747.0
7440.0
10478.5
10399.5
10789.0
3307.5
300.5
6500.0
10366.0
9557.5
1831.5
68.0
9274.0
10229.5
0
4814.5
9103.0
10649.5
960.0
10071.0
9458.5
952.5
828.0
1632.0
761.5
8471.5
10082.5
10138.5
344.0
10371.5
1780.0
7301.0
4701.5
1461.5
10098.5
6385.0
9075.0
7470.5
10342.5
5665.5
10569.0
10125.5
3214.5
10107.0
316.0
8733.5
10018.0
8916.0
9790.5
9684.0
10493.0
8780.0
8830.0
9074.5
7410.5
9443.5
10093.0
8322.5
8123.0
9820.5
8076.0
9818.0
7438.5
9325.5
7731.5
7053.5
6447.5
10372.5
9193.0
9731.5
10139.0
8762.0
1713.5
10247.5
2412.0
10047.5
649.0
6144.0
913.5
7710.0
5600.5
10117.5
9945.0
10044.0
1943.0
10060.5
10162.0
8678.0
10360.0
7045.5
9800.5
9210.5
9509.5
541.0
9119.5
10069.5
6753.5
10613.5
10047.0
8637.5
10282.0
6645.0
10559.5
9446.5
7996.5
6819.5
6861.5
8673.0
8614.0
8223.0
9108.0
10343.0
6233.5
9950.5
8142.5
8056.5
7457.5
10075.0
10126.0
10332.0
10062.0
5815.0
8510.0
5713.5
10170.0
1070.5
10102.5
8546.0
8913.5
10083.5
4524.5
8481.5
7501.0
9026.0
9357.5
3309.5
9742.0
10289.0
10226.5
2152.5
8691.5
8037.5
9275.5
10515.5
9717.0
4942.0
8942.5
5268.0
10366.5
8766.5
10161.0
10243.0
10367.5
9795.0
10247.5
7818.0
10134.0
5707.0
10129.0
2596.0
7732.0
9922.5
9073.5
3306.5
9628.5
4005.5
8835.5
10124.0
10373.0
7514.5
10141.5
10405.5
10243.0
6689.5
10503.5
10097.5
4305.5
8407.0
10569.0
10142.5
7715.5
10389.0
10044.5
8242.5
10082.5
8448.5
6934.5
7490.0
7148.5
9735.5
9797.5
6507.5
5784.0
8662.5
9794.5
9290.5
10088.0
6410.0
9725.5
1517.5
10164.0
9723.5
7248.5
68.0
6248.0
10170.5
10500.5
4885.0
8266.5
7110.5
9489.0
0
8441.5
9778.0
8920.0
8932.5
9692.0
10226.5
9738.5
8177.0
6211.5
9334.5
4646.0
6494.5
300.5
7103.5
9992.5
586.5
126.5
8042.5
7431.5
1482.0
1000.5
10627.0
9305.0
6826.0
2285.5
10187.5
7499.0
10463.5
7702.5
7460.0
7842.5
2896.0
10142.0
9291.5
10077.0
7761.5
0
3309.0
7546.5
10055.5
10472.0
5019.5
10494.0
7076.0
6922.0
8595.5
10623.5
7803.5
10453.0
10380.5
7669.5
10259.5
6555.5
4046.5
2368.5
5587.5
7073.0
2900.0
68.0
9782.0
8096.0
3339.5
6831.5
2165.0
508.5
10059.0
1984.5
6573.0
8619.5
8970.0
3324.5
8499.0
5008.0
736.0
9221.5
9070.5
9499.0
3751.0
10072.5
8610.0
8977.5
7350.5
4639.5
8592.5
9125.0
10646.5
6769.0
3582.0
6008.0
4306.5
10092.5
2185.0
7355.5
9967.5
8531.0
8814.0
7265.0
10152.5
9658.0
8563.5
165.5
5904.5
9797.5
419.5
8177.5
9709.0
855.0
6917.0
4700.0
7209.0
8473.5
9858.0
5813.5
10089.0
5382.0
7492.5
10126.0
8998.0
10093.0
10054.0
9030.0
10099.0
10509.0
0
9800.5
10116.5
7537.5
2453.5
10347.0
10382.5
10290.0
9981.0
10112.0
9600.5
438.5
8235.0
1902.5
7600.0
9286.0
8593.5
9884.5
9760.5
9613.0
710.5
10063.5
9170.5
9878.0
8979.5
6384.0
8605.0
10086.0
10527.5
8898.0
10136.0
7288.5
3285.0
10049.0
4053.5
9189.5
10054.0
8734.0
10091.0
8733.0
10369.5
8172.0
5772.5
10749.5
10043.5
6173.5
8366.5
6762.5
12759.0
8546.5
10508.5
7270.0
9024.5
3920.0
3971.0
11023.5
9099.5
6626.5
5534.5
8360.0
7822.5
9107.0
10501.0
10471.0
9783.0
7045.5
8413.5
3726.0
10283.0
5008.5
1158.5
7873.0
8556.0
8429.0
10281.5
9073.0
10500.0
6492.5
8016.5
9464.0
9606.0
1301.0
6282.5
6233.5
6243.5
10307.5
9578.5
10380.5
9472.5
10370.5
10046.0
9286.5
8540.5
478.0
10937.0
8801.0
4569.0
2098.5
9275.5
9002.5
471.0
3620.5
10312.5
1160.5
10045.0
10173.5
4071.5
9794.0
6752.5
8693.5
3328.0
10273.0
11039.5
2754.5
6886.5
10271.0
8361.5
10022.0
9252.5
7889.0
5902.5
3135.0
8723.0
8810.5
7207.5
8406.5
7656.5
10283.5
8542.0
8304.5
3114.5
9414.5
2079.5
9861.0
7902.0
7723.0
8896.0
10516.5
10194.0
1513.0
115.5
10837.0
8793.0
10052.5
8025.5
7995.0
9639.0
788.5
1802.0
1974.5
3259.5
9955.5
10051.0
7949.5
9257.0
8968.0
8704.5
9501.0
10062.0
8072.0
10062.5
7432.0
0
11023.5
9302.5
9293.0
11026.5
6206.5
9043.0
9109.5
9817.0
9298.5
9764.5
10059.5
7626.5
8182.0
8905.0
10121.0
10393.0
5615.5
10786.5
3361.0
3140.0
10445.5
5645.0
8737.5
9900.0
10122.0
653.0
10662.0
7889.0
8652.5
9817.5
10624.0
9182.5
9260.0
10510.0
10350.0
6320.5
8149.5
10345.0
10115.5
5931.0
7679.0
10273.0
3636.0
6987.5
10178.5
10071.0
9232.0
8964.0
6792.5
10362.0
3947.5
7967.0
10012.5
8046.5
6362.0
10293.5
9407.5
8611.0
771.5
7019.0
8652.5
7909.0
9591.5
8415.0
10192.0
10178.5
9818.5
7083.5
10515.5
10369.0
8777.0
8179.5
10096.0
8734.0
8454.0
9041.5
9546.5
9513.0
10165.5
4933.5
10065.0
9575.5
10212.5
10117.0
7379.0
10293.5
1523.5
10257.5
10077.5
10644.5
9102.0
10243.0
10304.5
10119.5
6656.5
5302.5
6192.5
9423.5
2707.5
9133.0
7622.5
10368.0
9301.5
9862.0
10080.0
9077.0
10116.5
10212.5
9936.0
10075.0
8724.5
2388.0
10254.0
8510.0
10061.5
9387.5
10306.5
2252.5
10110.0
478.0
10353.0
9848.5
10488.5
9757.5
10169.5
10201.5
6419.5
10210.5
10275.0
8871.5
2775.5
10131.5
7779.5
10335.5
755.5
10267.0
6687.0
10121.5
10498.5
10130.0
8730.5
10353.0
0
10328.0
633.5
138.0
10236.0
10509.0
2350.0
8978.0
8068.5
10499.5
10277.5
9785.0
3962.0
10158.0
9472.5
7620.5
10116.5
6034.0
10363.5
1033.5
9857.5
10865.5
4894.0
10116.0
8347.0
10803.5
8703.5
10336.5
9218.5
10120.5
8507.5
10162.5
7917.5
9146.5
2115.0
10503.0
8767.5
68.0
9921.5
9684.5
8572.0
8608.0
9857.0
10336.0
10183.0
2038.0
8939.5
6026.0
10276.5
10223.5
10065.0
10103.0
10276.5
9490.5
8912.5
10576.0
10278.5
7773.5
2609.5
5870.0
10161.5
10089.5
5973.5
8106.0
9457.5
9404.0
10101.5
7524.0
10313.5
10253.5
5898.5
10338.5
10964.0
10692.0
10222.5
257.0
7751.0
10336.5
6503.5
10326.5
6785.0
10179.5
9949.0
10662.0
1392.5
9497.0
10038.5
9145.0
10102.0
10078.5
10338.0
8911.0
10245.5
10507.5
9667.0
10035.0
10359.5
8566.0
9681.0
10240.0
10433.5
6862.0
7605.0
10215.0
8931.0
10043.0
8776.5
10511.0
10106.5
7703.0
8876.5
10063.5
10473.5
9456.0
9884.5
9092.0
9456.0
11905.5
10151.0
9934.5
4623.5
1619.5
9024.0
10102.5
8898.0
1457.0
8013.0
9436.0
1743.0
1115.5
3001.0
10104.0
8008.5
10068.0
5077.5
10050.0
10232.5
8507.5
3628.5
10263.0
8530.0
8388.0
1333.5
257.0
10608.5
10927.5
8965.0
10383.0
8932.0
7939.5
10236.0
7162.0
7740.5
10178.0
6398.5
550.0
10894.5
10204.0
2933.5
6312.0
1271.5
9972.0
1818.5
8905.5
10046.5
7514.5
10506.0
10128.0
9013.0
8283.5
10085.5
0
8359.0
438.5
8647.0
7370.5
7988.5
10949.0
9965.0
6972.0
10657.5
7385.0
10056.0
7019.5
10086.5
10239.5
10053.5
6574.0
10116.5
247.0
7135.5
9131.0
5331.0
7651.5
0
9704.5
7440.5
10509.5
8856.5
845.0
7352.5
9421.0
10828.0
9259.5
2084.0
9623.5
3288.0
10376.5
8036.5
8101.5
10459.5
9271.0
10133.5
10419.5
10350.0
8251.0
8003.5
7279.5
10046.0
10821.0
5702.5
1059.0
10312.5
1782.0
10065.5
10173.5
9432.5
6581.0
9100.0
7840.0
9399.5
9757.5
2302.0
5959.5
10138.0
1776.5
9800.5
2839.0
2907.5
438.5
686.5
1639.5
7138.0
6537.0
1541.5
7963.0
9925.5
6720.0
7885.5
10196.5
6528.5
478.0
8905.5
9002.0
8848.5
10291.5
10267.5
0
10397.5
0
0
0
7545.0
8076.5
8828.5
598.0
5142.5
9024.0
8418.0
9867.0
8808.0
7528.0
10056.0
1127.5
9784.5
9435.5
285.5
10101.0
10516.0
9922.5
8014.5
4465.5
10501.5
8756.5
10234.0
8933.0
2209.0
2286.0
8955.5
8068.0
10074.5
2401.5
10076.5
10761.5
9596.0
6653.0
2319.5
10030.0
10160.0
5007.0
5497.5
7600.0
10188.5
10086.0
344.0
9078.5
7212.0
2600.0
10113.0
6191.5
10074.5
7008.0
5303.5
9649.5
7170.5
10102.5
10248.0
7875.5
6912.5
9295.0
9773.0
10060.5
787.0
10365.5
8117.0
7627.0
9065.0
9847.5
8004.5
10208.5
9778.0
7094.0
10120.5
8269.0
10407.0
5216.0
5902.5
10076.5
2002.0
10086.5
7258.0
10233.5
8437.0
10511.5
9765.5
8135.0
10474.0
4954.5
10329.5
9668.0
10096.0
7926.0
5566.0
10043.0
10510.0
1323.5
10430.0
8513.0
8044.0
7230.0
6864.5
10203.0
2299.5
5429.0
6970.5
10106.0
9491.0
10123.5
9568.0
8576.0
9252.0
4229.5
9696.0
9323.0
5531.5
10063.5
8894.0
10055.5
5761.5
10336.5
8713.5
7169.5
9692.0
10121.5
8388.5
6028.5
8804.5
7459.5
5316.0
8671.0
10067.5
9374.0
10006.0
7857.0
10450.0
8933.5
9059.5
10186.5
7334.0
3664.0
8995.5
9948.0
4880.5
3475.0
2816.0
7157.5
9019.0
10500.0
10042.5
10627.5
8615.0
8387.0
7885.0
3584.5
9512.5
10363.0
441.5
3945.0
10502.5
10271.0
9899.0
1923.0
10054.0
10360.5
10495.5
10051.5
10212.0
7991.5
9509.0
10109.5
10183.5
6146.5
10202.5
10313.0
10075.5
10219.0
3730.5
8988.5
10049.0
9226.5
739.5
10207.5
3234.0
8197.5
9207.5
471.0
10336.0
10365.5
9218.5
9681.0
4257.5
4924.5
10834.5
10395.0
10289.5
126.5
8845.5
6494.5
10115.0
10046.5
9817.0
9210.5
10057.5
920.5
734.5
10194.5
68.0
10291.0
283.0
8288.5
8956.0
10322.5
8975.0
9554.5
9503.0
10054.0
10047.5
8877.5
9496.0
5676.0
8120.5
10553.5
10269.0
8523.5
10214.0
5690.0
5475.0
10462.0
9190.0
9026.0
9835.0
10195.5
10497.5
365.5
9390.0
10169.0
10078.5
7398.0
5628.0
10507.0
7436.0
6802.0
7965.0
10507.5
10065.0
7664.0
5824.0
10289.5
9558.5
10229.0
10355.0
2945.0
9392.5
1975.0
10256.5
10096.5
10735.0
10505.5
10504.5
9555.5
3283.5
10273.0
10516.5
10094.5
10116.5
8064.5
6432.0
10217.0
9818.5
4134.0
10088.5
68.0
8614.5
9831.5
10194.5
10149.0
9958.5
10154.0
7624.5
10070.5
8193.0
4310.5
9127.5
10366.5
10188.5
9921.5
4807.0
10082.0
10280.0
9043.5
10096.5
3410.0
8202.0
6051.0
10103.0
7334.0
10242.0
8413.0
9739.5
7704.0
6390.0
7159.5
0
8801.5
10475.0
0
10063.5
138.0
10212.5
10478.0
7832.0
429.5
8254.0
10211.5
8343.5
9382.5
10347.0
8725.5
10094.0
7414.0
4893.0
10734.5
9812.0
10501.0
10106.0
8237.5
7704.5
10094.5
3213.5
10431.5
7728.5
7961.0
9370.5
8926.0
7257.5
10221.0
10822.0
10320.5
0
9141.5
3106.5
10088.5
5239.0
10289.0
7452.5
7328.5
10592.0
8384.5
7066.0
10072.5
8628.5
10105.5
8531.5
6306.0
10403.0
4132.5
1833.5
10155.0
8010.5
8685.0
7580.5
10481.0
10516.5
10193.0
9268.5
7631.5
10124.0
10323.5
10072.5
8853.5
9868.0
6394.5
8041.5
9600.0
9816.5
10430.5
10270.5
6635.0
4718.5
10231.0
6561.0
9029.5
10558.0
10186.0
10161.0
10454.5
10061.0
10990.0
7212.5
8308.5
10368.5
10460.5
8595.0
68.0
9888.5
9444.5
10131.5
7402.5
10178.5
6995.5
10482.5
10319.5
10519.5
7215.0
10067.5
9669.0
9697.5
0
8503.5
9227.0
9226.5
10044.0
8167.5
10209.5
10394.5
10101.5
8666.0
10093.5
10116.5
9220.0
8959.5
6697.0
8358.0
3641.5
10516.0
10729.5
10484.0
10719.0
10126.5
10436.0
10506.0
2219.0
10489.0
8513.0
126.5
68.0
10224.5
1700.0
10340.0
5545.5
5769.5
10217.0
10072.0
11036.5
10085.5
6214.5
7387.5
10049.5
1937.5
11043.0
1393.0
9067.0
9670.0
10198.5
8636.0
2221.5
8603.0
8964.5
8711.0
1228.0
10048.5
9333.0
7983.0
10204.5
8632.0
9930.0
10272.5
10222.0
8439.0
8454.0
9746.5
8945.5
10366.5
10107.5
9627.0
10060.0
9456.5
10092.5
8717.0
10242.0
9022.0
9320.5
8884.0
10230.0
10518.5
8270.5
10074.5
9398.5
194.5
960.0
9622.0
8902.5
10339.5
2700.0
4964.5
3149.5
10229.0
11164.5
1086.5
10157.5
10374.0
8786.0
7893.0
8114.5
1542.5
10133.0
419.5
1209.5
10287.5
10269.0
10137.0
10151.0
10075.0
7285.0
5960.0
7134.5
10246.5
9379.0
10121.5
10102.5
8988.0
8369.0
8481.5
10527.5
10186.5
418.5
9818.5
9637.0
8378.0
2670.0
9331.0
8828.0
8526.0
10079.5
10520.0
10509.0
10066.0
10058.5
8770.0
8029.5
10056.5
10167.5
10499.0
9840.0
7809.5
126.5
4517.5
7770.0
10044.0
10050.0
8670.0
3698.5
8762.5
10323.0
6387.0
0
10089.0
10260.5
1180.0
7058.5
7259.5
10154.5
10462.0
10806.0
9937.5
10801.5
8083.5
8694.0
10118.0
10131.0
7539.0
10869.0
7186.0
1121.5
7263.0
5267.0
8507.0
10282.5
5550.0
8415.0
9158.5
9468.0
9249.5
10188.5
8503.5
9655.5
9803.5
8707.0
10193.0
5274.5
8250.5
8810.0
9404.5
8959.5
4921.5
9126.0
7258.0
8802.0
8353.5
7620.0
3613.0
9079.0
10059.0
9486.5
7301.0
10285.0
723.0
10172.0
8343.0
8025.5
8572.5
7910.5
7125.0
10315.0
9184.0
10058.5
1103.5
10283.0
9458.5
10128.5
3990.5
10516.5
8783.0
10109.5
10088.5
8635.0
68.0
10161.0
7020.5
10106.0
10948.5
10068.0
8850.0
1527.0
8905.5
4790.0
5288.0
8608.0
8459.0
7418.0
7264.5
8949.0
9281.5
7354.5
9007.0
10324.5
5857.5
7646.5
10057.5
10197.0
8604.5
10262.5
10340.0
9049.0
8826.0
8913.0
10498.5
734.5
700.0
7159.5
10263.5
10048.0
9468.5
495.5
1705.5
8451.5
1467.5
10501.5
10028.0
10511.0
10281.5
10185.0
8873.0
10190.0
8274.0
8498.0
10118.5
4672.0
10079.0
10288.5
10043.5
7284.5
9593.0
8085.0
10397.5
8433.5
8562.5
10216.5
10126.5
1354.5
10068.0
5522.5
10062.5
9570.5
8746.0
10319.0
7913.0
9588.5
9855.5
10173.5
1161.0
9031.0
5409.5
7102.5
6732.5
7966.0
10502.5
10098.0
8788.0
9120.5
9457.5
7355.0
10348.0
8352.5
8327.0
8711.5
8620.5
68.0
10076.5
8084.0
10093.0
10295.5
5264.5
8682.5
10070.5
10201.5
9621.5
10070.0
8365.0
5283.5
9590.5
1036.0
8099.5
10054.0
3104.0
7251.0
10329.0
10450.5
6366.5
6328.5
10175.0
8126.0
5224.5
7933.0
9177.0
9742.0
8566.0
8165.5
10412.0
10537.5
8398.0
10048.5
10209.0
2537.0
10092.5
6531.5
10134.5
8202.0
10402.5
9859.0
10490.5
10493.5
9015.5
10438.5
68.0
9317.5
8746.0
9405.0
10497.0
10321.0
10504.5
9885.5
9588.5
10228.0
7802.5
9344.0
10229.0
10055.5
8036.0
8804.5
10301.0
9763.0
10247.0
9313.5
10398.5
9903.0
9273.0
10491.0
10064.0
10266.5
6174.0
10046.0
10132.0
7942.0
384.0
10347.0
8708.5
10095.0
2526.0
1946.5
10799.0
8478.0
554.0
10285.0
6681.0
8333.0
9816.5
478.0
2854.5
10329.5
7492.5
2313.0
10084.0
5621.0
8553.0
8334.5
10554.0
9487.5
2979.0
1631.5
2674.0
7956.5
8657.5
5338.5
190.5
5429.0
7693.0
0
9803.0
3453.5
8644.0
4927.5
401.0
5175.0
8644.0
10065.0
1560.0
10207.5
126.5
10060.5
9966.5
7255.0
1379.0
8041.5
10134.5
10075.5
8958.0
4854.0
7874.5
8975.0
9741.0
10440.5
4263.5
9417.5
8371.5
10405.5
5185.0
10145.0
8851.5
828.5
10420.0
10045.5
9925.0
478.0
7185.5
10290.5
7461.0
10292.0
10368.0
491.0
1978.0
9800.5
1583.5
8719.5
508.5
8132.0
10365.5
8304.0
8606.5
841.5
11564.0
11003.5
8945.5
9162.0
10691.5
10320.5
7521.5
6181.0
9657.0
10058.0
10244.5
10163.5
10063.5
8980.0
10041.5
9348.5
10501.5
10120.5
183.5
9961.5
10314.0
10069.5
10550.5
10385.0
9616.5
10047.0
8011.0
10347.5
10058.5
1229.5
10274.0
10130.0
4469.0
10390.5
640.5
10499.0
10383.5
1583.5
10177.5
10494.5
1157.5
10394.5
10285.5
10048.0
9425.0
10962.5
10279.0
10107.5
10233.0
9876.0
10106.5
10636.0
10058.5
9687.5
10080.0
10239.5
10156.0
8967.5
9386.5
8616.5
8599.0
10177.5
9919.5
10049.0
10088.0
7863.0
10124.0
10453.0
10092.0
8905.0
9882.5
8031.0
10103.5
997.5
8480.0
4630.0
10483.0
8930.5
2112.0
790.0
126.5
5974.5
10288.5
9477.0
411.0
10277.5
10329.5
10251.0
10166.0
0
5301.0
794.5
2653.5
9212.5
7471.0
10407.5
10058.0
9799.5
4827.5
9282.0
8609.5
8255.0
3390.5
7418.0
8900.0
9465.0
10273.0
8960.0
10487.5
9278.5
3469.0
6495.0
6860.5
8452.0
9758.5
8043.0
10616.5
10404.0
10102.5
8565.0
9464.0
10260.5
8514.5
8707.5
10180.5
10080.0
10114.0
1408.0
9411.0
1439.0
10077.5
10095.0
10442.0
9831.0
10421.5
7793.5
9379.0
4744.5
10371.0
9490.5
10049.0
8438.5
10784.0
9477.5
1041.5
8140.5
7026.0
9652.5
10494.5
10368.5
2962.5
934.5
10340.0
9892.0
10681.0
9455.0
10077.5
10499.0
1399.0
8133.0
9572.5
7355.5
3995.5
3181.5
5071.5
10236.0
10149.0
2900.0
4025.0
10196.0
1160.5
6325.5
9177.5
7944.0
68.0
68.0
10117.5
790.0
10045.0
6444.0
8931.0
10064.0
10083.0
8449.5
3354.5
1566.0
8771.5
10242.5
8317.5
7762.0
8751.5
2489.0
7840.0
8092.5
10529.5
8248.5
10184.0
5910.5
3335.0
9484.0
7242.0
8794.0
10056.0
9478.5
10159.5
9448.0
10055.0
10149.5
10076.0
10289.0
10356.0
9704.5
10287.0
10273.5
10021.0
9495.5
9211.5
10255.0
9595.0
10265.0
10491.5
10083.5
4695.5
10275.0
10278.0
10080.0
10199.0
10083.5
9903.0
10244.5
6666.5
10008.5
10139.0
10182.0
8473.0
7975.0
10279.0
10420.0
2796.5
5790.5
9447.0
10895.0
9181.0
1655.0
10127.0
603.5
10098.5
10420.5
9021.5
7307.0
497.0
7577.0
8041.5
9953.5
10327.5
9347.5
8970.0
10118.5
10260.5
9721.0
9282.0
10054.0
3461.0
7799.5
10105.0
8000.5
10086.5
10168.0
10196.5
10044.0
10495.0
10083.5
9499.5
10071.5
10350.0
10209.5
10299.5
10192.5
9119.5
10360.5
10174.0
10052.0
10129.0
9900.0
10313.0
10334.0
10212.5
10048.5
9412.0
10076.0
10147.5
10539.0
8205.5
10081.0
10208.5
10520.0
10158.0
10207.5
2590.5
10055.5
8330.0
9133.5
4522.5
10049.5
9126.0
10464.5
10064.0
10082.0
9625.0
10068.0
10496.0
9944.5
10498.0
438.5
10134.5
10238.5
10139.5
9840.5
10216.5
10343.5
8649.5
10127.0
10491.0
8433.5
10079.0
10951.5
10183.5
10118.5
9246.0
10117.0
10336.5
10210.5
10189.0
653.5
10653.5
9931.5
10739.0
10319.5
10110.5
10217.0
126.5
1302.0
9861.5
10096.5
10285.5
10119.0
10638.0
8499.5
10272.0
10384.0
10281.5
10471.0
10056.0
3087.5
10258.0
9913.5
10299.0
10052.5
10499.5
9688.5
10081.5
10153.0
9760.5
1525.5
10159.0
9691.0
8731.0
9018.5
8812.5
7796.0
9452.0
9937.5
10530.0
2180.5
2246.5
9089.5
8750.0
2388.5
10308.5
10362.5
8851.5
9966.5
10485.0
9947.0
8086.5
9759.0
10054.5
8389.5
9474.5
10505.5
10494.5
10322.5
10113.5
9552.5
10404.0
1330.5
10108.0
7699.5
10298.0
9100.5
6391.0
303.5
10281.5
10172.0
10095.5
10508.0
10341.5
10416.0
6320.5
8616.5
932.5
10446.5
7789.0
5593.5
8680.5
8184.5
10478.0
9764.0
10048.0
10838.5
68.0
8036.0
10251.0
2059.0
10063.0
2269.0
7541.5
348.5
9635.5
10114.5
10134.0
10108.0
7905.5
9472.5
10195.5
9427.0
7958.0
6120.5
10463.0
7999.0
10149.0
9925.5
10224.0
10203.0
7070.5
4379.5
9689.0
1685.5
10481.5
10504.0
10103.5
10581.0
6972.5
2673.0
1960.5
10087.0
9030.5
10216.5
10427.5
9303.0
10076.0
2832.5
9035.0
10457.0
10426.0
2555.0
10114.0
10251.0
10101.5
10055.5
9458.0
0
10063.5
8246.0
6982.5
10386.0
4626.0
967.0

10074.5
10463.0
7537.0
8303.0
10888.0
10262.0
7411.5
10104.0
8023.5
10799.0
9510.0
10231.5
8522.5
2476.5
7632.5
8861.0
10227.0
9398.0
7926.0
10085.0
9992.5
9506.5
10096.5
10085.5
9826.5
0
9099.0
10064.0
8715.5
7316.0
10634.0
10599.0
0
8946.0
8738.5
10059.5
10362.5
10485.5
8370.0
9531.0
10249.0
10239.0
10289.0
3711.5
10083.5
7329.5
1187.0
1251.5
3694.0
10433.5
6726.5
8828.0
10278.0
5485.5
10518.5
10120.0
10072.0
8325.5
7211.0
10705.0
10339.5
10807.5
10179.0
10323.5
6077.5
10048.5
10290.0
10897.0
10276.0
10485.0
10307.0
10265.0
10270.0
10606.0
10610.5
7034.5
10131.0
10074.5
10128.0
10311.5
10601.0
3354.0
10327.5
9475.5
8999.5
6026.5
10494.5
0
10074.5
8648.5
10123.0
8021.0
10075.0
8382.5
8936.0
1351.0
6983.0
10352.5
10109.5
10111.0
10298.0
3018.5
10447.5
10054.0
9324.5
9658.5
10174.5
9512.5
8737.0
10373.5
10064.5
9820.0
9382.0
10126.0
9239.0
10455.0
1200.0
10053.0
10149.5
1929.0
10493.0
10322.5
8365.5
10285.0
10774.5
10536.5
7158.0
10071.5
4916.0
5393.0
9395.0
10280.0
10155.0
8948.5
10215.0
10198.0
7000.0
9059.0
10224.5
10093.5
7968.0
10507.5
9066.5
10392.0
10021.0
8841.5
8446.5
9222.0
10161.5
10085.5
3002.5
183.5
9253.0
10255.0
4605.5
10153.0
3212.5
10109.0
9509.5
8764.5
10596.0
9983.5
8985.5
1983.5
9739.0
8949.5
7887.5
10065.0
9412.0
10395.0
8302.0
4634.5
10097.5
10290.0
7424.5
7031.0
8476.0
10510.0
7857.0
8438.5
1148.0
10066.0
9435.5
1180.0
7726.5
9106.5
9443.0
10091.0
848.5
9715.5
9768.5
10149.0
8741.5
10572.5
10408.0
8443.0
10075.0
10099.5
2339.5
7755.5
2830.5
8383.5
9856.5
10418.0
5685.0
10058.5
10168.5
10288.5
10071.0
9625.5
7031.0
9838.0
9842.5
10118.5
3368.5
5434.0
10375.0
10242.0
9914.0
7205.5
10052.0
9132.0
10705.5
10463.0
10512.0
7742.0
9022.0
9246.5
8049.5
9465.0
9431.5
10500.0
3723.5
9699.5
10096.5
10205.0
9363.0
10563.5
9371.0
10815.0
9961.5
10060.0
2490.0
9404.5
10071.0
6872.5
9307.0
10209.5
10500.5
10308.5
10325.5
9317.5
8837.0
9483.0
8185.0
8927.5
8705.0
0
10065.5
6580.0
126.5
9393.5
10056.5
3646.5
10511.5
10208.5
5555.5
9844.5
10056.0
7626.5
10509.5
2363.5
10060.0
10058.0
10064.0
10190.5
9826.0
2687.5
1391.5
3366.5
8366.5
10517.5
9394.0
5384.0
10055.0
2980.0
9741.5
3782.0
10245.5
9580.0
2540.5
8862.0
10042.5
7465.5
10462.0
10171.0
10124.5
9999.0
4948.0
10276.5
10076.5
2673.0
4705.5
10531.0
10246.0
7469.0
10349.0
9758.0
9743.5
10248.5
3505.0
10271.5
10260.0
10273.5
4407.0
5371.0
10104.0
10060.0
7115.5
2571.5
10904.0
3215.5
10129.5
3001.0
4426.0
3135.0
10512.0
6737.0
10300.0
7843.5
3175.5
9783.0
5875.0
8645.5
10398.0
8332.5
10540.5
10081.0
10121.5
4868.0
9990.0
7698.5
6125.0
11056.5
5532.5
5940.0
9443.5
10386.0
10353.5
10469.0
10088.5
9170.0
5843.0
9542.5
1081.0
8608.0
10057.5
2408.5
7025.0
10110.0
6857.5
10174.5
9397.5
10457.5
8621.5
10513.5
4568.0
8537.5
10091.0
9557.0
10314.5
10503.0
8417.0
5697.0
10487.0
6399.0
1088.0
10053.0
10503.5
8927.0
10194.5
9319.0
6231.5
10131.5
7136.5
9641.5
9296.0
10098.0
0
10241.0
10048.0
10342.0
10115.0
8885.5
10595.5
10064.5
2237.5
2155.5
7434.5
10143.0
10483.5
758.5
8661.0
9101.0
8623.5
4096.5
8746.0
9586.0
8450.5
10074.5
6343.0
10399.5
5375.0
8090.5
6679.0
10497.5
10184.0
3357.5
9707.5
10241.5
3792.5
3551.5
646.0
10457.0
10472.5
10117.0
10134.5
10080.5
10050.0
10176.0
10047.0
10072.0
10398.5
8742.0
9089.5
8101.5
10196.5
7996.5
8573.5
10114.0
9588.5
5943.0
10375.0
10055.5
419.5
10053.5
10062.0
10301.5
10445.0
10049.5
10363.0
4322.5
9612.0
10091.5
8777.0
10063.5
5369.5
8389.5
2741.0
10157.0
3314.0
8249.5
7527.5
7452.0
10078.0
5703.5
10116.5
10026.5
9256.0
5121.5
7319.5
10055.0
8798.5
2419.0
10046.5
10149.0
7887.5
10198.0
4984.5
9262.0
9640.0
637.0
10163.0
9777.5
9621.0
10055.5
6303.5
6308.0
8532.0
8383.0
8161.0
10113.0
8486.5
10207.5
10047.0
10516.0
9877.0
10127.0
8353.5
9401.0
10608.5
9672.5
10085.5
10053.0
9789.5
10156.0
478.0
10048.5
10059.5
9899.5
10582.0
10089.5
10373.5
10265.5
7337.5
7538.5
8729.0
10072.0
2912.5
10056.0
5985.0
8084.5
7022.0
10111.0
10055.0
8874.0
10095.5
7587.0
10257.0
10172.0
7235.5
10066.0
9441.5
10059.5
10391.0
9751.5
1340.5
10367.5
10052.0
10259.0
10360.0
2124.5
10101.0
10151.0
10093.5
10311.5
10076.0
10484.0
8367.5
10048.0
407.0
10132.5
790.0
8887.0
68.0
10044.0
4085.0
10118.0
9531.5
9273.5
10111.5
10496.5
10376.0
1500.5
6652.5
7357.5
2213.0
9944.0
10527.5
9236.0
9753.0
11332.0
9254.0
9889.5
9980.5
10112.0
10502.0
10072.0
880.0
10347.5
10312.5
10694.0
10159.0
9449.0
1335.5
816.5
10230.0
10813.5
10354.0
10239.0
11103.5
9160.0
9002.5
10045.0
10089.0
2975.0
9334.0
10302.5
8492.5
2782.5
10067.0
10289.0
9761.5
10132.0
3650.5
4774.0
10185.5
10194.0
8081.5
10214.0
300.5
8019.0
9410.0
10396.0
10057.0
1505.0
10454.0
464.0
3979.0
8980.5
10327.0
2723.5
120.5
7750.5
9366.0
7529.0
10105.0
10493.0
10540.5
10377.0
10106.0
7452.0
10648.5
10281.0
8033.5
9889.5
9441.0
6884.5
10095.0
126.5
8247.5
8690.0
10094.0
9508.0
9339.5
10208.0
10055.0
10209.5
10224.5
2794.0
10297.0
8803.5
10471.5
9014.5
8777.5
8594.5
10613.0
10312.5
8732.5
6761.0
5706.5
2167.0
9963.0
9285.5
10697.0
7473.5
10109.5
10084.5
10071.0
7381.0
10130.0
10150.5
9374.5
2800.0
9377.0
10540.0
3234.5
10964.5
7933.0
8943.5
10400.0
9942.0
10518.0
10097.0
8462.5
1784.0
1393.0
7417.0
2661.0
10776.5
4071.0
10339.5
10120.0
10347.0
1511.5
8192.5
10153.5
10327.0
9770.5
1268.5
1116.0
10169.0
10065.5
9330.5
7189.5
10240.0
8786.0
2541.0
10495.5
8907.0
10082.5
10079.0
8718.5
10227.5
10080.0
10049.5
10042.0
10255.0
9435.5
10385.5
10091.0
10390.0
10259.5
10145.0
8518.0
10283.0
9948.0
10500.0
10151.0
10291.0
10266.5
2166.5
10157.5
6834.0
10052.0
10507.0
0
0
1278.0
9151.0
10231.5
5227.5
9398.0
10092.0
1400.0
841.5
10500.5
10254.0
9488.5
10210.0
10125.0
10091.0
10396.0
7943.0
1118.0
0
7923.0
126.5
4854.5
10454.0
8812.0
10260.0
1819.0
10159.0
7391.5
3814.5
10003.5
10061.0
10272.5
9676.5
10410.0
10522.0
10739.5
10502.5
10102.0
0
0
0
10203.0
10471.5
10277.0
10083.5
10144.0
10095.0
5619.0
8017.5
10486.5
2617.5
9493.0
6199.0
10118.0
10294.0
10189.5
10070.5
10141.5
7711.0
2551.5
10131.0
10135.5
10278.5
10124.5
10168.0
10331.5
1030.5
10156.0
0
10062.0
5016.5
10101.5
7154.5
10112.0
10113.5
10055.0
5167.0
5655.0
10085.5
10166.5
8666.0
8439.5
10129.5
10063.0
10049.5
771.0
9274.0
10035.0
10423.5
10047.0
10198.0
10377.5
9640.0
10255.0
8586.0
10297.5
1884.0
10216.5
10227.5
10173.5
4318.0
10390.0
10267.5
10497.0
6970.5
10133.0
2048.5
6607.5
9343.5
3446.5
4975.5
10664.0
10125.5
10304.0
10350.0
10160.0
10224.0
10109.0
8960.5
10117.5
9454.0
8306.5
3085.0
10145.0
6199.5
8979.0
10411.5
10470.5
9716.5
5230.5
10279.0
10510.0
10045.0
9817.0
10553.0
10413.0
10179.0
8622.5
8876.0
10093.0
10093.0
7845.0
8392.0
6920.0
10069.0
9337.0
2846.0
7450.0
10122.5
10355.5
10064.0
9692.5
10292.5
3887.0
10159.5
6868.0
597.5
10259.5
10192.0
10063.5
10504.0
10733.0
10501.0
10082.5
10497.5
9696.0
1994.0
10203.5
10199.5
10102.0
1579.0
9683.5
10516.5
10092.5
10189.5
10151.0
10130.5
10108.5
10332.0
10359.5
9821.5
10142.0
10046.0
10468.5
10812.0
10509.5
10142.0
9430.0
10488.0
9980.5
10208.0
10438.5
10614.0
4378.0
544.0
9834.5
10113.0
10209.0
9615.0
8498.0
3407.0
8764.0
7674.5
10351.5
10101.0
6489.5
10337.5
9080.0
10113.0
7639.5
10057.0
8469.5
10379.5
10221.5
10111.0
10495.5
10057.5
9635.0
10077.5
8674.0
10066.5
7776.0
2629.5
10224.0
10153.0
10325.5
10096.5
3759.0
10153.0
10078.5
10354.5
8220.5
6411.5
10385.5
9582.5
9488.0
10078.0
6479.0
1045.0
10134.5
10186.0
10376.5
11116.0
8913.5
10490.0
6372.5
10343.5
10294.5
10225.0
10549.5
0
10126.0
10248.5
10091.0
10287.0
138.0
8482.0
9365.5
10127.0
10499.5
10154.0
10105.5
10211.0
2558.5
9671.5
9057.0
8315.0
5945.0
10051.5
10053.5
8394.0
10409.5
10166.5
10076.5
9396.0
10139.5
9884.5
6319.5
9862.0
10692.5
10411.5
10116.5
4043.0
8877.5
10108.0
10511.5
10252.5
10435.5
10114.5
9572.0
10091.0
10763.0
917.5
10122.0
10077.5
6058.0
9749.0
8490.5
10181.5
4407.0
6975.0
6546.0
6059.0
10253.5
2803.0
7720.0
10236.5
7886.0
10384.5
10109.5
3032.5
10524.0
10368.0
10176.0
458.0
5513.0
5819.5
10507.0
10111.0
10122.5
784.0
8203.5
10189.0
10187.5
10297.0
9642.5
10424.0
9818.5
2453.0
10189.5
515.5
10514.5
10243.5
10062.0
10514.5
10348.0
7611.5
10116.5
10310.5
8105.0
10551.0
9781.5
10940.0
9463.0
10233.0
4005.0
7687.0
8651.5
10263.0
3789.5
7965.5
10650.5
10751.0
10823.5
9732.0
3784.5
3018.0
9902.5
4825.0
10487.0
9546.5
8675.0
10478.5
7948.5
6315.5
68.0
10452.0
8800.0
10555.5
5083.5
1161.5
4452.0
2238.5
9371.5
9633.5
9690.5
5637.5
9679.0
8639.0
419.5
3682.0
9229.5
8484.0
7669.0
5294.0
3267.0
8275.0
1672.5
10260.0
10122.0
10344.0
9384.0
9587.5
7701.5
1001.5
5243.5
8130.5
4138.0
8839.0
383.0
10221.5
8063.5
8438.0
9498.5
3185.0
7146.5
721.5
10064.5
10434.5
10499.0
9778.5
9419.0
2927.0
10511.0
10601.5
7156.5
10057.5
6406.0
7879.5
7994.5
8100.0
10175.0
7844.5
10503.5
10680.5
10179.0
11583.5
10082.5
10042.5
11044.5
8472.5
10133.5
3297.0
10157.0
8029.5
530.5
9252.5
9810.0
8317.0
8023.5
10012.0
10142.5
8775.5
10100.5
8854.0
7023.0
10083.0
9173.0
7134.5
9171.5
680.5
10408.5
10391.5
10206.0
8954.0
9521.0
7852.5
8919.5
4807.5
5608.0
10507.0
9946.5
3996.0
8929.0
8350.0
9545.5
9204.5
9913.5
10311.0
6554.5
7505.5
8909.5
10448.5
7443.5
8915.5
8789.0
8811.0
8510.0
9533.0
10137.5
10512.5
5221.5
10401.5
10452.5
10215.0
10306.5
10063.5
7685.0
10551.0
7812.5
9903.5
4411.0
2950.0
8732.0
0
8513.0
10418.5
9099.0
10331.5
8933.0
10257.5
8788.0
2528.5
10105.0
9807.0
10190.5
9974.0
10101.0
6703.5
9440.5
10132.0
10086.0
9001.0
8089.5
10097.5
4015.0
10285.0
9272.0
700.0
4192.5
126.5
10305.5
7355.5
8816.0
10324.5
10097.0
8888.5
2286.0
10142.0
10114.0
10076.0
4914.0
10363.0
10503.5
3118.0
10364.5
7179.5
5363.0
10552.0
0
10992.0
10501.5
4011.5
10228.5
3153.5
10363.0
9204.0
10168.0
7448.5
10056.5
7488.0
4046.5
9859.5
10623.5
0
424.0
0
6617.0
10064.5
9895.5
4432.0
10326.0
6367.0
6230.5
2489.0
10129.0
4643.5
5155.0
10304.5
10384.5
1345.5
8355.5
8875.5
776.0
68.0
7886.0
0
10286.5
6936.5
8482.0
10144.0
10199.5
2554.5
10297.0
10247.0
8354.0
652.0
126.5
9980.0
10126.5
68.0
1013.5
7639.5
9964.5
8972.0
9826.0
9742.0
7563.0
6398.5
11394.5
8715.5
7636.0
2893.5
10240.5
10150.5
10141.0
7869.5
9674.0
9472.5
9631.5
4757.0
10228.0
9893.5
8391.5
10194.0
10870.0
9265.0
10542.5
9494.0
10475.0
408.5
8948.0
8302.5
10093.5
8986.0
10341.0
9842.0
8578.0
6060.5
6780.0
10047.5
9569.5
6886.0
7457.0
10112.5
10628.0
9676.5
10669.0
9099.5
9734.0
10219.0
10097.5
9211.5
6842.0
9521.5
138.0
9288.5
10353.5
68.0
10159.5
424.0
11015.5
9639.0
10061.5
894.5
1924.0
854.5
10055.5
138.0
10576.0
68.0
10044.5
1037.5
8000.0
8376.5
672.5
7407.0
365.5
771.0
2301.0
10091.0
1478.5
549.5
7857.0
9639.5
1570.5
418.5
10709.5
10051.5
1055.0
1156.0
2369.5
9763.5
6840.5
7273.5
9071.5
8312.5
9285.5
8560.0
10662.5
7807.0
9866.0
10318.5
10429.0
3419.0
10542.5
10478.5
10071.5
10204.0
10256.0
7852.0
10104.0
8262.5
9739.5
9278.0
5924.0
10091.0
8939.5
9956.0
10276.0
8532.0
8711.5
9728.0
2894.5
6863.5
10067.0
6888.5
10874.0
10063.5
10062.0
10056.0
8277.5
10068.5
10279.5
10352.0
10245.0
7650.5
8919.5
3947.5
7777.0
7197.0
10156.5
10447.0
9496.5
2243.0
8552.5
10086.5
6585.5
9526.5

9369.5
8126.5
10287.5
1034.0
10343.5
10163.0
9504.5
10212.5
10323.0
10121.0
10506.0
7591.0
10078.0
10092.5
68.0
10141.0
8731.5
10173.5
10245.5
10067.5
4841.5
10088.5
10057.5
5088.0
10069.5
4562.5
8071.0
9308.0
10524.0
10119.0
9390.5
10290.0
10090.0
8808.0
126.5
10149.0
10203.0
9835.5
68.0
10518.5
10296.5
9126.0
10065.0
10345.0
10343.0
6007.5
433.5
10129.0
8081.5
10235.0
10214.5
11062.5
10407.5
8615.0
9065.5
10404.5
10293.0
4225.5
10498.0
68.0
9940.0
10053.0
10508.0
10534.0
10469.5
10114.5
10472.0
10562.0
10546.5
10382.0
10504.5
8249.0
10067.5
8488.0
10064.5
10089.5
10051.0
4236.0
4220.0
10181.5
10016.0
10236.5
243.5
10170.5
2289.5
9581.0
10142.0
10239.5
8486.5
10498.0
4062.5
10063.0
10099.0
10063.5
10617.0
10300.0
10206.5
10093.5
7749.0
7781.0
10483.0
8473.0
9674.0
10181.0
5064.0
10735.0
9935.0
10286.5
7855.0
2313.5
9719.0
5736.0
10108.5
10276.5
10964.0
2933.5
10490.0
1595.5
4168.0
0
6947.0
9239.5
8610.0
10042.5
10042.0
8442.5
10809.0
4534.0
3866.5
10090.5
4958.0
7958.5
8820.5
9633.5
10173.0
4226.5
8947.0
2886.0
1053.0
3980.5
8967.5
471.0
10088.5
8405.0
8637.0
10487.5
7229.5
10051.5
9432.5
368.5
9296.5
2868.0
8360.5
10438.5
581.0
10165.0
10112.0
9770.0
10098.0
1250.5
5429.0
7868.5
1689.0
7774.0
2255.0
1071.0
9390.5
0
10065.0
419.5
8289.0
7886.0
9984.5
9857.5
10276.0
1992.0
9946.5
10025.0
9002.0
8918.0
5411.5
6748.5
9693.0
9870.5
5596.0
5347.5
10463.0
10571.5
9978.0
8517.5
8980.5
10069.0
9718.5
9388.5
1466.5
10279.0
9632.5
10071.0
10368.0
8132.5
10649.0
9147.0
10395.0
8679.5
3181.5
10370.0
10066.0
10148.5
978.5
5893.0
9759.0
9948.0
9216.5
10626.0
8593.0
10728.5
8679.5
9830.5
10424.0
8923.0
2763.0
10341.5
8399.5
9406.5
5089.0
10062.0
10360.5
9453.0
2969.5
8115.0
1603.0
10336.0
5193.0
10062.5
10321.0
4939.5
9430.0
8171.0
8911.5
3387.5
8915.0
7457.5
10048.5
10100.5
10057.5
10078.0
9024.0
9266.0
7356.0
10300.5
10168.5
10389.0
10361.5
10384.0
10265.5
7433.0
8964.0
10489.5
9792.5
10173.5
2251.0
10325.5
10052.0
8769.0
10148.5
10506.5
10091.0
10874.0
8409.5
6647.5
10397.0
2194.0
6045.5
8162.5
10128.0
9402.0
10827.0
10082.5
10134.0
9658.5
968.0
10181.5
10523.5
6163.5
9387.5
9424.5
9867.0
9362.0
10217.5
8668.0
6473.0
6579.5
10976.0
7680.0
7395.5
10327.5
8514.0
7421.0
10216.5
10089.5
10109.5
7940.5
1516.5
8078.5
9123.5
9871.0
9682.5
8669.0
10447.0
2877.5
10058.5
1531.5
3638.0
7972.5
6773.5
5038.0
6985.5
1416.0
68.0
4421.0
7611.5
9380.0
6337.0
10058.0
10328.0
10001.5
4992.0
9735.5
6983.0
9743.5
10048.5
8969.5
9161.0
8057.0
9523.5
8958.0
10434.0
8692.5
1253.0
8362.0
10223.5
9075.0
10057.0
3027.5
5995.5
8873.0
8846.0
6295.0
10061.0
10108.5
3096.0
10476.5
8704.5
8736.5
7321.5
8049.0
8592.0
1638.5
9690.5
8318.5
8312.5
9765.0
10059.0
9388.0
10091.0
9515.0
3369.5
9592.5
2314.0
6451.5
2177.0
10135.5
10339.5
9845.5
9006.5
7022.0
7063.5
8174.0
8971.0
8943.0
1106.5
9852.5
9225.0
10068.5
8621.0
8800.0
9412.0
8815.0
9265.5
2555.5
9800.5
10462.0
10148.0
8429.5
10058.5
9616.0
10250.0
9535.5
9789.0
9183.5
10295.0
8218.5
8734.0
10062.0
10180.5
10070.5
10112.0
8545.0
8772.5
2899.0
816.5
7627.5
9949.0
10054.5
9797.5
7752.0
8622.0
9673.0
10056.0
916.5
10047.5
10162.0
7739.0
10122.5
4778.5
11080.0
10099.5
9743.0
10065.5
10173.0
7375.5
5252.0
3482.5
10700.5
10186.0
10115.5
7861.0
10116.0
10655.0
771.0
1218.5
8484.5
10498.5
7985.5
8955.5
5883.5
10136.0
10955.0
10165.5
9953.0
6424.0
10120.5
9045.5
7942.5
6737.5
8421.0
6814.5
9798.5
7489.0
10042.5
9008.0
7295.0
9494.5
9170.0
8060.0
10186.5
10075.5
4788.0
10235.0
9298.5
10068.5
10060.5
7878.0
10114.0
10160.5
10721.0
10376.5
10144.5
9290.0
10295.5
8316.0
9145.0
7198.5
9390.0
10801.0
10384.0
10073.0
9995.0
10131.5
9047.5
10602.0
9918.0
9605.5
10438.5
8089.5
489.5
9259.5
10731.5
9981.5
10172.5
9388.0
7937.5
8770.5
10694.0
7676.5
10170.5
10145.0
10466.0
10057.0
9902.5
10081.5
10083.5
9723.5
10051.0
10277.5
9232.0
1782.0
10366.5
9840.0
10248.0
10332.5
10551.5
1497.0
8603.5
8585.0
8500.5
10049.0
9600.5
7947.5
10067.5
8964.5
10513.0
10067.5
6105.0
6611.5
8350.0
10112.0
6975.5
10388.0
8696.5
8531.5
6907.5
8324.5
8952.5
1969.0
9222.0
2567.0
8119.0
0
2071.5
9350.0
10117.5
8013.0
9605.5
9931.0
10141.5
10059.5
9107.0
3242.5
8673.5
8845.0
9551.5
10370.5
9272.0
10092.5
10293.5
7180.5
10067.0
2428.5
8096.0
8753.5
10176.5
9314.0
7273.0
10138.5
10072.5
3381.5
10233.0
4897.5
5232.0
5839.0
9919.0
5121.5
3780.0
10058.5
10428.0
6353.0
9667.0
10249.5
9792.0
7439.0
10151.0
10354.5
10202.0
10054.0
8377.0
7475.0
10216.5
8884.5
8306.5
10084.5
10357.0
10080.0
10031.5
8689.0
4459.5
10120.5
8596.5
5015.0
2885.0
10164.5
10229.5
10453.0
10498.0
7698.0
10070.5
10407.5
9113.0
7979.5
8726.0
8344.5
9003.5
4477.0
10313.5
4744.5
3294.0
9365.0
424.0
10119.0
8370.5
10111.5
1826.5
3614.5
10200.0
10051.0
9906.5
8934.5
9288.5
9000.0
3075.5
4896.5
9460.5
9801.5
7205.5
2165.0
9658.0
8845.5
10154.5
1108.5
10766.5
5219.0
10079.0
2160.5
8788.0
6292.5
8634.5
10167.0
8905.0
10093.5
0
9251.0
9427.0
7125.0
9203.0
8317.0
10289.0
8682.5
3773.5
10361.5
0
8705.0
10049.5
10104.5
10941.5
9569.0
8685.5
9442.5
10284.5
10178.0
4361.5
10055.5
7445.0
8288.0
10347.5
4099.5
8130.5
10158.0
9342.0
8434.0
9776.5
9292.0
7528.0
10016.0
9895.0
9037.0
8881.0
9026.5
9985.5
9982.0
0
10443.0
10259.0
10216.0
934.0
10058.5
10101.0
8296.5
8533.0
68.0
9873.0
10228.5
6972.5
10062.5
6704.5
9537.5
10294.0
10066.0
2323.5
10336.5
10049.5
10052.0
10058.5
10054.0
8029.5
7365.5
10098.0
3866.0
8873.0
7657.5
10495.0
10370.0
9723.5
10095.0
9154.5
8340.5
7964.5
8979.5
10144.5
9836.0
10059.5
3928.5
5117.5
9166.5
6648.5
8968.0
10058.0
10056.0
8628.5
8718.0
2166.5
10064.5
8406.0
10063.5
7260.5
10042.0
10239.0
2503.0
10291.5
10266.5
8770.0
10045.5
10047.5
9344.5
10107.5
10070.5
10074.5
8168.0
10085.5
9254.0
0
10074.0
10065.0
0
9454.0
10194.0
2084.5
7502.5
4898.0
6086.5
9519.0
6611.0
3098.5
10222.5
10046.5
1331.5
7619.0
0
2011.0
7526.0
10223.0
10062.5
1106.5
10066.5
10057.5
8653.0
9502.5
10191.0
10053.5
5101.0
4389.5
300.5
10115.5
6209.0
7633.0
10062.0
10053.5
8361.0
5174.5
4351.5
10190.5
10317.5
7980.0
10287.0
5848.0
2562.5
9751.5
6506.5
10101.5
2029.5
3224.0
3954.5
10049.5
4047.5
3516.5
0
10279.0
2014.5
10057.0
5905.0
9939.5
10140.0
10299.5
8547.5
10067.0
9409.5
10174.0
4646.0
8393.5
4362.5
10043.5
10053.5
6422.0
0
10119.5
9505.5
1432.5
8260.0
10072.0
10212.0
10054.0
8885.0
8182.0
7981.5
10238.5
5694.5
7964.5
9235.5
1528.0
10317.5
10053.0
10115.0
8987.5
8389.0
7735.5
10148.0
7498.0
10212.0
10130.0
10956.5
10085.5
9822.5
8781.5
9386.0
2175.5
10164.0
9697.0
5358.0
10288.0
10232.0
10514.0
9411.5
10321.0
10228.5
9652.5
10134.5
10050.5
1448.5
1350.5
8902.5
9438.5
6480.5
10645.5
1973.5
10143.5
10043.5
10093.5
5829.0
10207.0
3928.5
5104.0
10511.5
10208.5
10084.0
6527.5
2448.0
9739.5
10069.0
7867.5
10075.5
8054.5
10116.5
10148.5
10033.5
9000.5
7056.0
7931.5
3352.5
10095.0
10171.5
9500.0
10066.0
8111.0
6429.0
10374.0
10445.5
3855.0
9680.5
4913.0
2082.0
10061.5
401.0
10504.5
10054.5
10194.0
8293.0
8812.0
5298.5
8390.5
10136.5
9597.0
10057.5
6625.5
10064.0
10160.5
10261.5
5937.5
10399.0
10249.0
5006.5
9049.5
10189.0
8827.5
10061.0
8906.0
10111.5
7950.5
10178.0
10103.0
10498.5
10048.0
8940.0
4138.5
10395.5
9434.5
9473.0
9853.5
10219.5
5593.5
7487.5
9691.0
9076.0
9313.5
9819.0
626.5
9873.5
9456.0
6857.0
8053.0
9225.0
10510.0
10057.5
10183.5
7093.5
9458.5
7552.0
10053.5
2540.0
3714.0
9632.5
5071.5
3116.0
10312.5
10492.0
9798.5
10656.5
8392.0
10083.0
10079.0
10368.5
10431.0
6419.5
10329.0
9297.0
8884.0
10174.0
4526.0
9643.0
7767.0
10148.0
9436.0
10042.0
6087.0
9425.0
7825.5
2162.5
10263.5
10156.0
10267.0
10180.5
10650.0
10108.5
6743.5
6919.5
8829.0
10206.0
10287.5
10061.5
10097.0
8904.5
5519.0
9207.0
6149.5
10014.5
10218.0
10048.0
9074.5
10065.5
10158.0
10232.0
9936.0
8081.0
10187.0
10096.0
10101.0
9352.5
10505.0
10096.5
10093.5
5987.5
10345.5
10241.5
0
10130.0
10310.5
7300.0
10051.0
10053.0
126.5
6627.0
10089.0
10062.5
9245.5
9021.0
10498.0
9553.5
9404.0
10006.5
9847.0
10060.5
10395.5
10425.0
9244.0
10078.0
8413.0
9906.0
10377.5
10112.0
10257.5
8423.0
10281.0
4717.5
10066.5
10124.5
4587.5
10499.5
3910.5
10518.0
8669.5
8847.5
8032.5
6974.0
9572.5
5786.0
10168.5
10190.5
9570.0
9297.5
6626.5
10248.5
10236.5
2157.0
10203.5
10185.5
1160.5
9022.0
2587.0
0
5492.5
10112.5
10060.0
10485.0
9862.5
10505.0
10049.5
7454.0
10948.5
3961.0
2414.5
9440.5
1081.0
10614.5
10205.5
10065.5
10445.0
10062.0
9470.0
9543.0
1533.0
10246.0
10509.5
6213.0
10074.0
10313.5
6812.0
10186.5
586.5
10156.0
5101.0
10497.5
2380.5
8522.0
9815.0
9837.0
10280.0
9367.0
6403.0
10180.0
10238.0
10270.5
10202.5
9960.0
3635.5
8547.5
10378.0
8363.5
10387.0
10293.0
10835.5
8241.0
10618.5
10511.0
6923.0
10943.0
4696.5
9548.5
10320.0
9456.0
10063.0
1396.5
10455.0
10066.0
10153.5
8689.0
10372.5
10114.0
8321.5
10093.5
10285.0
9853.5
10063.5
126.5
10589.5
10684.0
10075.5
10317.0
10110.0
10197.5
6010.5
10456.5
10302.5
10516.0
10337.0
10231.5
8581.0
7044.0
10149.5
8022.0
10374.5
10052.5
10110.5
4941.5
8009.0
9341.5
10197.0
6093.5
10069.0
10063.5
4637.5
10447.5
9255.0
5301.5
645.5
7045.5
10602.0
5700.5
0
3381.5
10501.5
10086.5
3534.5
10233.5
10090.0
10501.0
4410.5
5737.5
7234.0
9412.0
4093.0
10450.5
8211.0
2267.5
3228.5
10167.5
10053.0
478.0
10049.5
9375.0
9574.5
9759.5
5499.5
0
9017.5
700.0
9622.5
4602.0
7820.5
8505.5
9336.5
10189.0
10123.0
10360.0
10644.0
10068.5
7799.5
5379.5
7917.0
5727.0
2048.5
10041.5
10115.5
10140.5
4580.5
10095.5
10057.0
8415.0
3281.5
9567.0
9063.0
10075.0
528.5
9409.5
4038.5
10495.5
2887.5
9438.0
10054.5
10180.5
3183.0
10450.5
8917.5
0
10067.0
7505.5
10242.0
126.5
4623.5
1349.0
10287.0
10188.5
5252.0
9684.5
1571.5
8392.0
5530.0
10109.0
1521.5
2112.0
8907.0
5232.0
7147.0
3096.0
10407.0
8085.0
1859.0
3370.0
9485.0
7846.5
7632.5
9971.5
6870.0
2906.0
7301.0
10255.5
10051.0
8838.5
7940.0
3696.5
3203.5
10125.5
3540.5
7451.5
1361.5
9726.0
10364.5
9408.5
5309.0
478.0
10507.0
8171.5
4375.5
3956.0
1840.0
3478.5
10244.5
7915.5
4073.5
9935.5
7210.0
1870.5
2468.0
9286.0
7660.5
10145.5
4874.0
10442.5
6417.5
5982.5
5787.5
3766.0
7012.0
2417.5
10101.5
4266.5
8791.0
10078.5
10313.5
10185.5
0
5207.5
8387.5
10139.0
10132.0
4104.5
6441.5
3908.5
3124.0
3585.5
10502.0
4022.5
10514.5
8379.0
7841.0
8729.0
10316.5
3765.5
1794.0
2647.0
2555.5
10079.0
10413.5
10068.5
10059.0
10204.0
6373.5
2310.0
9347.5
8969.5
10363.5
10358.0
0
8084.0
9145.0
5488.0
10498.0
10287.0
1934.5
10079.0
4210.0
10191.5
2765.0
6465.5
8264.5
5516.0
10272.0
0
5517.5
0
2597.0
10067.0
10735.0
8178.5
1762.5
8029.5
6655.5
8890.0
5722.5
10297.0
5216.0
5624.0
382.5
10270.0
7091.0
10371.5
10066.0
10409.5
10090.5
126.5
6018.0
1662.5
10109.5
8525.0
10260.5
10274.0
516.5
9784.5
10137.0
9932.5
10138.0
7278.5
10402.0
7775.0
10291.5
10492.5
10420.5
9725.5
10860.5
8048.5
4431.5
9881.5
1747.0
10529.0
10147.0
7593.5
3267.0
10154.5
10232.5
10166.5
3077.0
0
758.5
7920.5
7946.0
6656.0
9214.0
8325.0
6512.5
1231.0
5935.0
2700.5
10215.0
5530.5
5037.5
10106.5
5906.5
1183.5
0
7214.5
10341.0
1889.0
5071.0
4066.0
0
7501.5
6997.5
9812.5
7042.0
7642.5
10142.0
10241.5
10309.5
7939.0
10541.5
6252.5
7506.0
10110.0
8617.0
7885.5
10508.5
4664.5
10267.0
9077.5
8572.0
4670.0
10480.0
6462.5
7914.0
10103.5
11012.0
128.0
9366.0
3979.0
8599.5
9978.5
10490.5
5918.0
8643.0
5823.5
6406.5
10427.5
10059.5
10168.5
10245.5
10370.5
10452.5
10292.5
10493.0
10107.0
1915.0
4119.0
2623.5
3058.0
8969.0
10506.0
10100.0
10305.0
10050.0
10468.5
10258.0
5634.0
3532.5
10127.5
10055.5
3852.0
514.5
10215.5
9990.0
3212.0
471.0
10474.5
10162.5
2119.0
9123.0
10183.0
10053.5
10366.0
5138.0
10518.0
2765.5
10403.0
8933.5
10343.5
10499.5
10177.5
8848.0
8344.0
1758.5
8919.5
10524.0
10173.0
3448.5
10137.0
10488.5
10299.0
10139.0
10059.5
9082.5
10088.5
9322.5
10315.0
10499.0
10057.0
10374.5
10933.5
10079.5
10097.0
9464.5
10239.5
10488.5
10127.0
11184.5
10530.0
10310.0
10456.5
10098.5
10237.5
10105.0
10271.5
10762.5
10169.5
10058.0
10180.5
10242.5
10478.5
10718.0
10489.0
10744.5
10991.0
10593.0
10649.0
2072.5
7497.5
10076.0
10107.0
3507.0
10484.5
0
10228.5
2849.5
10321.0
10060.0
9541.5
10471.5
10214.0
10253.5
8700.5
9596.0
2260.5
9515.0
10618.5
5738.0
2347.0
1022.5
7412.5
4672.5
8554.5
10214.0
1111.5
10231.0
10197.5
9689.5
10234.0
9089.5
10011.5
2840.5
1019.0
10173.5
10162.0
8218.0
10245.5
9687.5
8316.5
10112.0
395.0
8782.0
10389.5
6131.0
9598.5
1167.5
10489.5
10505.5
10324.0
344.0
9922.0
8843.0
10059.5
9723.0
6314.0
10502.0
10515.5
10322.0
8122.5
8005.0
2487.0
10043.0
0
9235.5
9190.0
10663.5
10065.5
733.0
10059.0
1032.0
497.0
9489.5
10143.5
9567.5
10297.0
9095.0
1969.5
1037.5
10053.0
9272.0
10455.5
989.0
7160.0
10048.5
10246.0
10041.5
10406.0
10501.0
6675.5
3335.0
10270.0
10319.0
6940.5
8980.5
8243.5
10346.5
10140.0
10414.0
10234.5
3165.5
10471.0
9944.5
2451.5
9510.0
10239.5
548.5
8941.5
6149.5
10254.5
2161.0
10118.5
68.0
10199.5
0
9350.5
568.5
4519.0
8625.5
3017.5
10331.0
10208.0
5512.5
8610.0
10499.0
10072.5
10441.0
4098.5
2044.5
3449.5
0
10323.0
401.0
4839.0
4472.0
7494.5
10093.5
10511.5
10050.5
3358.5
6653.0
8029.5
8742.5
8025.0
9141.0
7957.0
10064.0
894.0
10134.0
2898.0
7487.0
10041.5
4034.5
8007.5
10191.0
8095.5
6913.0
10058.0
10243.0
1918.0
6955.5
3228.0
3387.5
7739.5
6961.5
7217.5
5065.5
7724.0
10146.0
10723.5
1772.0
3246.5
10787.0
8847.5
9010.0
7892.0
4675.0
3451.0
10722.0
10830.5
3686.5
9510.0
10239.5
10196.0
9988.5
10144.0
8885.0
0
10494.0
8656.0
10240.5
8050.5
7906.0
10407.0
7339.5
7012.0
10226.0
10149.5
8074.5
10442.5
871.0
10248.0
9387.5
1793.0
4507.5
2376.5
9349.5
3024.5
7903.0
9344.0
10409.0
7419.0
1998.5
8757.5
6591.0
9931.0
6967.5
5030.0
7126.5
3155.0
10492.0
6203.0
9582.5
9692.0
8552.5
10273.0
6885.0
9403.0
9240.5
10511.5
10099.5
6492.0
9449.5
10050.0
10728.5
10176.5
10066.5
8313.5
10116.5
7471.5
9126.5
7283.0
1030.5
9696.0
9016.0
9748.0
10068.0
7974.5
3521.5
8786.5
9839.0
8334.0
9862.0
3241.5
9665.5
2265.5
2301.5
8092.0
8461.5
9287.5
10080.5
5851.0
10296.5
9766.5
8411.0
9463.0
10755.0
4730.5
8612.0
10511.0
10122.5
8571.0
6793.0
970.0
10069.0
10474.0
10272.5
7663.5
7448.5
4257.0
10110.5
7452.0
7610.5
4650.0
8150.5
2643.5
9402.5
10506.0
10117.0
10027.5
7802.0
2088.0
9822.5
5653.5
10252.5
9330.0
9849.5
5817.0
5837.5
7622.0
8072.5
7373.0
8476.5
10078.0
3659.5
8357.0
10154.5
10061.0
9570.5
10433.5
3908.0
10155.5
10044.5
9820.0
10164.5
10072.5
2947.5
9091.5
7921.0
10532.5
2306.0
6876.0
10116.0
9980.0
10209.0
8737.5
10063.5
10330.0
8340.0
8043.5
831.5
9548.5
10371.5
4429.0
5040.5
9507.5
9577.0
8053.0
10111.5
10273.5
9489.5
9138.0
7654.0
8885.5
10053.0
8984.5
10060.0
4119.5
8226.5
9161.5
10055.5
10198.0
9765.5
7328.5
9557.0
1408.5
5954.0
8276.0
9427.5
7312.0
10501.0
10068.0
8130.0
9958.5
6653.5
9874.5
9353.5
10233.5
10069.5
0
10170.5
7779.0
8832.5
6935.0
9883.0
2097.0
10124.0
5740.0
9357.5
10421.0
5538.0
138.0
9251.0
9801.0
4132.5
10055.0
9344.5
10212.0
10218.0
9155.5
10492.5
9681.5
10451.0
5293.0
8540.0
3148.0
10489.0
10076.5
10672.0
2269.0
8475.0
10053.0
9410.5
10102.5
5066.0
7979.0
8637.5
2220.5
3554.5
9850.0
9851.5
424.0
8246.5
10082.5
8809.5
7367.0
10291.0
10060.0
3748.5
9856.5
8262.5
9836.5
9679.0
9088.0
10454.0
9152.5
9004.5
8098.0
7975.5
10454.5
10073.0
10398.0
9467.0
6998.5
9704.0
9519.5
3365.5
4816.0
10225.5
10225.0
10062.5
10073.0
6106.5
9643.0
6212.0
5198.0
7431.5
9269.0
719.0
0
10064.0
6881.5
6331.0
9907.0
9294.5
10089.5
10414.5
8666.5
9768.0
10316.0
4196.5
10100.0
5234.0
10130.0
9932.5
9892.5
5591.5
5891.0
10111.0
7652.5
10054.0
10495.5
5976.5
9166.0
6644.5
1641.0
8468.0
6951.5
5370.0
3280.5
7276.0
7851.0
537.5
10099.0
8692.0
10044.5
7602.0
9323.5
10061.5
5636.5
7757.0
7268.0
10071.5
2572.0
10119.0
9954.0
6177.5
9623.0
10208.0
10197.5
8875.0
3694.0
5811.5
6928.0
10329.5
10119.0
7233.0
10051.0
8440.0
5511.0
9132.0
10076.0
425.5
5696.5
128.0
5756.0
10303.0
2476.0
10066.5
10229.0
1632.0
7053.5
10490.5
68.0
2717.0
2717.0
0
7558.5
1570.5
2751.5
9469.5
8618.5
9237.5
10269.5
5692.5
10053.5
3767.5
8991.0
1772.5
10517.5
9850.5
10271.5
10219.5
10170.5
10307.0
7999.0
8472.0
7417.5
10100.5
10069.5
3096.0
10312.5
7600.0
10204.5
10047.0
9617.0
7338.0
5087.5
8396.5
7677.5
10396.0
10503.0
10044.5
365.5
6339.0
9227.0
9468.0
641.5
9708.0
10559.0
595.0
9314.0
8859.5
7000.5
10495.0
9735.5
0
10187.0
2856.0
9645.0
1791.5
8286.0
659.0
8877.5
0
8374.5
10114.5
1130.5
4197.0
10122.5
3021.5
8664.5
7728.0
0
10351.0
9073.5
8033.0
68.0
6985.0
8964.0
3859.0
2419.5
6410.0
10257.5
8018.5
8512.0
6864.5
10503.0
7334.5
10241.0
10288.0
9761.0
9354.0
4028.5
5794.5
10318.0
198.0
4103.5
8459.5
9875.5
4533.5
1516.5
2586.5
6816.5
9518.0
0
8078.0
10240.5
6389.0
10058.0
10045.5
8585.0
2551.5
10281.5
7191.5
7847.0
10277.5
8789.0
2423.5
6500.0
10070.0
10073.0
9910.0
1025.5
4433.5
8535.0
7485.5
9859.5
3214.0
5841.0
7759.0
10205.5
10189.5
8328.0
9437.0
10669.5
9766.0
9537.5
8040.5
8812.0
10066.0
10119.5
5330.5
7445.5
7835.5
10362.0
359.0
9428.5
0
8212.0
7708.5
10552.5
764.5
1529.0
8264.5
348.5
5979.5
10217.0
7675.0
9939.0
8110.5
10095.0
7095.5
1951.0
9097.5
9033.5
9338.0
8159.0
1275.0
7996.0
533.0
2524.5
10112.0
478.0
10085.5
8621.5
7797.5
4742.0
289.0
7127.0
10288.0
138.0

8712.5
9598.5
5387.5
1640.5
10193.0
3189.5
9398.5
9995.0
9867.0
5854.0
8128.5
10162.5
10057.5
8228.5
3892.0
10747.5
10205.0
7591.0
6286.0
9027.5
9992.0
7210.0
0
0
9303.0
10476.5
10181.5
9616.5
10224.5
5164.0
5431.5
9445.0
10637.0
9187.0
10033.0
253.5
1373.0
3072.5
10434.5
10345.0
7511.0
138.0
10054.5
7584.5
9374.5
9683.0
8643.5
9069.0
3791.5
8903.0
3221.0
9945.0
7725.0
6176.5
10797.0
5993.5
523.5
2171.5
4902.0
10086.0
10174.5
5441.0
484.0
10047.0
6733.0
1709.0
10501.5
7357.0
3047.5
9263.0
9109.0
8961.5
3764.0
2153.5
4003.5
10706.0
10139.5
2995.5
5567.0
8398.5
10668.5
10080.0
10109.0
10161.0
2097.0
10234.0
9041.5
10249.0
10073.5
8813.0
10113.0
6621.0
4065.5
6010.5
9405.0
3707.0
4932.5
9886.5
7977.0
7376.0
2134.5
1397.0
8986.5
3649.0
4973.5
790.0
7509.0
7338.0
8334.0
0
1119.0
839.5
10347.0
4527.0
8654.0
10484.5
10462.5
5043.0
5863.5
9947.0
10068.0
8773.5
1346.0
9968.5
8511.5
10121.0
10094.0
9488.0
8396.5
2540.0
10090.0
8719.5
2598.5
7056.0
9148.0
7882.0
10064.0
1696.5
7437.0
9768.5
7062.0
9858.0
9402.5
8818.0
2158.0
6017.0
8056.0
0
7943.5
9479.0
0
4503.0
0
3805.5
2149.5
8361.0
8209.5
10022.5
4339.0
9395.0
7537.0
3929.0
7372.0
8581.5
3328.5
8500.5
8904.5
10146.0
9748.0
10519.0
5797.0
9704.0
1068.5
5273.0
2115.5
5072.5
6663.5
8547.5
7206.0
10237.5
10229.5
9002.0
10167.5
1895.0
10310.5
9869.5
7508.5
9307.5
10184.0
7877.5
10479.0
6825.5
8509.5
4707.5
8427.5
0
9787.5
9636.5
10524.5
10359.0
4962.5
10063.5
4662.5
5526.5
10073.0
10074.0
9247.5
10280.5
10192.0
7698.5
7374.5
7795.0
9177.0
9294.5
3790.0
6584.0
5453.0
10446.5
9738.5
9858.5
10356.0
8269.0
4330.0
8902.5
7665.0
8176.0
7476.5
8517.5
9643.0
3702.0
10150.0
10805.0
9173.5
10255.0
365.5
8563.0
10199.5
10193.0
9648.0
10286.0
10063.0
9053.0
2810.0
8568.0
5636.5
5039.5
4558.5
7927.0
9250.5
4520.0
10230.5
10523.5
10343.5
10199.5
6361.5
10188.0
10246.0
10054.5
10317.5
6534.5
9305.0
6162.0
10185.0
6505.5
10015.0
9304.0
6949.5
9487.5
10567.5
5285.0
8407.0
4786.5
9966.0
5120.5
6809.0
10066.0
8964.5
7594.5
10791.5
7559.0
10508.5
9925.5
6526.0
4212.0
8512.5
10152.0
1337.5
10162.0
8251.0
10044.5
10058.0
10543.5
10592.0
9492.5
10140.5
7637.0
2680.5
10182.5
10068.5
9476.5
9684.5
7948.0
8306.0
1888.5
8637.5
10202.5
10465.0
10400.0
8797.5
10267.5
7387.5
1566.5
10104.0
419.5
6802.5
882.5
10061.5
8416.0
9187.5
6011.5
9944.5
710.5
9765.0
0
9460.0
4090.5
9940.5
588.0
9203.0
6757.0
10558.5
68.0
7808.5
10805.0
10161.5
9905.0
9539.5
10380.5
1425.5
10041.5
10092.0
10116.0
4719.5
10122.0
10161.5
4943.5
9572.5
4243.0
10071.5
10103.5
7113.0
9053.0
10199.0
10354.0
3539.5
10116.0
4523.0
10061.5
3160.0
10304.5
8070.0
10404.0
9849.0
7686.0
10169.0
10518.5
9050.0
4755.0
9236.5
7562.5
2691.5
10221.5
10105.5
8515.0
8299.0
10539.0
7122.0
2201.5
2938.5
9296.5
8182.5
3904.5
6675.0
6012.5
9428.0
10174.5
9229.5
2926.0
10106.0
6775.5
7493.5
9716.0
3706.0
7322.5
6766.0
10105.5
10053.5
9295.0
10628.0
9730.5
10117.5
6689.5
8458.5
10156.0
8934.0
407.0
8323.0
2490.5
411.0
1975.0
10382.5
10276.5
10096.5
7443.5
6181.5
5155.5
4335.5
10124.5
9241.5
8369.5
10731.5
8363.5
10271.0
9699.5
10089.0
10091.0
10251.5
9233.0
9871.5
7189.0
7698.5
9143.5
497.0
9633.0
9829.0
10234.5
424.0
10055.5
6309.5
7188.5
1273.5
10138.0
7433.0
9603.0
2342.0
3333.5
6327.5
10308.5
10460.0
8194.0
629.0
5515.0
8955.0
6787.0
7521.5
2570.0
10262.5
7757.5
6724.0
8531.0
10304.0
8736.0
2285.0
6774.0
1511.5
7949.0
9305.5
3047.0
8518.0
7465.0
9352.0
8700.5
6617.0
1035.0
9057.0
9182.0
138.0

2586.0
5684.0
3387.5
419.5
10116.5
5252.0
5478.0
9437.0
10148.0
4114.5
10293.0
9788.0
10323.0
9282.0
1939.5
8486.0
6490.0
10187.5
10368.0
9316.5
10506.5
1897.5
2027.0
10420.5
10330.0
10067.5
1836.0
4740.5
4421.0
5379.5
5603.5
8559.0
7676.5
7771.0
1363.5
3247.0
10073.5
10096.5
6615.5
9919.5
8931.5
10060.5
10140.5
4653.0
8723.0
3164.5
10175.0
5665.0
5517.0
10269.0
3155.5
285.5
10077.0
9574.0
9702.5
10388.0
10100.5
10623.0
8342.5
9149.5
10049.5
10146.0
7578.5
8128.5
9906.5
10148.5
9553.5
10234.5
7312.5
8801.5
703.5
10310.0
3233.5
10189.5
9292.5
5228.5
9940.5
1447.0
7957.5
10628.0
10230.5
692.0
10082.5
10078.0
10472.5
1310.5
9117.5
7747.0
10077.5
0
964.5
10374.0
9256.5
3613.0
10056.0
8465.5
1979.0
10239.5
9389.0
5713.5
10188.5
8867.5
6056.5
10279.0
10354.0
10289.5
7957.0
10376.0
10445.5
10392.5
8287.5
8917.5
7544.0
583.0
10211.5
10412.5
3459.0
1959.0
6100.5
9937.5
10559.5
7229.5
7795.0
8761.5
5601.5
7489.0
7999.0
6560.0
2633.0
6136.5
10696.0
9907.0
7834.5
10447.5
5900.5
10128.5
9859.0
9025.5
9774.0
8017.0
3735.5
4684.5
10103.0
9500.5
8187.5
10962.5
10272.0
1131.0
10192.0
8307.5
10342.0
10394.5
10146.5
8321.5
2430.0
10059.5
7287.0
7995.5
7307.0
506.5
2411.5
9537.0
448.0
2216.0
6874.5
10365.0
10394.0
7435.5
10077.5
10495.0
10637.0
10229.5
5796.5
8081.5
10089.5
8539.5
10501.5
8964.5
10240.5
316.0
10044.5
10080.0
10145.5
8878.0
10094.5
9761.0
9026.5
10074.0
10077.5
2686.0
8553.0
10216.0
3981.5
1952.5
6650.0
7190.5
10083.5
10442.0
10407.5
10409.5
9053.0
10253.5
9668.5
8747.5
3802.5
10504.5
10262.5
8264.5
9937.5
68.0
8326.0
8002.5
0
2108.0
6726.0
10211.0
974.0
10238.5
9672.0
7843.0
68.0
8586.5
10414.0
1383.0
359.0
7078.5
7655.0
9784.0
716.0
4572.5
8886.0
710.5
6492.0
7417.5
1797.0
8070.0
10226.0
10245.5
4262.5
10492.5
6029.5
2141.5
3649.5
10280.5
10176.5
7718.5
7527.5
10092.0
10293.0
6157.5
10114.5
10027.0
10440.5
10137.5
10144.0
8211.0
10502.5
9174.0
9925.0
10044.5
10468.0
10105.0
10499.5
6847.0
10053.0
10182.0
10182.5
813.5
9921.0
10202.5
10461.0
10098.5
10487.5
10359.0
10314.0
10204.0
10120.5
7456.5
10233.5
313.5
10391.0
10252.5
10346.5
10060.0
10102.0
10381.0
10463.0
10519.5
10125.5
10400.5
10115.5
10072.0
10338.0
1259.0
5392.0
10502.5
10066.5
10141.5
10499.5
2201.0
10441.0
10704.0
2353.0
8332.5
10651.0
10132.0
8215.5
9265.0
10101.5
737.5
1669.5
9730.0
10328.5
8884.0
7646.5
10117.5
7811.5
8100.5
10721.0
10636.0
9579.5
10285.5
8799.0
8155.0
4487.5
3389.5
10207.5
8081.5
10422.0
10131.5
10416.5
3028.0
4464.5
10057.5
10297.5
5747.5
10180.0
6702.5
10066.0
10053.5
10075.5
10474.0
10044.5
10083.0
9896.0
9286.0
6558.5
6463.5
9244.0
10070.5
10146.0
8638.0
6209.0
7151.0
1248.5
10068.5
7388.0
10245.0
10088.0
9642.5
1151.0
7325.5
10285.5
5088.0
10060.5
9193.0
10066.0
2023.5
8888.5
9160.5
4259.5
7545.5
8506.0
3285.0
253.5
10208.5
10076.0
10293.0
10049.0
640.5
3730.5
5390.5
9355.0
10095.5
10049.0
6927.5
8679.0
8378.0
10048.5
10377.0
10203.0
9958.5
10180.5
10127.5
10060.5
0
10067.0
10105.0
10345.0
10067.0
9649.0
10511.5
10503.0
10093.5
5613.0
10508.5
10495.5
4205.0
10125.5
10108.0
10175.5
10133.0
7866.0
10049.0
10205.0
10296.0
5846.5
6658.0
10098.0
8087.5
1071.0
8156.5
9527.0
9209.5
10141.0
1318.5
6455.0
1719.5
10077.5
3862.5
7216.5
10099.5
2445.5
4419.5
10072.5
8142.5
10250.0
5765.0
10183.0
2158.0
7096.0
6527.5
10230.0
8961.5
7641.0
10098.0
6686.5
8590.0
10367.0
3484.5
3971.5
1572.0
7943.5
0
6881.0
8980.5
7616.5
10388.5
6682.5
4607.5
9922.0
7304.5
1687.5
10289.0
2987.5
10067.5
6504.5
6474.5
9885.0
3001.5
10213.5
10008.5
7877.0
10440.5
3258.0
10343.5
9469.5
9736.0
10119.5
10937.0
771.5
9696.5
138.0
9898.0
10236.5
10240.0
10607.0
2131.5
10111.0
2213.0
10111.5
9239.0
9692.5
9440.5
7036.0
7392.5
9300.5
10257.5
5823.5
8960.5
10042.5
1080.5
5334.5
6173.5
8851.0
8813.5
5866.0
2788.0
10340.5
7899.0
7131.0
879.5
7978.5
10497.5
6744.0
4142.0
10221.5
10404.5
3020.5
10273.0
6929.5
10427.5
9308.5
3462.5
10148.0
10247.5
10110.0
10320.0
5813.5
10376.5
10066.5
10348.0
10048.0
10194.0
6269.5
10384.0
10160.5
2252.5
10472.5
10117.0
9145.0
10136.5
2688.0
9704.0
10169.5
10465.5
6193.0
3572.5
10231.5
5264.0
10068.0
10491.0
10129.5
10069.0
10316.0
6063.0
10353.0
10059.5
8333.5
10060.5
6751.0
1881.5
8417.5
7841.5
10121.0
6602.0
5395.5
10675.5
10269.5
10938.5
10462.0
1000.5
8792.5
4113.0
10076.5
10368.0
10057.5
10192.5
10149.5
10330.0
10118.5
7990.0
10065.0
4235.0
10493.0
9452.5
10397.0
10051.0
10490.5
10494.5
8445.5
10431.5
10252.0
10095.0
10324.5
10241.5
10497.0
10594.0
5238.5
10103.0
10198.0
10201.5
3677.0
10061.0
10155.0
1200.0
5590.5
3145.5
9428.5
10331.5
9379.5
3955.0
5456.5
10491.0
10060.5
10270.0
10253.5
3747.0
476.5
10375.5
5525.5
2745.5
10469.0
5578.0
10197.0
2533.0
10346.0
2953.0
9274.0
9663.0
10196.0
10201.5
10320.5
2042.0
9571.5
8998.0
752.5
10234.5
3118.5
9295.0
9958.0
10175.5
1509.5
10097.0
10361.5
10204.0
10278.0
10122.0
10129.5
3124.0
3636.5
9442.5
4964.0
4407.0
1899.0
10512.0
3662.5
10053.0
10089.5
4689.0
10083.5
4089.0
4763.0
8696.0
10132.5
11405.0
10471.5
68.0
7883.0
9859.0
3152.0
10150.0
7458.0
10046.0
10071.5
10439.0
10272.0
10143.5
7948.5
8939.5
9529.0
9214.0
9743.0
9518.0
0
10042.0
8565.0
8360.5
9089.5
10337.0
818.5
10368.5
5361.0
10426.5
10116.0
7461.0
6516.5
10363.0
10449.5
5064.0
10059.5
10071.5
9431.5
3668.5
0
10478.0
5141.0
10285.0
3190.5
8925.5
68.0
9455.0
2425.5
0
6134.0
1693.5
8424.5
10513.5
4935.0
10289.0
8990.5
3023.5
0
1719.0
4879.5
10099.0
10501.5
10391.5
10120.0
10400.0
10058.5
8508.5
10590.5
3789.0
10284.5
10156.5
9435.0
9870.0
10191.5
10190.5
6162.0
10088.5
10493.0
9280.0
9014.5
7524.5
10069.0
10103.5
10053.0
9740.0
7404.5
10085.0
10289.0
9442.0
9444.5
5622.5
10507.5
10095.0
10117.0
0
10640.0
10886.0
10298.5
8581.0
10001.5
9984.5
9874.5
9627.0
1976.0
8498.5
10063.5
10065.0
10064.0
10405.0
348.5
10053.0
10053.5
10273.5
10368.0
10376.0
1520.5
8939.5
138.0
8603.0
7712.5
10341.0
9041.0
10494.5
9796.0
10567.5
10116.5
10072.0
8405.5
10387.5
10813.5
0
10210.5
10250.0
10071.5
10117.5
10084.5
7486.5
9905.0
9455.5
10058.5
9566.0
776.5
10226.0
3486.5
9299.5
1016.5
126.5
0
10059.5
10060.0
7927.5
8721.5
3952.0
829.5
10062.5
6498.5
1864.5
4640.0
9964.0
10052.0
8814.0
7492.0
9379.5
0
9869.0
10272.0
419.5
10046.5
9538.0
10506.5
7971.5
10028.0
5895.0
10044.5
10368.0
7817.5
6880.0
8973.5
7611.5
9931.5
5868.0
7312.0
9082.0
5577.0
6842.0
10149.5
10309.0
5199.5
9399.5
9808.0
5029.0
9905.5
7576.5
3229.0
9445.5
8129.5
10058.0
10501.0
6352.5
8783.5
5586.0
7055.5
9737.5
8243.5
10075.0
10358.0
10231.0
2819.0
9004.0
8416.0
3917.5
8412.0
7557.5
9686.5
316.0
9117.0
7870.0
3109.0
8085.5
9607.5
8621.5
10209.0
6530.0
10092.0
10283.5
10376.5
10273.0
8692.5
9040.0
9207.0
8406.0
9289.5
10373.5
6563.0
10221.5
10122.5
6693.0
8483.5
10064.0
10171.0
6171.5
470.5
10197.5
7091.0
6512.5
4377.0
9404.0
9439.5
10070.0
10086.0
8008.0
8382.0
10076.5
6456.0
9894.0
10222.0
8964.0
1276.5
7515.5
3022.0
10224.0
10179.0
10065.0
9009.0
300.5
8554.0
9835.0
4240.5
9858.5
10444.0
10065.5
6391.0
8173.5
8741.5
10284.5
6419.0
10273.0
10219.5
10413.5
10728.0
10181.0
2477.0
6781.0
9847.5
9003.0
6533.0
7683.0
6261.0
9542.5
2303.5
1034.0
3428.0
9275.5
2823.5
3164.5
10889.5
8970.5
8775.0
6974.0
3312.0
5873.0
7680.5
10044.0
10140.5
4147.5
2444.5
6908.5
6617.5
10122.5
6301.5
8300.5
6063.5
10249.0
10056.0
10053.5
10286.5
9391.5
407.0
128.0
830.0
9848.5
6885.0
10280.5
10068.5
3769.0
7976.5
8169.5
10045.5
7043.5
10224.0
10240.5
10515.0
10323.5
10360.5
10559.0
8768.5
9415.0
10225.0
8520.5
10274.0
9578.0
10081.0
10492.0
2116.0
7424.0
10943.5
9933.5
10385.5
9988.5
7487.5
10044.5
4486.0
10473.5
9875.5
10304.5
5347.5
8447.0
9428.0
10432.0
9915.0
8484.5
11317.0
10065.0
10105.0
8045.0
10060.0
2868.5
9376.5
8972.5

8792.5
10298.0
9904.5
10076.0
10257.0
68.0
10056.0
10262.0
8250.0
10182.5
10496.0
6765.0
10273.0
8164.0
10613.0
5594.0
489.5
9858.5
8556.5
8895.0
9751.0
10196.0
10226.0
7565.5
9190.0
10236.0
9209.5
10123.5
6193.5
10063.5
10217.5
10206.5
3739.5
8319.0
9072.5
438.5
10506.0
9444.0
10553.5
10371.0
10087.0
8996.0
3154.5
10322.0
10246.5
7144.0
8715.0
8913.0
7220.5
9153.0
10219.5
10232.5
5659.5
9449.0
9469.0
10293.5
10241.5
6768.5
10096.0
1477.0
10532.0
10112.5
10510.5
348.0
1740.0
10061.5
3636.0
10160.5
10630.0
6454.0
720.5
1556.5
10109.5
6024.0
3261.5
10123.5
10490.0
10511.5
9957.0
489.5
5258.5
6225.0
10066.5
10114.0
8301.0
7026.5
10133.5
9212.5
10328.5
10504.0
10074.5
10050.5
10340.5
4200.0
8009.0
10077.0
9022.5
10568.0
6318.5
10499.5
454.0
3495.5
7625.5
8527.0
10541.0
4553.5
4173.0
6698.5
10166.0
5030.0
10274.0
3652.5
1546.0
3686.0
5066.0
9736.5
5157.0
10552.5
2063.5
8470.0
10244.0
10385.0
2737.0
10132.5
8544.5
10074.5
5235.5
10078.5
2236.0
10148.0
10254.0
10291.5
10370.5
8666.0
770.5
10119.5
10059.5
9989.0
10368.0
1686.0
6464.5
5645.0
9560.5
9450.5
10075.0
1833.0
7881.0
10200.5
2310.5
10077.0
8130.0
698.5
2947.0
1875.5
10374.5
2134.5
8834.5
10353.0
10208.0
2733.5
7854.5
10170.5
10402.0
10086.0
8489.5
7645.5
10491.5
10051.5
5525.0
10270.0
1316.5
4795.5
10135.0
2386.5
316.0
10918.0
3754.0
9037.5
10177.0
9416.0
1615.0
10491.0
3877.0
2670.5
10043.0
10415.5
10274.5
10145.0
9694.5
7995.5
10354.0
10192.5
10187.0
6977.5
3826.0
3427.5
9399.0
11395.5
8004.0
10218.5
3581.5
10307.5
10104.5
6597.0
3927.0
10259.5
7034.0
9447.5
7235.0
5580.5
7629.5
10279.5
8210.5
3713.5
10333.5
10466.0
5606.5
3892.0
848.5
2296.5
0
10049.5
8118.0
10267.5
10140.5
10055.5
8902.5
3109.0
6682.5
10214.0
10172.0
4314.5
0
10415.5
9930.5
10232.0
10162.5
2953.5
7770.5
10500.5
10301.5
10064.0
2265.5
10527.5
9563.0
10460.0
6325.5
10296.0
2702.0
3503.5
3010.5
10055.5
8813.0
9318.5
7169.5
10505.0
10469.5
7257.0
8113.5
9188.0
8743.0
9489.5
10554.0
5166.0
10212.0
9651.0
9838.5
8705.0
8072.5
10097.5
10238.0
10107.5
359.0
8970.5
10142.5
9269.0
7654.0
7067.0
6737.0
10487.5
8604.0
7667.0
10046.0
5210.5
10055.5
7980.0
10183.0
10519.5
10193.0
7612.5
10509.5
10238.5
11015.5
8987.5
10180.5
5362.5
10105.5
9286.5
2942.0
3784.0
7261.5
11087.5
10176.5
9121.5
10051.0
8373.5
8491.5
10226.0
5210.5
7574.0
10374.5
8535.5
4696.5
10147.5
7615.5
9521.0
10037.0
7994.0
9406.0
8514.0
9679.0
10502.0
10136.5
10066.0
4877.5
9957.5
5694.0
10262.5
0
10479.0
6420.0
7932.0
6062.5
9541.5
10112.5
10211.5
10497.5
8450.5
5653.0
10060.5
10505.5
9405.0
10406.5
10055.5
10265.5
8758.0
5184.5
8686.0
10095.5
6128.5
7733.0
8991.0
10190.0
10397.0
9045.0
9857.0
8324.0
8132.0
9537.0
10414.0
10463.0
8853.0
10049.5
6564.0
7284.0
10485.5
10093.0
10050.5
6499.5
7262.5
7568.5
10048.0
7640.5
10242.5
9026.5
8374.0
10350.5
1987.0
10049.5
9452.0
8825.0
6520.0
9993.0
9249.5
7718.0
10602.5
10231.0
7987.0
10317.5
7337.5
9856.0
9385.0
478.0
9881.0
9564.0
9019.0
1013.5
10416.5
10493.0
9882.5
10068.0
9430.0
0
10110.0
8397.5
9597.0
5679.5
9884.5
6281.0
7240.5
10069.0
6206.0
10604.0
9299.0
10113.0
10149.5
10048.0
9894.0
10126.5
5383.5
2354.0
9173.5
10246.5
8807.0
10053.0
9144.0
10043.5
9564.0
10786.0
9529.5
10115.5
10093.5
10130.0
9703.5
3255.5
9262.0
0
10512.5
10100.0
6766.5
9481.0
10042.0
10130.5
7317.5
10267.5
10208.0
8106.0
9476.0
68.0
10003.5
10665.5
10117.0
8252.5
9269.0
0
1174.5
7255.0
6800.5
8648.0
10114.0
8020.5
10317.5
10024.5
10131.5
3776.5
9111.0
10262.0
5876.0
10057.5
10059.0
1570.5
5881.5
10042.5
7869.0
10404.5
68.0
10147.0
5811.0
9557.0
7789.0
952.0
10320.0
5826.5
10131.5
10046.5
8926.0
9432.0
8112.0
4664.5
9497.5
1598.0
9584.5
5082.5
9353.5
1867.5
8505.0
8087.5
10142.0
9852.5
9972.5
7779.0
6723.5
10078.5
9880.5
10161.5
10354.0
9435.5
10376.5
8499.0
8992.5
10053.0
2973.5
9910.0
9500.0
9774.5
8856.0
1251.5
8367.5
7324.0
9586.5
8563.0
10285.5
10133.5
10080.0
5756.5
6942.0
1776.0
6503.5
8751.5
6239.5
9944.0
10093.5
9593.0
1022.5
10109.5
8938.5
10297.0
1747.0
7397.0
9002.0
4831.5
10145.5
7667.5
7116.5
10015.5
9041.5
10139.5
9145.5
8990.5
2318.0
6661.5
8555.5
10130.5
7926.5
8694.0
10385.0
9943.0
9493.0
9967.0
10154.5
10085.0
9092.5
9981.5
10339.0
10399.0
8334.0
10085.5
10046.5
9417.0
10130.0
8635.5
7850.5
8174.0
10315.5
10070.5
6124.5
10050.5
7645.5
8912.0
10193.5
10343.5
10045.5
9842.5
9235.0
2273.0
7857.5
9964.5
10294.0
3037.0
9113.0
2873.5
8568.0
5807.0
9058.0
9934.0
0
6451.0
1897.0
10329.5
2329.0
4365.0
10397.5
8337.5
10375.5
3079.5
10046.5
10274.5
10188.5
0
1508.0
6150.5
7559.5
9382.0
10114.0
9450.0
4558.0
7384.0
538.0
10110.5
10144.5
10187.0
6201.0
4275.0
9063.5
10212.0
10077.0
10187.0
6297.0
1961.0
10057.0
8294.5
0
10051.5
7574.5
9356.5
6129.0
5256.5
10181.5
8573.5
6283.5
736.0
10238.5
10134.5
7825.5
4113.0
128.0
8019.0
5627.5
4313.5
6131.5
4553.0
0
10062.5
8116.0
8348.0
10357.0
8398.0
9648.5
8784.0
10124.0
10055.0
9870.5
6849.5
9391.0
9736.0
8575.5
4598.5
8861.5
10521.0
2550.5
9167.0
8908.5
10063.5
10494.0
9468.5
10047.5
9592.0
10495.0
9250.0
9346.5
8991.0
9984.0
9065.5
10472.5
9569.0
10149.0
9455.5
10118.0
10668.5
10064.5
8674.5
8884.5
10225.0
8427.5
2294.0
9965.5
10211.0
7833.5
9602.0
7956.0
10408.0
10072.0
10055.5
9832.0
10048.5
10008.0
3752.0
10348.0
10694.0
10297.0
10406.0
8644.0
9010.0
0
10055.5
10090.0
10519.5
9815.0
10426.5
10176.0
10274.5
10073.0
2520.5
9792.0
10218.5
8163.5
10267.5
8463.5
8425.5
9560.0
7875.5
8697.0
8658.5
9138.5
8513.0
10334.0
8268.5
9859.0
10301.0
8522.0
9458.5
8971.0
9487.0
9015.0
10083.5
9468.5
10332.5
9994.5
9668.0
10114.5
1887.0
10051.0
7811.5
10082.5
5521.0
1496.0
10233.5
10127.5
8393.0
7627.5
9072.0
10129.0
10213.0
5273.5
5174.0
4951.5
8579.0
1449.0
3148.5
5629.5
5349.0
7306.5
9614.0
10290.5
8260.0
6173.5
9390.0
7505.5
10065.0
3420.5
1661.5
8475.5
3469.0
6944.5
10215.5
10058.5
8123.5
8826.5
10247.5
6814.0
9644.0
986.0
7275.5
10280.5
9174.0
5191.0
7495.0
10233.0
10047.0
10157.5
8175.0
9645.0
8982.5
1105.0
9260.5
7650.5
10503.0
3623.5
10053.5
9427.5
10024.5
9444.0
7667.5
8440.0
7466.5
8793.5
7948.0
8915.0
7041.0
8985.5
4415.0
6666.5
10393.0
6586.0
9640.5
8740.0
10056.5
7564.0
7651.5
10066.5
6821.0
138.0
9738.0
9869.5
9473.0
7189.0
5350.5
9908.0
9923.0
9831.5
9634.0
9952.5
8935.5
6655.0
8594.0
9864.0
7765.0
10067.0
10467.0
9190.5
10276.5
2359.5
8873.0
8032.0
10415.5
8121.5
7850.5
5766.0
7969.0
6049.0
9597.5
418.5
4095.0
5244.5
7987.0
6308.5
10134.5
10110.0
5613.5
7166.0
10392.0
6007.5
6931.5
4003.0
5525.5
7552.0
5759.0
7778.0
6511.5
7838.0
1233.5
7015.0
8780.5
2998.5
7658.5
8530.0
8814.5
9040.5
7602.0
2589.5
7023.0
6425.0
8897.5
9010.5
10049.5
8774.5
6489.5
8588.0
8224.5
9452.5
7412.5
9057.5
10192.0
6875.0
5636.0
8194.0
9742.0
8510.0
0
7077.0
8077.0
9921.5
9656.5
10082.0
10086.0
10129.5
8811.5
10513.0
8364.0
8438.0
3225.5
9706.5
4146.5
7981.5
10072.0
10021.5
5998.5
5434.0
126.5
3252.5
6127.0
10319.0
7780.0
7554.5
8448.5
4917.5
6632.0
8197.5
8440.5
10043.5
8440.5
10133.0
8275.0
8537.0
9243.5
7704.5
10135.0
7559.0
3252.5
2867.5
8853.0
8293.0
7309.0
6752.0
9064.5
9273.5
7687.5
6881.5
9025.0
7585.5
8079.0
8230.5
6781.5
8359.0
8823.0
7548.0
9482.5
6669.5
8065.0
10084.5
10254.5
1563.0
10139.5
10086.5
9774.5
5773.5
10114.0
4828.0
6290.5
10057.5
3553.0
8224.5
10053.0
10057.0
9057.5
8795.5
9990.5
9195.0
10156.0
5055.5
7125.0
7502.0
10121.5
10153.0
7623.0
9950.0
10559.5
10207.5
9390.0
4987.5
10071.5
10131.0
10498.5
8496.5
10070.0
8903.0
8707.5
10198.5
8667.0
10225.5
7757.0
10274.0
3176.0
10043.0
10210.0
9669.5
6512.0
10064.0
10074.5
9218.0
10062.0
10045.5
10066.5
10085.5
3710.0
9485.0
10066.5
1042.0
9926.0
9499.5
10060.0
8512.5
10057.0
9633.5
10051.5
10342.0
10057.5
10053.5
7729.0
10145.5
10771.0
10418.5
10056.5
10053.0
10085.5
10053.0
10053.0
9827.0
10308.0
6170.0
10123.5
11058.5
10148.5
10117.5
10186.5
10146.0
6444.0
2077.5
10196.0
8350.0
7881.0
10941.0
8111.0
10058.0
8127.0
4660.0
10712.0
3095.0
9533.0
10083.5
10174.5
9916.0
10046.5
3208.0
10376.0
10047.0
9940.0
7358.0
8907.5
8736.5
3652.5
10220.5
10045.5
10339.5
9113.5
8358.5
10162.5
10294.0
8330.5
10013.0
3659.0
8921.5
9881.0
9452.0
8082.5
10287.0
10058.5
10049.0
10087.5
8904.5
9637.0
10305.5
10458.5
8923.0
10335.5
10708.5
10513.0
10509.0
9928.5
10082.5
10772.5
10057.5
10196.5
758.5
6749.0
10073.5
10070.5
10118.5
10161.5
1551.5
10270.0
9915.0
8672.5
0
10195.0
9313.5
10252.5
9714.0
10261.5
10187.0
9906.5
10367.0
10097.5
8170.5
10264.5
10089.5
10266.0
9116.0
6034.0
6837.0
9311.0
7337.5
10495.0
10112.0
8776.5
10058.5
10110.5
10497.0
10918.5
10051.5
10040.5
10047.5
9895.5
7881.5
10054.5
7958.5
10207.0
9800.5
10259.5
9923.0
9750.5
10014.0
6570.0
10091.5
5585.0
10201.0
7286.5
10421.0
10058.5
9562.5
8903.5
10254.5
10048.0
9992.0
10225.0
10042.5
10079.0
10283.0
10046.0
10295.0
10107.5
10065.0
9143.5
10488.0
9072.5
9963.0
10186.0
10287.5
2892.0
9607.5
10055.5
10442.0
8434.5
4904.0
3956.0
10342.5
9201.0
7944.0
10521.5
5515.0
10058.5
9583.0
10266.5
10063.5
10050.5
6704.5
8790.0
6935.5
9155.0
10824.0
10548.0
10276.5
9522.0
8904.0
9528.5
4870.0
10056.0
10131.0
9763.5
10068.5
10503.5
9785.5
10062.0
9492.0
7790.5
10089.0
9009.5
10543.5
8533.5
1200.0
2179.5
10055.5
4021.5
6097.5
8543.0
7631.5
10063.0
10085.0
9236.5
11364.0
10273.0
6910.5
10335.0
10337.5
10185.0
10050.5
10059.5
10509.5
9135.0
10183.0
2327.0
10223.0
6339.0
10066.0
7875.0
9074.0
2360.0
10265.0
10396.5
9459.5
9234.0
10414.5
6853.5
10540.0
6617.0
9497.5
10053.0
10064.0
2996.0
10238.5
10046.5
8464.0
10060.0
10146.5
9715.5
7742.5
10287.0
9977.5
10318.5
9638.0
8858.5
6866.0
6561.5
7835.5
10123.5
5586.0
9012.0
10136.5
6289.0
4014.5
10122.0
8833.0
10652.5
6823.5
6294.5
10278.5
5573.5
10072.5
9729.5
10065.0
0
9828.0
10498.5
6169.0
10065.5
10441.0
10084.0
9727.5
10133.5
9393.5
10079.0
10061.0
10273.5
10211.0
10337.5
1094.5
6299.5
9712.0
10739.0
9404.0
10048.0
8993.5
10060.5
10261.0
11182.0
8789.5
10091.5
9341.0
8679.5
4281.0
9514.0
5981.0
9929.0
10241.5
3722.0
10374.0
10030.5
10017.0
8348.0
10618.5
10104.0
7133.0
10204.5
7484.0
10194.0
10256.0
9996.5
10261.5
10203.5
9700.0
9926.0
1621.0
10049.5
4544.5
10106.5
10642.5
10051.0
10429.5
10171.0
7622.5
10070.0
10264.0
8056.5
10252.5
7155.0
8314.0
10170.5
10372.0
6796.0
10260.0
5316.5
9699.0
10265.0
5486.5
5441.0
8866.5
9535.0
10177.5
8911.5
10287.5
10062.5
10514.0
5633.5
11055.0
10090.0
2421.0
10391.0
8480.5
7573.5
10296.0
10070.5
9676.0
10267.5
8892.5
10507.5
9694.5
7121.0
9098.0
10934.5
10526.5
10126.0
10515.5
11087.0
10878.0
9914.5
1542.5
7444.0
9949.5
6416.0
10071.0
10047.0
10288.0
1973.0
9922.5
10079.0
9953.5
10059.5
10511.0
10241.5
9978.0
10134.0
10042.0
2316.0
10194.0
9428.0
10705.5
10579.5
10065.5
10253.0
7454.5
7582.0
9811.0
8840.0
7510.5
10050.5
10057.5
10884.5
6133.5
10041.5
9447.5
10279.5
8433.0
10236.0
9737.5
6809.5
8054.0
6066.0
10611.5
10296.5
7470.0
10438.0
10095.5
10481.0
10339.5
10071.5
10035.5
10050.0
9434.5
3193.5
10051.5
0
8011.5
9877.5
10443.0
10323.0
5992.0
10061.5
5993.0
8520.5
7919.0
10104.0
7610.5
10366.5
10773.5
10062.0
7981.0
10218.5
8437.5
10230.5
10011.5
10067.0
9229.5
8113.5
5550.0
10520.0
5742.0
7182.5
10283.5
10129.0
9875.5
9636.0
7048.5
7856.0
6416.0
10383.0
9901.5
365.5
9928.5
10088.0
10088.5
9455.0
10056.0
10227.5
419.5
10486.5
3379.0
10123.5
2051.0
9428.5
9001.0
10305.5
68.0
10508.5
8099.5
7687.5
10497.5
8638.5
8387.0
10405.5
10425.5
10932.0
10942.5
9560.5
10081.0
10498.5
8481.5
10175.0
9220.0
10350.0
10543.5
10491.5
10505.5
10182.0
9901.5
9715.5
9927.0
6246.5
10057.5
8604.5
8739.5
10196.0
10153.0
10225.0
10367.5
10047.0
10059.5
10319.0
10481.0
8768.5
9364.0
4670.5
9273.0
10545.0
9055.5
8124.5
10290.5
9012.5
7526.5
9194.5
9859.5
10161.0
7762.5
3556.5
7883.0
7148.5
11030.0
9210.5
686.5
9908.0
10067.0
9134.5
10118.0
10226.5
9221.0
9058.5
8675.5
10507.5
9853.5
9111.0
9100.0
9526.5
9568.5
8337.5
10128.5
9725.0
9877.5
7022.0
1654.5
8763.5
10187.0
10456.5
2214.0
10385.0
8253.5
10251.0
10884.5
9967.5
10048.5
10059.0
10262.5
10051.5
8534.5

2617.5
10231.0
10501.0
10485.5
10282.5
10084.0
9866.5
3333.5
6780.0
0
10087.5
8299.0
7679.0
10164.5
10236.0
9285.5
6429.0
10362.5
10069.0
10196.5
7260.5
5091.0
8198.5
10178.5
9960.0
10397.5
10179.0
9362.0
10425.0
0
10047.5
8674.0
9133.5
10106.0
10099.5
9069.5
10053.0
9374.5
5659.5
10275.5
9066.5
10047.0
10308.0
10017.5
10371.5
8680.0
8874.0
2479.0
10141.5
10093.5
4688.0
10718.5
663.0
10132.5
10103.5
4013.5
9957.0
9663.0
10500.0
10287.0
10235.0
10179.5
10532.5
10483.0
9048.5
9689.0
9322.5
10141.0
10067.5
10105.0
10067.5
9994.0
10255.0
10081.5
10127.0
6194.5
10296.5
10461.5
8203.0
9453.0
10850.5
4837.0
9482.5
10624.5
10507.5
10176.0
10053.0
10505.5
9152.5
5391.0
8469.5
10485.5
10138.5
8608.0
8247.0
10200.5
10174.0
10375.0
10512.5
10326.5
8730.0
10109.5
9923.0
1927.0
8809.5
5287.5
10500.0
1973.5
1753.0
10208.5
10280.0
10088.0
10477.5
10392.5
0
10325.5
9012.0
8083.0
7539.5
10517.0
7793.5
7455.5
10291.5
3329.5
10709.0
7971.0
7530.0
8116.0
6450.5
10065.5
10094.0
9382.5
7272.5
10289.0
10221.5
9120.5
8792.5
10070.0
5935.5
0
9919.0
6695.0
4377.0
9719.5
8089.0
2423.0
10485.5
10306.5
8963.5
7122.5
1595.5
10279.5
68.0
10489.5
10172.5
9850.5
7895.0
10383.0
8999.5
10480.5
10410.0
5332.5
4404.5
8931.0
10500.0
3715.5
3668.0
9349.0
10501.5
1978.5
3218.0
10050.0
9540.5
10262.5
2889.0
3891.5

10292.5
10043.5
10314.5
1146.0
8317.0
10177.0
10463.5
5515.5
1157.5
10308.0
10072.5
10697.5
8967.5
8281.0
8277.0
10308.5
10283.5
10332.5
10108.0
10491.5
10003.5
8772.0
9257.0
10276.0
10131.0
1251.5
10478.5
10118.5
9075.0
10595.5
0
2.0
68.0
10165.5
5584.5
10496.5
7825.5
10303.0
9679.0
10371.0
9097.5
7509.5
8474.5
9899.5
10045.5
8490.5
10239.5
10382.0
7964.0
8478.5
7084.5
9620.0
10081.0
10350.0
3361.0
9103.5
9391.5
10335.5
7378.5
9917.0
716.0
9398.5
10158.5
10062.5
10150.0
10117.5
10487.0
10445.5
10049.0
10082.5
9675.0
9378.5
2950.5
7543.0
7552.0
7746.5
8999.5
10127.0
8951.5
10236.0
7892.0
10406.0
9971.5
9540.0
10101.5
10103.0
7488.0
8938.0
9014.0
6658.0
10562.5
9369.5
9000.0
10077.5
10169.0
9148.0
8430.0
10297.5
10228.5
9986.0
7520.0
2935.0
10105.0
10317.0
9804.0
10337.0
5331.5
9837.0
460.5
10062.5
8768.5
9779.0
8119.5
8051.5
6985.0
10288.0
8069.0
10099.5
10061.0
10181.0
10289.0
8393.0
7359.5
7782.0
10367.5
9275.0
7290.5
8326.5
10718.0
9603.5
4655.0
5589.0
4821.5
7769.5
6204.5
9381.5
8917.5
10214.0
9695.5
10494.5
7829.5
9271.0
10269.5
5373.0
7473.0
8617.0
8878.0
2614.0
0
10174.0
7125.5
9865.5
10052.0
8986.5
9877.0
10198.5
10192.5
10051.5
10031.5
9744.5
10233.5
5813.0
10838.0
3361.5
7960.0
7665.5
10371.5
9247.5
2499.5
7067.5
9262.5
9720.5
9327.5
8916.5
10206.5
9355.0
10236.5
10493.5
10512.0
3076.5
10320.0
10046.0
5916.0
2526.0
8591.5
2519.0
10080.5
10249.5
10344.0
9927.5
8728.0
10127.0
10187.5
1922.5
5912.5
10501.0
10466.5
4959.5
10126.0
9529.5
10230.0
10155.0
9722.5
10198.0
10208.5
10203.0
6091.5
10150.0
10262.5
10080.0
2523.5
10419.0
10147.5
10347.0
9518.5
10375.5
10124.5
10080.5
10045.5
10914.5
10239.0
10026.0
9686.0
10388.0
10505.5
10058.5
10173.0
10513.5
9858.5
9521.0
3615.5
10098.5
10330.5
10849.5
1018.5
7172.0
10130.0
9813.0
1895.5
9575.0
8753.0
10249.0
10476.0
10066.5
8785.0
10245.0
6586.0
2707.5
10195.0
10293.0
9581.0
8621.0
10289.0
10244.5
3192.0
2112.0
10242.0
9851.5
10143.0
10338.5
10277.5
10052.0
9989.5
10078.0
10220.5
10252.5
9849.5
10416.5
8901.5
10377.5
6549.0
8500.0
10230.0
8883.0
2802.0
2819.0
1576.0
10086.5
9473.0
10067.5
10285.5
10547.5
10124.5
10381.5
10043.5
8483.5
10303.5
10493.5
10209.0
10494.5
10302.0
5702.0
8628.0
10090.0
10207.0
10110.5
9944.0
10546.0
10128.5
9938.0
10523.5
10078.5
8645.5
10564.0
10054.5
10080.5
9166.5
6695.5
8994.0
3490.5
10730.5
9217.5
10413.0
7658.5
3643.0
10065.0
9913.0
9769.0
10251.5
8300.5
10162.5
9862.0
10492.0
10054.0
10063.0
8417.5
8687.0
10125.5
8462.5
10140.5
8861.0
10945.5
8160.0
9063.5
10096.5
9460.5
8387.5
316.0
9302.5
10228.5
9834.0
8094.5
5199.0
10302.5
9111.0
6954.0
8640.5
10059.5
947.0
9472.0
7745.5
9033.5
10077.0
9168.0
8786.0
9945.0
10512.0
10765.5
8499.5
8591.0
5107.5
10490.0
10163.0
7047.5
10547.0
10351.5
10779.0
10312.5
10410.0
7549.5
10264.5
7600.5
8875.5
9622.0
10621.5
8609.5
10170.0
5165.0
10088.0
8381.5
10351.5
68.0
10276.5
8560.5
9906.5
10450.5
8543.5
8039.5
10189.0
8863.0
7950.5
10125.0
8894.0
9853.0
10126.5
7706.0
9070.5
8079.5
10385.5
10110.5
9703.5
9108.5
10499.5
9838.0
10529.0
2959.0
10176.0
10226.0
8982.5
7991.0
10147.0
10521.0
10104.0
10444.5
9272.0
9492.0
5336.5
348.5
8174.0
10499.0
10628.5
10309.0
1027.0
8753.5
10041.5
9176.5
8367.5
9979.5
8988.5
5869.0
9265.5
8413.5
7032.5
10170.5
8571.5
8322.0
9753.5
10127.5
6718.5
8080.5
9249.5
10584.5
10497.5
3590.5
10293.0
9846.0
5317.0
6696.0
5661.5
3327.0
9145.0
9953.0
7454.5
9964.0
8725.5
10048.5
9004.0
6703.0
10182.5
6032.5
10774.5
4661.0
5491.0
9285.0
9719.0
9679.0
10754.0
10262.5
9107.5
9460.5
8459.0
10009.5
10254.5
10198.5
10294.5
8111.5
8615.5
9401.0
7466.0
10482.5
10077.5
6360.0
9036.0
10106.5
8717.5
9522.5
3637.0
10924.5
10044.0
10146.5
8233.5
7728.0
10936.0
8321.5
9019.5
8760.0
10046.5
8248.5
10119.5
6058.0
9344.5
8004.5
10105.0
1187.0
9526.5
9154.0
7826.0
10082.5
8112.5
8374.0
9284.0
8094.5
10235.0
8734.5
9240.5
8995.0
9972.0
9920.0
8639.0
8014.5
8326.0
2768.5
9525.5
8618.0
9848.5
10135.5
10049.0
10371.5
8131.0
594.0
10231.0
242.0
10160.0
7456.5
9667.0
2848.0
9494.5
4722.5
10111.0
6311.0
10105.5
575.0
9503.5
8389.5
10178.0
739.0
10492.0
8573.0
9945.0
9748.5
7908.0
9167.0
6314.0
9362.0
8399.5
10429.5
8123.0
10086.5
9195.5
9919.5
8410.0
9495.0
8608.5
10051.0
8672.0
10166.0
8395.0
10146.5
8792.5
10064.5
9314.5
8046.5
8496.5
9925.5
10096.0
8066.0
10396.0
10195.0
9814.0
9072.5
9529.0
10097.0
9795.0
2550.0
9954.0
10464.0
9075.0
10207.0
7831.0
8437.0
749.0
9881.5
9878.5
1839.0
10291.0
10161.0
2164.5
8640.5
9522.0
10424.0
302.0
10192.5
9336.5
